mass_1	mass_2	phase	time	distance	a_1	a_2	tilt_1	tilt_2	phi_12	phi_jl	theta_jn	psi	ra	dec
0.2849	0.31297	0.04698	0.65734	0.89983	0.07173	0.06594	0.24628	0.09231	0.04713	0.05018	0.11803	0.0466	0.43608	0.33084
0.28159	0.28116	0.04474	0.67556	0.89866	0.07493	0.06962	0.23835	0.09118	0.04848	0.04984	0.12408	0.04664	0.43871	0.34334
0.28079	0.28913	0.04554	0.67648	0.89949	0.07745	0.06708	0.22721	0.08875	0.04755	0.05326	0.12305	0.04592	0.44637	0.33326
0.27568	0.28851	0.04576	0.69414	0.90012	0.07272	0.06389	0.24299	0.09613	0.04662	0.05047	0.1248	0.04654	0.4358	0.3276
0.27541	0.29322	0.0452	0.69547	0.90066	0.0741	0.06446	0.23948	0.09227	0.04656	0.05005	0.12488	0.04702	0.43678	0.32899
0.27489	0.29471	0.04613	0.67826	0.89838	0.07464	0.06704	0.2347	0.09021	0.04731	0.05012	0.12463	0.04617	0.44185	0.32774
0.27838	0.30869	0.04591	0.68937	0.89998	0.07243	0.06711	0.23635	0.09017	0.0462	0.05031	0.12069	0.04506	0.43494	0.32992
0.2745	0.28595	0.04526	0.69072	0.89938	0.07429	0.06873	0.23002	0.08626	0.04791	0.04818	0.12011	0.04661	0.44094	0.33062
0.27572	0.2947	0.04596	0.68153	0.90041	0.07158	0.06753	0.23943	0.09103	0.04729	0.05019	0.12336	0.04555	0.43964	0.3319
0.27891	0.28823	0.04584	0.68202	0.8989	0.07404	0.0675	0.23326	0.08975	0.04738	0.04927	0.12091	0.04421	0.43953	0.33744
0.288	0.28758	0.04592	0.67533	0.89785	0.07387	0.0664	0.23357	0.09167	0.04699	0.04969	0.12619	0.0461	0.44094	0.33372
0.27443	0.28541	0.04555	0.68398	0.90007	0.07384	0.06754	0.23479	0.08911	0.0475	0.05088	0.1225	0.04729	0.43937	0.33656
0.27431	0.2895	0.04556	0.68643	0.89824	0.07523	0.06885	0.23615	0.09088	0.0467	0.05058	0.12261	0.04565	0.44143	0.33445
0.26916	0.29147	0.04531	0.69005	0.89963	0.073	0.0665	0.2384	0.09284	0.04747	0.049	0.12379	0.04529	0.44162	0.3362
0.27492	0.29324	0.0451	0.69242	0.89819	0.0739	0.06773	0.24288	0.08841	0.04719	0.04993	0.12212	0.04594	0.43858	0.32567
0.26932	0.28924	0.04649	0.68513	0.8999	0.07213	0.06761	0.23508	0.09298	0.04809	0.05091	0.12199	0.04576	0.43746	0.32948
0.26464	0.2901	0.0456	0.6773	0.89926	0.07628	0.06744	0.23586	0.08911	0.04856	0.04884	0.12375	0.04467	0.43415	0.33425
0.27914	0.28031	0.04501	0.67711	0.89942	0.07113	0.06791	0.23349	0.09218	0.04509	0.04964	0.12295	0.04591	0.43858	0.33275
0.2723	0.29421	0.04612	0.67446	0.89975	0.07302	0.0676	0.23407	0.08998	0.04807	0.04796	0.12458	0.04696	0.4395	0.33745
0.27524	0.28966	0.04717	0.68328	0.89921	0.07465	0.06917	0.2354	0.08927	0.0456	0.04994	0.12055	0.0451	0.43781	0.32728
0.27809	0.28244	0.04666	0.6716	0.89881	0.07124	0.06691	0.2354	0.09154	0.04616	0.04889	0.12133	0.04608	0.43668	0.32848
0.29166	0.29279	0.04598	0.68385	0.8992	0.07471	0.06567	0.23186	0.09137	0.04787	0.05056	0.12392	0.04671	0.44032	0.32941
0.26209	0.28341	0.04465	0.67606	0.89966	0.07311	0.06759	0.23356	0.09034	0.04625	0.05018	0.12442	0.04655	0.43901	0.33393
0.27006	0.2999	0.04466	0.6865	0.89737	0.07597	0.06802	0.23622	0.08708	0.04811	0.04907	0.12598	0.0465	0.43849	0.33718
0.26296	0.27876	0.04562	0.68605	0.89919	0.0724	0.06775	0.23423	0.08883	0.04619	0.0503	0.1223	0.04618	0.43703	0.33169
0.25529	0.32346	0.04657	0.67325	0.89865	0.0739	0.06815	0.23227	0.08968	0.04715	0.04835	0.12305	0.04646	0.43563	0.33123
0.2682	0.28819	0.04656	0.68385	0.89959	0.07253	0.06609	0.23303	0.09148	0.04691	0.04978	0.11907	0.0453	0.43959	0.33116
0.25736	0.32404	0.04543	0.67984	0.89873	0.07325	0.0685	0.23569	0.09244	0.04786	0.04961	0.12548	0.04444	0.43856	0.33135
0.26397	0.2906	0.04436	0.68072	0.9002	0.07233	0.06634	0.23217	0.09071	0.04747	0.04929	0.12305	0.04603	0.43992	0.33443
0.26855	0.34249	0.04787	0.69902	0.89904	0.07597	0.068	0.23414	0.08861	0.04777	0.04853	0.12327	0.04541	0.4394	0.33275
0.26589	0.29871	0.04523	0.67937	0.89999	0.07225	0.06572	0.23671	0.09135	0.04668	0.0479	0.12222	0.04617	0.4423	0.3311
0.2206	0.35459	0.04529	0.70259	0.89822	0.07631	0.06888	0.2256	0.09095	0.04739	0.04938	0.12142	0.04683	0.43939	0.33284
0.25461	0.31052	0.04545	0.67752	0.90092	0.0726	0.0671	0.23387	0.08954	0.0472	0.04918	0.12262	0.04542	0.44172	0.32793
0.20208	0.41247	0.04604	0.69063	0.8981	0.07448	0.06773	0.23666	0.09097	0.0484	0.04915	0.12411	0.04786	0.44368	0.32868
0.2652	0.29458	0.04501	0.68401	0.90096	0.07197	0.06729	0.23441	0.08994	0.04573	0.04957	0.12191	0.04509	0.44113	0.32592
0.18205	0.35243	0.046	0.67344	0.89972	0.07499	0.06778	0.22653	0.08975	0.04655	0.04901	0.123	0.04684	0.4408	0.32975
0.16909	0.32667	0.04627	0.67079	0.89878	0.0758	0.06696	0.23074	0.08846	0.04697	0.04957	0.12283	0.04922	0.43634	0.3332
0.27193	0.30469	0.04481	0.68147	0.90055	0.07113	0.06674	0.23566	0.09345	0.04669	0.04985	0.1234	0.04489	0.44303	0.33108
0.17158	0.36591	0.0458	0.67152	0.89915	0.07526	0.06781	0.22037	0.08989	0.04734	0.04947	0.12345	0.04724	0.44141	0.3282
0.27026	0.29062	0.04619	0.68351	0.90071	0.07254	0.06693	0.23454	0.09182	0.04604	0.04953	0.12512	0.04537	0.44388	0.33419
0.23115	0.35871	0.045	0.6765	0.89732	0.07454	0.06688	0.23507	0.08991	0.04866	0.04825	0.12112	0.04616	0.4349	0.32723
0.26579	0.28857	0.04478	0.67946	0.90106	0.07192	0.06717	0.23667	0.09235	0.04641	0.04987	0.1229	0.04638	0.43935	0.33351
0.21332	0.32863	0.04654	0.68799	0.8978	0.07557	0.06729	0.22825	0.09036	0.04856	0.0505	0.1201	0.04643	0.44079	0.32403
0.26466	0.29517	0.04492	0.68319	0.90236	0.07331	0.06571	0.23652	0.09051	0.04587	0.04845	0.12522	0.04571	0.43894	0.33345
0.22476	0.33117	0.04565	0.68846	0.89859	0.07573	0.0682	0.23297	0.08884	0.04792	0.04852	0.12253	0.04685	0.43874	0.32885
0.26975	0.29355	0.04499	0.68068	0.9016	0.07182	0.06737	0.23717	0.09154	0.04677	0.04875	0.12781	0.04452	0.4379	0.32865
0.19211	0.33474	0.04637	0.68603	0.89885	0.07474	0.06709	0.23106	0.08789	0.04788	0.04853	0.12376	0.04716	0.43765	0.33045
0.27264	0.29314	0.0452	0.68268	0.9008	0.0727	0.06666	0.23745	0.09064	0.04652	0.05058	0.12588	0.04576	0.4399	0.32931
