mass_1	mass_2	phase	time	distance	a_1	a_2	tilt_1	tilt_2	phi_12	phi_jl	theta_jn	psi	ra	dec
0.68592	0.58129	0.04858	0.77293	0.60049	0.09908	0.07194	0.01467	0.02599	0.04484	0.07069	0.44967	0.04779	0.4704	0.79768
0.68127	0.56307	0.0485	0.76067	0.6043	0.09596	0.07246	0.01629	0.02515	0.04738	0.07183	0.44282	0.04794	0.47024	0.80217
0.70449	0.57731	0.04699	0.7709	0.59655	0.0906	0.07315	0.01812	0.02701	0.04583	0.0734	0.44607	0.0475	0.47269	0.80554
0.68392	0.59226	0.0468	0.76203	0.60427	0.09779	0.07482	0.01518	0.02256	0.04512	0.07059	0.44392	0.04681	0.48937	0.79572
0.68198	0.5765	0.04577	0.78343	0.59603	0.09562	0.07554	0.01611	0.02449	0.04701	0.06889	0.44175	0.04726	0.47538	0.79888
0.68372	0.58258	0.04667	0.75904	0.59526	0.09711	0.07209	0.01652	0.02485	0.04626	0.07245	0.4464	0.04748	0.46118	0.80185
0.68296	0.58586	0.04632	0.76533	0.59381	0.09991	0.0737	0.01615	0.02457	0.04715	0.07178	0.4522	0.04748	0.47759	0.79832
0.68018	0.58264	0.04721	0.78407	0.60232	0.09467	0.07272	0.01652	0.02766	0.04568	0.06856	0.43703	0.04736	0.48036	0.80334
0.68494	0.57977	0.04646	0.77501	0.59313	0.09894	0.07167	0.01525	0.02622	0.04524	0.07357	0.44564	0.04746	0.47579	0.80509
0.68955	0.57555	0.04647	0.75684	0.59471	0.0965	0.07089	0.0168	0.02744	0.04555	0.07004	0.442	0.04813	0.48178	0.80637
0.68342	0.57289	0.04755	0.75042	0.60311	0.09409	0.07329	0.01637	0.02471	0.04608	0.06951	0.44364	0.04705	0.48066	0.80283
0.68382	0.58109	0.04619	0.77433	0.59478	0.09914	0.0729	0.01595	0.02543	0.04597	0.07082	0.44602	0.04792	0.49082	0.80467
0.68481	0.58122	0.04637	0.77026	0.60388	0.09624	0.07453	0.01571	0.0249	0.04591	0.07118	0.44503	0.04764	0.4863	0.80813
0.68457	0.58013	0.04581	0.75635	0.5891	0.09682	0.07253	0.01612	0.02407	0.04591	0.06974	0.44371	0.04786	0.47634	0.80317
0.68774	0.57997	0.04593	0.7733	0.60116	0.09402	0.0728	0.01496	0.02517	0.04768	0.06929	0.44359	0.04815	0.47861	0.8031
0.68538	0.59036	0.0458	0.79139	0.59005	0.09807	0.07329	0.01605	0.02452	0.04681	0.07168	0.44657	0.04558	0.47629	0.80183
0.69331	0.5763	0.04652	0.77179	0.60018	0.09466	0.0744	0.01605	0.02704	0.04705	0.07024	0.44508	0.04676	0.48599	0.80507
0.67868	0.60006	0.04713	0.78302	0.58644	0.09789	0.0725	0.01564	0.02521	0.04639	0.07064	0.4425	0.04715	0.4763	0.79981
0.68959	0.57582	0.04673	0.75672	0.5973	0.09747	0.07429	0.01751	0.02657	0.04661	0.07087	0.44975	0.0475	0.48077	0.80203
0.68758	0.58087	0.04789	0.79692	0.5996	0.09787	0.07092	0.01694	0.02618	0.046	0.0697	0.44772	0.04776	0.48203	0.80323
0.67655	0.60385	0.04671	0.75933	0.58919	0.09851	0.072	0.01539	0.02591	0.04557	0.07154	0.44662	0.04855	0.47104	0.80352
0.67892	0.58124	0.04619	0.77973	0.59451	0.09523	0.07333	0.017	0.02662	0.04807	0.07063	0.44762	0.04776	0.47933	0.80284
0.68082	0.60683	0.0472	0.765	0.58462	0.09717	0.07129	0.01592	0.02582	0.04501	0.07202	0.44521	0.04809	0.4813	0.80107
0.67937	0.58687	0.04666	0.76264	0.59621	0.0939	0.07445	0.0161	0.0274	0.04656	0.06962	0.44499	0.04902	0.46784	0.80575
0.68597	0.60616	0.04675	0.78335	0.58945	0.09704	0.07167	0.01567	0.02649	0.04598	0.06984	0.43988	0.04653	0.47682	0.80037
0.70022	0.59	0.04656	0.74875	0.59559	0.09636	0.07206	0.0159	0.02449	0.04664	0.07084	0.44762	0.04848	0.47469	0.8022
0.68544	0.60819	0.04722	0.77665	0.58532	0.09704	0.06972	0.01563	0.02553	0.04551	0.07253	0.44416	0.04769	0.47266	0.79927
0.69463	0.58339	0.04742	0.77349	0.59834	0.09414	0.07418	0.01863	0.02467	0.04668	0.07147	0.44419	0.04726	0.47263	0.80223
0.69733	0.58934	0.04591	0.7652	0.58463	0.09808	0.0722	0.0152	0.0266	0.04574	0.07023	0.44589	0.04727	0.47812	0.80314
0.6959	0.60013	0.047	0.77351	0.59925	0.09415	0.07272	0.01668	0.02703	0.04652	0.06976	0.44887	0.04748	0.47	0.79657
0.69795	0.60126	0.04638	0.75663	0.58598	0.09787	0.0729	0.01605	0.02536	0.04555	0.07055	0.44574	0.04824	0.47523	0.80111
0.72822	0.58837	0.04816	0.76922	0.60186	0.09491	0.0727	0.01978	0.02601	0.04602	0.07194	0.44888	0.04777	0.46954	0.80349
0.69267	0.60628	0.04753	0.75873	0.58308	0.09844	0.07383	0.01695	0.02686	0.04611	0.07161	0.44485	0.04706	0.475	0.80165
0.74203	0.61509	0.04648	0.77131	0.59459	0.09348	0.07379	0.01748	0.02631	0.0486	0.06993	0.44735	0.04931	0.48139	0.80282
0.68464	0.59144	0.04771	0.76083	0.58402	0.09488	0.07224	0.01647	0.02599	0.04557	0.07255	0.44422	0.0485	0.47829	0.80604
0.75606	0.56986	0.0473	0.77902	0.59819	0.09354	0.06926	0.02056	0.02707	0.04629	0.06919	0.44242	0.04701	0.47873	0.80144
0.77054	0.5804	0.0463	0.7427	0.5896	0.09298	0.07408	0.01766	0.0266	0.04523	0.07037	0.44798	0.04783	0.47371	0.799
0.68757	0.58784	0.04509	0.75292	0.58085	0.09582	0.07239	0.01575	0.02427	0.04596	0.07004	0.44125	0.04763	0.47843	0.80158
0.76844	0.61953	0.04757	0.76601	0.58995	0.0932	0.07041	0.0209	0.02631	0.04592	0.06937	0.44477	0.04828	0.47891	0.80385
0.69182	0.58795	0.04733	0.7751	0.58562	0.0977	0.07431	0.0165	0.02537	0.04457	0.06859	0.43714	0.04732	0.47551	0.80287
0.72293	0.57851	0.04591	0.75964	0.59435	0.09549	0.0736	0.01566	0.02521	0.04745	0.06924	0.44219	0.04883	0.48184	0.80492
0.6941	0.58301	0.04585	0.75776	0.58377	0.09755	0.07241	0.01536	0.02589	0.04679	0.07087	0.44088	0.04675	0.47458	0.80119
0.74936	0.59342	0.04613	0.75424	0.59506	0.09275	0.07285	0.01868	0.02751	0.04682	0.06973	0.44523	0.04899	0.48289	0.80247
0.70697	0.58975	0.04704	0.77179	0.58423	0.09772	0.07358	0.01624	0.02611	0.04652	0.07194	0.44202	0.04642	0.48383	0.80243
0.75042	0.57762	0.04661	0.79561	0.59286	0.0916	0.07285	0.01693	0.0279	0.0471	0.06996	0.44635	0.04655	0.48346	0.79835
0.69227	0.58449	0.04579	0.75577	0.58611	0.09517	0.07435	0.01601	0.02574	0.04561	0.06959	0.44398	0.04678	0.47779	0.80281
0.76547	0.57468	0.04741	0.77026	0.59289	0.09648	0.07348	0.0174	0.02583	0.04787	0.06812	0.44587	0.04813	0.48347	0.80002
0.69313	0.57632	0.04709	0.76058	0.58395	0.09579	0.07287	0.01593	0.02495	0.04544	0.07246	0.44128	0.04653	0.47197	0.7982
0.75376	0.59185	0.04663	0.77454	0.59176	0.09402	0.07078	0.01891	0.02767	0.04535	0.06885	0.44406	0.04795	0.48065	0.80378
0.69419	0.59324	0.04702	0.76683	0.5847	0.09723	0.07203	0.01605	0.02538	0.04539	0.0722	0.44092	0.04675	0.46957	0.8027
0.74074	0.56673	0.04784	0.75697	0.59366	0.09344	0.07262	0.02001	0.02586	0.04626	0.06956	0.44321	0.04651	0.47815	0.79969
0.67741	0.58565	0.04562	0.7849	0.5856	0.09654	0.07276	0.01638	0.0246	0.04434	0.07056	0.43891	0.04792	0.48193	0.80117
0.76098	0.57155	0.04667	0.76148	0.59015	0.09433	0.07382	0.01837	0.0264	0.04658	0.0698	0.44097	0.04667	0.46633	0.80028
0.68399	0.58324	0.04679	0.79012	0.58247	0.09885	0.07383	0.01644	0.02547	0.04595	0.07218	0.4374	0.04784	0.47536	0.79797
0.79108	0.58556	0.04583	0.77077	0.59087	0.0947	0.07234	0.02126	0.02604	0.04622	0.06876	0.44989	0.04757	0.48535	0.80073
0.69084	0.59197	0.04641	0.76517	0.58138	0.0961	0.07219	0.01709	0.02373	0.04666	0.06992	0.44209	0.04714	0.47702	0.79911
0.76951	0.58832	0.0463	0.75484	0.59061	0.09372	0.07366	0.02007	0.02759	0.04663	0.0708	0.44709	0.04627	0.48271	0.80426
0.66761	0.58305	0.04544	0.77527	0.58219	0.09827	0.07295	0.01648	0.02546	0.04513	0.07035	0.43823	0.0468	0.48465	0.80213
0.74241	0.56831	0.04588	0.75561	0.58988	0.09253	0.07138	0.0177	0.02612	0.04712	0.07129	0.44716	0.04607	0.47904	0.80044
0.68713	0.57412	0.04702	0.75165	0.58301	0.09607	0.07164	0.0165	0.02571	0.04523	0.07002	0.44282	0.04861	0.48044	0.80234
0.71671	0.56626	0.0483	0.78688	0.58528	0.09679	0.07626	0.01823	0.02664	0.04769	0.07022	0.44636	0.04778	0.48275	0.80241
0.69481	0.57866	0.04661	0.76754	0.5825	0.09729	0.07129	0.01719	0.02401	0.04474	0.07071	0.44294	0.04715	0.4797	0.80019
0.7845	0.58021	0.04608	0.7741	0.58889	0.09637	0.07279	0.01979	0.02628	0.04612	0.06961	0.45028	0.04662	0.48368	0.80251
0.70992	0.59009	0.04667	0.75611	0.58147	0.09795	0.07269	0.0173	0.02521	0.04587	0.0703	0.43809	0.04765	0.4797	0.80583
0.79147	0.57369	0.04513	0.76625	0.59102	0.09704	0.0709	0.01871	0.02708	0.04714	0.06876	0.447	0.04822	0.48306	0.79785
0.68602	0.58785	0.04489	0.75216	0.58111	0.09686	0.06995	0.01709	0.02743	0.04498	0.07048	0.44199	0.04766	0.47755	0.80001
0.77961	0.56058	0.04645	0.76276	0.58902	0.09542	0.07062	0.01734	0.02751	0.04739	0.0692	0.44197	0.04833	0.4806	0.80044
0.68714	0.59325	0.04627	0.78	0.57627	0.09682	0.07437	0.01666	0.02463	0.04486	0.07043	0.44122	0.04755	0.47476	0.80082
0.7214	0.56742	0.04743	0.77667	0.58879	0.08965	0.07291	0.01763	0.02586	0.04735	0.06877	0.44274	0.04837	0.48624	0.80225
0.67495	0.58355	0.04711	0.77026	0.57733	0.09573	0.07135	0.01617	0.02411	0.04607	0.07227	0.4439	0.04723	0.47898	0.80173
0.748	0.55711	0.04728	0.77191	0.58568	0.09496	0.07126	0.01858	0.02723	0.04674	0.07018	0.4463	0.04713	0.48715	0.8003
0.67911	0.58157	0.04567	0.78003	0.58034	0.09566	0.07213	0.01607	0.02462	0.04589	0.06954	0.4451	0.04705	0.47576	0.80347
0.78842	0.573	0.04687	0.77558	0.58767	0.09139	0.07186	0.02139	0.02608	0.04589	0.06769	0.44716	0.04701	0.4754	0.80227
0.68905	0.59112	0.04644	0.77772	0.57897	0.096	0.07118	0.01653	0.02414	0.04537	0.0721	0.43807	0.04732	0.47529	0.80409
0.78114	0.57616	0.04657	0.77874	0.58639	0.08875	0.07208	0.02007	0.0268	0.04534	0.06851	0.44696	0.04707	0.48109	0.79973
0.68494	0.58369	0.04827	0.78387	0.58052	0.09591	0.07533	0.01631	0.02446	0.04507	0.07023	0.44289	0.04659	0.46903	0.80117
0.7307	0.57791	0.04617	0.74893	0.58717	0.09552	0.07278	0.01593	0.02752	0.04602	0.06958	0.44567	0.04799	0.48233	0.79965
0.69287	0.59763	0.04549	0.77947	0.58224	0.09561	0.07388	0.01667	0.02506	0.04479	0.07023	0.43906	0.04805	0.47259	0.79791
0.74887	0.57943	0.04708	0.74952	0.58824	0.09292	0.07245	0.01793	0.0256	0.04665	0.06754	0.45196	0.04779	0.47315	0.79791
0.6827	0.59272	0.04628	0.7755	0.57915	0.098	0.07336	0.01607	0.02502	0.04744	0.07074	0.44121	0.04804	0.47101	0.80355
0.79844	0.55669	0.04621	0.76659	0.58162	0.09347	0.07222	0.01869	0.02631	0.04564	0.06848	0.44502	0.04734	0.46909	0.80065
0.68836	0.58036	0.04666	0.75811	0.57701	0.09623	0.07316	0.01608	0.02707	0.04632	0.07093	0.44392	0.0464	0.46924	0.7959
0.75117	0.58487	0.04867	0.77072	0.58534	0.09529	0.07158	0.01824	0.02762	0.04725	0.07025	0.44545	0.04805	0.47952	0.80164
0.68807	0.59463	0.04623	0.77286	0.57624	0.09774	0.07187	0.01562	0.02384	0.04578	0.06925	0.44441	0.04684	0.47421	0.79788
0.72053	0.60461	0.04646	0.77205	0.58253	0.09135	0.07251	0.01972	0.02652	0.04744	0.06918	0.44445	0.04732	0.47658	0.79594
0.6768	0.59228	0.04594	0.76226	0.57654	0.09785	0.0728	0.01756	0.02451	0.04527	0.07072	0.44519	0.04792	0.46823	0.79641
0.73131	0.55805	0.0467	0.76419	0.58758	0.0893	0.07234	0.01839	0.0274	0.04631	0.07	0.44651	0.04763	0.48476	0.80252
0.68861	0.57414	0.04651	0.77542	0.57653	0.09667	0.07567	0.01629	0.02533	0.04493	0.06944	0.43958	0.04669	0.47695	0.79922
0.72488	0.56322	0.0467	0.76259	0.58224	0.09217	0.07242	0.01876	0.02625	0.04682	0.07134	0.45045	0.04771	0.48605	0.80058
0.67009	0.58861	0.04517	0.78038	0.57352	0.09448	0.07165	0.01606	0.02538	0.0454	0.07057	0.43743	0.04746	0.46991	0.80094
0.76956	0.565	0.04825	0.74798	0.58153	0.09274	0.07069	0.01875	0.02703	0.04742	0.0683	0.44665	0.04753	0.4775	0.80119
0.68411	0.60177	0.04636	0.76781	0.5746	0.09798	0.07059	0.0167	0.02421	0.04544	0.07018	0.4442	0.04778	0.47289	0.79897
0.73842	0.56323	0.04654	0.76465	0.58761	0.09254	0.0719	0.01868	0.02591	0.04627	0.06955	0.44865	0.04754	0.48379	0.80738
0.68333	0.59818	0.04551	0.77485	0.57728	0.09769	0.07225	0.01661	0.02497	0.04588	0.0696	0.44333	0.04689	0.46641	0.80077
0.73894	0.57501	0.04584	0.77429	0.58735	0.09315	0.07025	0.01801	0.02598	0.04803	0.07137	0.44069	0.04691	0.47971	0.79962
0.69095	0.58807	0.04477	0.76008	0.57283	0.09512	0.07225	0.0164	0.02484	0.04558	0.07101	0.44484	0.04634	0.46723	0.80621
0.76881	0.59185	0.04639	0.77358	0.58117	0.09274	0.06927	0.01772	0.02721	0.04447	0.06746	0.44598	0.04834	0.47185	0.79594
0.68507	0.5995	0.0457	0.77263	0.57295	0.09771	0.07265	0.01685	0.02394	0.04446	0.06979	0.4397	0.0476	0.47478	0.80158
0.74629	0.56474	0.04566	0.76	0.58882	0.09353	0.07005	0.01682	0.02538	0.04647	0.07058	0.44465	0.04759	0.46595	0.79874
0.6933	0.5977	0.04495	0.78762	0.57072	0.09657	0.07282	0.01691	0.0245	0.04649	0.0707	0.44124	0.04723	0.47281	0.80161
0.71391	0.56916	0.04654	0.79092	0.5814	0.0928	0.07373	0.01894	0.02651	0.04557	0.06932	0.44729	0.04842	0.47391	0.79714
0.678	0.59685	0.0456	0.7635	0.56811	0.09595	0.07263	0.01606	0.02538	0.04392	0.06807	0.44487	0.04741	0.47416	0.80116
0.69299	0.57882	0.04761	0.77209	0.58212	0.09131	0.07272	0.01696	0.02666	0.04449	0.06746	0.44563	0.04659	0.47884	0.79882
0.68946	0.59116	0.04483	0.75789	0.56659	0.09467	0.07391	0.01696	0.02435	0.04489	0.06963	0.44666	0.0479	0.47082	0.79683
0.77619	0.57659	0.04676	0.77144	0.58393	0.08766	0.06867	0.01723	0.02547	0.04637	0.06836	0.44623	0.04648	0.47437	0.80183
0.68891	0.59889	0.04546	0.78866	0.56664	0.09652	0.07253	0.01725	0.02491	0.04608	0.07035	0.44398	0.04632	0.474	0.79637
0.7205	0.5532	0.0467	0.79027	0.58195	0.09179	0.06707	0.0189	0.02663	0.04667	0.06822	0.44797	0.04662	0.47698	0.80087
0.68902	0.59148	0.04592	0.77826	0.56493	0.09872	0.07134	0.01632	0.02514	0.0464	0.07196	0.44447	0.04742	0.47013	0.80434
0.72353	0.59026	0.0457	0.78421	0.57999	0.09226	0.07461	0.02427	0.02497	0.04605	0.07035	0.44863	0.04708	0.48573	0.79772
0.68116	0.60407	0.04643	0.77096	0.55651	0.09624	0.07338	0.01607	0.02579	0.04513	0.07024	0.44547	0.04654	0.46809	0.79751
0.6934	0.55957	0.0466	0.76162	0.57301	0.09195	0.07256	0.01798	0.02559	0.04641	0.07089	0.44642	0.0473	0.47805	0.79806
0.6692	0.58904	0.04582	0.77222	0.56398	0.09616	0.07346	0.01613	0.02621	0.04578	0.06932	0.44156	0.04725	0.46877	0.79934
0.70945	0.56188	0.0467	0.74831	0.58177	0.09102	0.07068	0.01831	0.02529	0.04744	0.06676	0.45158	0.04616	0.47483	0.80305
0.68452	0.59725	0.0465	0.7758	0.55946	0.09591	0.07267	0.01668	0.02505	0.04618	0.07059	0.44284	0.04649	0.47197	0.79572
0.72597	0.5858	0.04687	0.77812	0.57829	0.0931	0.07196	0.02083	0.02697	0.04695	0.06929	0.44639	0.04744	0.47095	0.80211
0.70243	0.58704	0.04589	0.78074	0.56108	0.09653	0.0742	0.01673	0.02376	0.04483	0.06991	0.43918	0.04701	0.47834	0.79985
0.70924	0.58027	0.04579	0.78066	0.57357	0.08875	0.06851	0.01858	0.02706	0.04575	0.06877	0.4478	0.04554	0.47637	0.80385
0.67544	0.58158	0.04595	0.76891	0.55948	0.09593	0.07307	0.01615	0.02375	0.04636	0.07019	0.43879	0.0474	0.46853	0.79689
0.70302	0.58002	0.0456	0.77594	0.57664	0.09381	0.07252	0.01832	0.0264	0.0471	0.0697	0.44675	0.04707	0.4632	0.8003
0.67904	0.59789	0.04628	0.77087	0.55459	0.09687	0.0719	0.01673	0.02431	0.04362	0.07034	0.44484	0.0467	0.4746	0.8003
0.74616	0.57233	0.04837	0.77724	0.58647	0.09251	0.07119	0.01945	0.02514	0.04604	0.06827	0.44739	0.04748	0.46916	0.79911
0.67163	0.59762	0.04639	0.76094	0.55894	0.09684	0.07333	0.01629	0.02352	0.04701	0.06953	0.44196	0.04743	0.48082	0.80105
0.71997	0.55109	0.04597	0.76142	0.57985	0.09311	0.07097	0.01927	0.0272	0.04574	0.06829	0.4472	0.04736	0.47974	0.80589
0.69417	0.60057	0.04563	0.77415	0.55627	0.09821	0.07226	0.01563	0.02392	0.04607	0.06972	0.44242	0.04541	0.47905	0.80116
0.72277	0.56641	0.04519	0.7789	0.57922	0.09257	0.07251	0.01716	0.02488	0.04679	0.06811	0.44974	0.0479	0.4686	0.80134
0.69609	0.59301	0.04513	0.7581	0.55369	0.09638	0.07188	0.01575	0.02556	0.04449	0.06988	0.43837	0.04724	0.47953	0.80204
0.69272	0.59016	0.04483	0.76658	0.58068	0.09272	0.07119	0.01721	0.02715	0.04594	0.07029	0.44723	0.04714	0.47859	0.80515
0.67566	0.5868	0.04626	0.77307	0.55732	0.09724	0.07226	0.01553	0.02373	0.04479	0.06917	0.44042	0.04686	0.47341	0.80204
0.71888	0.55695	0.04817	0.77665	0.58104	0.09263	0.06864	0.02014	0.02541	0.04577	0.06885	0.45128	0.04752	0.47271	0.80198
0.68446	0.59105	0.04576	0.75493	0.55497	0.09642	0.07223	0.01607	0.0241	0.04434	0.06951	0.44251	0.04643	0.47417	0.80051
0.6991	0.58534	0.04703	0.78309	0.58035	0.09415	0.06991	0.02411	0.02713	0.0472	0.06853	0.45116	0.04733	0.47741	0.79865
0.67825	0.59995	0.04622	0.75624	0.55313	0.09665	0.0708	0.01629	0.02548	0.04579	0.07033	0.4373	0.04767	0.47704	0.79885
0.68761	0.57995	0.04729	0.77152	0.58001	0.09393	0.07172	0.01761	0.02758	0.04485	0.06974	0.44294	0.0477	0.47529	0.80562
0.69713	0.58411	0.04601	0.77844	0.55096	0.09562	0.07292	0.01575	0.02573	0.04426	0.0679	0.44168	0.04624	0.4729	0.79819
0.72814	0.57396	0.0465	0.77835	0.57894	0.08978	0.06914	0.01888	0.02509	0.04748	0.06744	0.44866	0.0477	0.47317	0.80515
0.68903	0.60025	0.04483	0.77685	0.54956	0.09774	0.07426	0.01641	0.02446	0.0459	0.07043	0.43741	0.04652	0.46579	0.80139
0.7057	0.55135	0.04647	0.78461	0.57358	0.09171	0.07125	0.02277	0.02641	0.04609	0.07023	0.45098	0.0475	0.47577	0.80157
0.67513	0.59981	0.04495	0.75477	0.54166	0.09763	0.07214	0.0161	0.02566	0.0441	0.07081	0.44144	0.04675	0.46421	0.80507
0.72383	0.58885	0.04451	0.75993	0.57888	0.0921	0.07107	0.01768	0.02769	0.0466	0.06825	0.4457	0.04558	0.48477	0.79934
0.70538	0.58252	0.04684	0.77676	0.54234	0.09572	0.07005	0.01708	0.02418	0.04696	0.06839	0.4395	0.04654	0.46913	0.7988
0.69342	0.57009	0.04693	0.77352	0.57669	0.09214	0.06848	0.01784	0.0256	0.04708	0.06607	0.45001	0.04684	0.48034	0.79847
0.68916	0.5868	0.04563	0.77913	0.54537	0.09522	0.07195	0.01596	0.02346	0.04588	0.06987	0.44235	0.04661	0.46617	0.79988
0.70062	0.56501	0.04555	0.7808	0.57387	0.09269	0.06999	0.01747	0.02703	0.04543	0.06762	0.45045	0.047	0.47021	0.8026
0.70042	0.59641	0.04607	0.77709	0.54482	0.09568	0.07367	0.01627	0.02519	0.04613	0.06996	0.44004	0.04652	0.4724	0.80575
0.68979	0.58682	0.04629	0.75995	0.57161	0.09242	0.07462	0.01651	0.02716	0.04668	0.06956	0.44532	0.04763	0.45856	0.79842
0.68872	0.58463	0.04435	0.76738	0.54465	0.09778	0.07209	0.01644	0.02501	0.04527	0.07065	0.44694	0.04544	0.47088	0.79724
0.69613	0.585	0.04735	0.77127	0.57633	0.09196	0.07041	0.01435	0.026	0.04546	0.06729	0.44478	0.046	0.47209	0.80037
0.68979	0.60391	0.04497	0.78169	0.54898	0.09664	0.07289	0.01681	0.02274	0.04579	0.06933	0.43942	0.04658	0.46466	0.79829
0.71064	0.57807	0.04648	0.77716	0.57102	0.08992	0.07099	0.02062	0.02557	0.04585	0.07033	0.45205	0.04854	0.47309	0.80018
0.67121	0.60494	0.04485	0.78098	0.54454	0.09564	0.07231	0.01714	0.02507	0.04489	0.06979	0.43986	0.04493	0.46191	0.80935
0.69775	0.56359	0.04624	0.74867	0.56734	0.09139	0.06972	0.01727	0.02449	0.04665	0.06804	0.45386	0.04685	0.48476	0.80336
0.679	0.59265	0.04507	0.78589	0.54618	0.09417	0.07308	0.01678	0.0244	0.04451	0.06911	0.44315	0.0474	0.46987	0.8037
0.66872	0.57478	0.04664	0.76023	0.56651	0.09147	0.07016	0.01719	0.02605	0.04529	0.06862	0.45265	0.04737	0.48149	0.79866
0.68308	0.60093	0.0456	0.78066	0.54624	0.09664	0.0731	0.0162	0.02513	0.0445	0.06904	0.44256	0.04691	0.47396	0.8044
0.68292	0.58304	0.04556	0.7587	0.5682	0.0948	0.06964	0.01716	0.02608	0.04579	0.06872	0.45049	0.04591	0.48079	0.80117
0.67735	0.61508	0.04519	0.7909	0.54546	0.09591	0.07281	0.01573	0.02534	0.04515	0.06937	0.43974	0.04542	0.47853	0.79946
0.71462	0.57876	0.04575	0.77038	0.57314	0.09211	0.07306	0.01692	0.02574	0.04645	0.06753	0.44741	0.04601	0.48167	0.80421
0.6724	0.59814	0.04474	0.76953	0.5459	0.09819	0.07163	0.01595	0.02467	0.04605	0.06955	0.44155	0.04702	0.47663	0.80347
0.68991	0.56225	0.04469	0.77899	0.56349	0.09279	0.07245	0.01792	0.02547	0.04723	0.06741	0.45252	0.04627	0.47727	0.79598
0.69766	0.58758	0.04606	0.77483	0.54264	0.09503	0.06898	0.01612	0.0252	0.04442	0.06947	0.44495	0.04617	0.47021	0.79874
0.69881	0.58872	0.04696	0.75086	0.56535	0.09416	0.07215	0.01902	0.02526	0.04532	0.06814	0.44933	0.04655	0.47931	0.80004
0.67902	0.59838	0.04526	0.787	0.5364	0.09532	0.0724	0.01681	0.02495	0.04559	0.07103	0.43912	0.04659	0.47037	0.80292
0.66562	0.57921	0.04582	0.75454	0.56875	0.09207	0.07088	0.01568	0.02645	0.04584	0.06743	0.44729	0.0477	0.47214	0.80354
0.66785	0.60637	0.04402	0.7859	0.53708	0.09438	0.07492	0.01548	0.0251	0.04625	0.07081	0.44387	0.04661	0.46836	0.79942
0.69097	0.56685	0.04537	0.76046	0.56476	0.09417	0.07381	0.01467	0.0252	0.04426	0.06698	0.44825	0.04709	0.46865	0.8049
0.68315	0.58082	0.04518	0.78414	0.54143	0.09649	0.07165	0.0155	0.02417	0.04598	0.06999	0.44194	0.04521	0.46821	0.80291
0.71234	0.57481	0.0468	0.74965	0.56694	0.09289	0.0727	0.01943	0.02678	0.04479	0.06877	0.45099	0.04591	0.47573	0.8029
0.67195	0.60227	0.04508	0.77748	0.53759	0.09664	0.07261	0.01626	0.02493	0.04506	0.06892	0.44351	0.04517	0.48179	0.80296
0.67293	0.58544	0.04646	0.79131	0.56122	0.09073	0.07191	0.02119	0.02676	0.04627	0.06824	0.45109	0.04703	0.4695	0.79882
0.68376	0.58972	0.04457	0.77744	0.53776	0.09654	0.07158	0.01643	0.02453	0.04588	0.07131	0.44062	0.04639	0.47647	0.80149
0.69108	0.58895	0.04489	0.74418	0.56414	0.09448	0.0708	0.01867	0.02709	0.04687	0.07149	0.44888	0.04809	0.47067	0.79865
0.67562	0.59249	0.0457	0.78359	0.54143	0.09562	0.07095	0.01675	0.02363	0.04511	0.06848	0.4456	0.04612	0.47496	0.80201
0.67489	0.56711	0.04691	0.75514	0.56533	0.09368	0.07031	0.01747	0.02835	0.04692	0.06636	0.44787	0.04655	0.47438	0.8053
0.67522	0.61063	0.04477	0.7672	0.53626	0.09414	0.07331	0.01684	0.02275	0.04396	0.06844	0.44889	0.04605	0.47947	0.80133
0.67184	0.56584	0.04578	0.77418	0.56747	0.09261	0.07279	0.01565	0.0263	0.04507	0.06668	0.44585	0.04702	0.47763	0.8042
0.67091	0.60143	0.04525	0.76744	0.53162	0.09598	0.07306	0.01704	0.02472	0.046	0.07096	0.4457	0.04518	0.47949	0.80165
0.68505	0.58749	0.04491	0.76998	0.5664	0.09445	0.0735	0.01635	0.02653	0.04525	0.06844	0.44385	0.04577	0.47072	0.80094
0.68143	0.59143	0.04471	0.77401	0.53677	0.0977	0.07349	0.01504	0.02325	0.04547	0.07123	0.44864	0.04474	0.47372	0.79786
0.67481	0.5443	0.04435	0.7846	0.56511	0.09204	0.07296	0.0191	0.0256	0.04586	0.06903	0.44624	0.04674	0.48289	0.79952
0.67946	0.60321	0.04554	0.78272	0.53538	0.09714	0.0717	0.01616	0.02507	0.0454	0.06833	0.44323	0.04527	0.47057	0.80281
0.69165	0.57406	0.04579	0.77005	0.56689	0.0971	0.07205	0.01686	0.02682	0.04512	0.06859	0.44871	0.04524	0.4846	0.79801
0.67643	0.60554	0.04519	0.75264	0.53704	0.09585	0.07218	0.01654	0.0247	0.046	0.069	0.44248	0.04527	0.47784	0.79936
0.68856	0.59412	0.04558	0.7782	0.56602	0.09351	0.07085	0.01896	0.02626	0.04521	0.06783	0.4411	0.04734	0.47096	0.79712
0.68195	0.60405	0.04647	0.78851	0.53739	0.09633	0.07276	0.01698	0.02559	0.04644	0.07277	0.44164	0.04523	0.47036	0.79915
0.71284	0.5676	0.04592	0.75342	0.56159	0.09263	0.07246	0.0171	0.02842	0.04753	0.06964	0.44749	0.04673	0.4832	0.80287
0.683	0.58724	0.04503	0.78387	0.5377	0.09524	0.07173	0.0167	0.02588	0.04442	0.06823	0.44597	0.04501	0.47304	0.79942
0.70254	0.56118	0.0448	0.74462	0.56402	0.09112	0.07234	0.01795	0.02706	0.0465	0.06658	0.44915	0.04627	0.47606	0.79869
0.68522	0.58778	0.04472	0.77341	0.53384	0.09584	0.07173	0.01547	0.0243	0.0461	0.07132	0.44301	0.04457	0.46586	0.79894
0.70556	0.56181	0.04499	0.78342	0.55683	0.09268	0.07128	0.01851	0.02601	0.04622	0.06597	0.44872	0.04583	0.46385	0.80385
0.68252	0.59108	0.04485	0.77094	0.53947	0.09525	0.07172	0.01539	0.0251	0.04435	0.07035	0.43888	0.04498	0.46967	0.79371
0.65269	0.59796	0.04609	0.74451	0.55903	0.09693	0.07065	0.0225	0.02624	0.04596	0.06703	0.44916	0.04705	0.47714	0.79692
0.67893	0.58953	0.04581	0.76962	0.53669	0.09356	0.0694	0.01633	0.02489	0.04623	0.06809	0.44221	0.04444	0.47421	0.8049
0.68032	0.56659	0.04649	0.77817	0.55754	0.08919	0.07114	0.01991	0.02674	0.04683	0.07082	0.44623	0.04749	0.47214	0.80285
0.6806	0.60105	0.04512	0.77916	0.54217	0.09496	0.07313	0.01621	0.02646	0.04436	0.06997	0.4397	0.04447	0.47475	0.80257
0.68736	0.57169	0.0458	0.77024	0.55999	0.08882	0.0718	0.01766	0.02775	0.04678	0.06835	0.44374	0.04569	0.46169	0.79518
0.67183	0.5917	0.04487	0.78531	0.53383	0.09485	0.07439	0.0163	0.02465	0.04632	0.06988	0.44279	0.04577	0.4714	0.79929
0.70572	0.59232	0.04604	0.76428	0.55679	0.09082	0.07133	0.01889	0.02708	0.04689	0.06718	0.44821	0.04688	0.47289	0.80356
0.68481	0.58239	0.04558	0.78087	0.53397	0.09571	0.07262	0.01681	0.02323	0.0448	0.06839	0.44006	0.04441	0.46436	0.80035
0.70147	0.57404	0.04533	0.75707	0.55983	0.09164	0.07368	0.02	0.02696	0.04545	0.06562	0.44663	0.04538	0.47374	0.80303
0.68343	0.59448	0.04561	0.7666	0.52702	0.09937	0.07371	0.01625	0.02428	0.04625	0.06881	0.4404	0.04542	0.46878	0.79986
0.67858	0.57504	0.04703	0.78775	0.55997	0.09133	0.07078	0.01969	0.02601	0.04996	0.06836	0.44866	0.04633	0.48137	0.79768
0.6743	0.60117	0.04492	0.77857	0.53375	0.09456	0.07199	0.01537	0.02302	0.04562	0.06913	0.44298	0.04402	0.47839	0.80345
0.69539	0.58106	0.04645	0.78092	0.56136	0.09303	0.07078	0.01747	0.02779	0.0458	0.06765	0.44804	0.04696	0.47603	0.80075
0.69123	0.59263	0.04489	0.78957	0.53239	0.09561	0.07195	0.01591	0.02444	0.04472	0.06955	0.4435	0.04419	0.47161	0.80266
0.67434	0.53996	0.04662	0.77194	0.55445	0.09553	0.07194	0.01952	0.0276	0.04621	0.0695	0.45137	0.0456	0.49183	0.80346
0.67787	0.59272	0.04518	0.76817	0.53247	0.09526	0.06966	0.0168	0.02355	0.04586	0.06927	0.4414	0.04455	0.47009	0.80031
0.66613	0.57023	0.04597	0.76272	0.5546	0.09101	0.07093	0.0185	0.02667	0.0469	0.06749	0.44986	0.04714	0.47288	0.80682
0.67806	0.58607	0.04374	0.77267	0.53461	0.09445	0.07469	0.01606	0.02472	0.0461	0.06951	0.44122	0.04474	0.47247	0.80683
0.72437	0.57908	0.04397	0.77605	0.55708	0.09482	0.07036	0.01906	0.02636	0.04688	0.06666	0.44881	0.04638	0.46834	0.79933
0.68227	0.60177	0.04601	0.76858	0.53964	0.09499	0.07296	0.01535	0.02362	0.0445	0.06834	0.44141	0.04453	0.47372	0.80545
0.66394	0.57083	0.04481	0.75326	0.5527	0.0975	0.07115	0.02373	0.026	0.04778	0.06834	0.44847	0.04811	0.48231	0.80535
0.68014	0.58652	0.04716	0.76648	0.52734	0.09786	0.07288	0.01659	0.02627	0.04601	0.07003	0.43605	0.04382	0.47798	0.80196
0.69892	0.56498	0.04537	0.77695	0.54806	0.09352	0.07271	0.01994	0.02781	0.04698	0.06986	0.45108	0.0473	0.46513	0.79844
0.6849	0.59519	0.04491	0.78184	0.53373	0.09792	0.07381	0.01463	0.02561	0.04655	0.07046	0.44393	0.04418	0.46891	0.79693
0.69983	0.57713	0.04586	0.74588	0.55093	0.09505	0.07057	0.02131	0.02948	0.04705	0.06857	0.45038	0.04666	0.46624	0.80307
0.68222	0.59956	0.04734	0.79115	0.53024	0.09778	0.07434	0.01591	0.0253	0.04435	0.07056	0.44756	0.04369	0.47309	0.79891
0.70659	0.56432	0.04724	0.76078	0.54989	0.09024	0.06993	0.02198	0.02715	0.04687	0.06906	0.44618	0.04567	0.46794	0.80311
0.66801	0.58843	0.04463	0.77427	0.53313	0.09338	0.07183	0.01714	0.02432	0.04505	0.06816	0.45125	0.04501	0.46607	0.80147
0.6704	0.55785	0.04623	0.77704	0.56029	0.09933	0.07174	0.02082	0.02603	0.04533	0.06764	0.44875	0.04651	0.46706	0.80015
0.66901	0.60202	0.04469	0.79333	0.53561	0.09405	0.07132	0.01649	0.02586	0.04671	0.0713	0.44711	0.04379	0.47243	0.80211
0.67708	0.59326	0.04556	0.7844	0.55164	0.09288	0.07012	0.02253	0.02513	0.04581	0.06865	0.45028	0.04558	0.45742	0.80545
0.69174	0.59008	0.04473	0.79322	0.53406	0.09758	0.07287	0.01697	0.02615	0.04539	0.06948	0.44392	0.04379	0.47508	0.80817
0.70246	0.56616	0.04635	0.78073	0.55093	0.08978	0.07507	0.0205	0.02662	0.04812	0.07151	0.45444	0.04725	0.47236	0.80271
0.67448	0.58741	0.04537	0.77013	0.53156	0.09397	0.07175	0.01652	0.02428	0.0455	0.07013	0.44268	0.0447	0.47139	0.79762
0.65469	0.56945	0.04649	0.78309	0.54822	0.095	0.07094	0.02172	0.02513	0.04725	0.06715	0.44557	0.04686	0.4782	0.80199
0.6694	0.5984	0.04503	0.77527	0.52794	0.09697	0.0732	0.01568	0.02563	0.04609	0.07234	0.44249	0.04356	0.47595	0.8035
0.75328	0.59259	0.0461	0.76941	0.5567	0.09291	0.07236	0.02019	0.02721	0.04461	0.06824	0.45264	0.04625	0.46958	0.80092
0.67686	0.58629	0.04488	0.75591	0.52097	0.09498	0.07248	0.01553	0.02526	0.04381	0.07107	0.44035	0.04408	0.46996	0.80119
0.71668	0.55128	0.0468	0.74782	0.55559	0.09285	0.07207	0.01973	0.03029	0.05105	0.06636	0.45738	0.047	0.48051	0.79684
0.68236	0.60543	0.04532	0.78061	0.52587	0.09425	0.07374	0.01596	0.02495	0.04576	0.06907	0.43919	0.04295	0.47093	0.79829
0.69554	0.56123	0.04622	0.74862	0.5533	0.09561	0.07025	0.02073	0.02908	0.0466	0.06829	0.44497	0.04607	0.44976	0.80177
0.67938	0.57994	0.04411	0.78641	0.52928	0.09513	0.07377	0.01635	0.02569	0.0457	0.06749	0.43555	0.04325	0.47927	0.79892
0.72274	0.56928	0.04492	0.77388	0.55274	0.0932	0.0744	0.02143	0.02611	0.04891	0.06819	0.45512	0.04577	0.47245	0.80579
0.70075	0.57882	0.04498	0.76111	0.53157	0.09511	0.07231	0.01577	0.02513	0.04533	0.07034	0.44284	0.04212	0.47557	0.79925
0.70103	0.53388	0.04433	0.76883	0.55654	0.09331	0.07149	0.02985	0.02933	0.05023	0.06874	0.44436	0.04612	0.45269	0.79961
0.66807	0.59554	0.04437	0.78669	0.52244	0.09459	0.07089	0.01612	0.02354	0.04512	0.0684	0.43919	0.042	0.48263	0.80204
0.72053	0.58624	0.04767	0.78883	0.55803	0.09157	0.07061	0.02048	0.02761	0.0479	0.07033	0.44589	0.04651	0.47169	0.80527
0.67773	0.5878	0.04483	0.77998	0.53262	0.09772	0.07155	0.01681	0.02416	0.04622	0.06899	0.43715	0.04342	0.47584	0.79843
0.65123	0.54696	0.04554	0.76686	0.55639	0.09355	0.07946	0.02053	0.0278	0.04701	0.06774	0.45084	0.04716	0.46113	0.80391
0.67683	0.57565	0.04439	0.78528	0.528	0.09736	0.07285	0.01705	0.02501	0.0455	0.06925	0.44211	0.04187	0.46822	0.79851
0.76574	0.56571	0.04649	0.76937	0.5552	0.09493	0.07079	0.02048	0.02992	0.04808	0.06839	0.45202	0.04635	0.47547	0.8024
0.67984	0.58876	0.04614	0.78367	0.52606	0.0951	0.07391	0.01748	0.02442	0.04563	0.07071	0.43949	0.04326	0.46889	0.80371
0.72333	0.54345	0.04592	0.79172	0.54627	0.09263	0.07316	0.01967	0.02706	0.04672	0.07014	0.44848	0.04577	0.46336	0.80936
0.67833	0.58854	0.04501	0.77767	0.52644	0.09877	0.07383	0.01806	0.0245	0.04554	0.07074	0.44236	0.04138	0.46925	0.80427
0.76819	0.56367	0.04589	0.7795	0.55661	0.09209	0.07913	0.01929	0.02954	0.04972	0.06862	0.44395	0.04586	0.47259	0.80415
0.69348	0.59196	0.04603	0.78994	0.52295	0.09362	0.07352	0.01591	0.02557	0.04546	0.07153	0.44399	0.04142	0.46636	0.79914
0.66469	0.542	0.04805	0.79967	0.55033	0.09473	0.06905	0.02096	0.02471	0.05095	0.0697	0.44991	0.04552	0.4743	0.80271
0.66609	0.58179	0.04552	0.75899	0.52771	0.09341	0.07335	0.01678	0.024	0.04497	0.06783	0.44265	0.04216	0.46633	0.80308
0.66089	0.55209	0.04728	0.77597	0.54579	0.09439	0.07189	0.02346	0.02676	0.05007	0.07329	0.44215	0.04576	0.47648	0.80008
0.67932	0.60081	0.04548	0.78615	0.52352	0.09405	0.0726	0.0167	0.02453	0.04543	0.07016	0.4417	0.04083	0.46456	0.79882
0.73657	0.54181	0.0475	0.77766	0.55644	0.09309	0.07255	0.02243	0.02541	0.04683	0.06535	0.44793	0.0469	0.48089	0.7979
0.69401	0.59273	0.04482	0.77047	0.52387	0.09848	0.0714	0.01494	0.02591	0.0447	0.07244	0.43729	0.04145	0.47476	0.80301
0.68591	0.56735	0.04684	0.76581	0.55312	0.08719	0.07475	0.01941	0.03227	0.04904	0.07057	0.44599	0.04678	0.46679	0.79866
0.68269	0.59468	0.0447	0.78197	0.52372	0.09718	0.07194	0.01576	0.02484	0.04539	0.06962	0.44243	0.0411	0.46627	0.80247
0.67568	0.51908	0.04949	0.79062	0.54965	0.09364	0.06785	0.0197	0.02933	0.04627	0.06977	0.44886	0.04623	0.46912	0.8015
0.68462	0.60387	0.04574	0.78195	0.52553	0.09826	0.07272	0.01752	0.02405	0.04625	0.06946	0.44205	0.04151	0.4773	0.79759
0.73699	0.56013	0.04421	0.77442	0.54784	0.09032	0.07307	0.01928	0.0302	0.05004	0.07003	0.44564	0.04518	0.47702	0.80074
0.6881	0.58735	0.0455	0.79504	0.52538	0.09523	0.07528	0.01781	0.02751	0.04688	0.07167	0.43909	0.03951	0.46931	0.7997
0.64844	0.53334	0.04599	0.76518	0.55561	0.09393	0.07081	0.01885	0.03019	0.05022	0.06783	0.44192	0.04674	0.48147	0.80442
0.69531	0.60188	0.04412	0.77419	0.52318	0.09506	0.07185	0.01789	0.02644	0.04489	0.06909	0.44002	0.04097	0.47137	0.80386
0.69411	0.54595	0.04692	0.78656	0.54481	0.09288	0.07354	0.01661	0.02659	0.0476	0.07095	0.44692	0.04685	0.47051	0.80487
0.69436	0.58861	0.04522	0.76883	0.5292	0.09584	0.07188	0.01779	0.02467	0.04633	0.06903	0.44377	0.04118	0.46614	0.80895
0.69426	0.55896	0.04691	0.77986	0.54399	0.09671	0.0677	0.01946	0.03073	0.04619	0.06631	0.44752	0.04566	0.46415	0.80261
0.69377	0.58447	0.04529	0.78062	0.52391	0.09553	0.07406	0.015	0.02398	0.04523	0.07058	0.44313	0.0391	0.47235	0.80227
0.68239	0.61192	0.04754	0.77672	0.54048	0.09389	0.07595	0.02299	0.02824	0.04868	0.06991	0.445	0.04596	0.48112	0.80833
0.69856	0.57731	0.04618	0.76614	0.52168	0.0949	0.07519	0.01693	0.02374	0.0462	0.07112	0.44244	0.0397	0.47338	0.79705
0.71695	0.55395	0.04838	0.76656	0.55065	0.09203	0.07096	0.01918	0.02751	0.04883	0.06895	0.45241	0.04512	0.45658	0.79686
0.70675	0.57652	0.04451	0.77248	0.52117	0.0954	0.07098	0.01814	0.02307	0.0463	0.06941	0.44052	0.03857	0.47155	0.79638
0.73132	0.57888	0.04705	0.77211	0.53788	0.09112	0.07036	0.02426	0.028	0.04432	0.06918	0.44257	0.04678	0.48144	0.80023
0.6814	0.59677	0.04429	0.79303	0.51929	0.09643	0.07289	0.01658	0.02449	0.04468	0.06833	0.44282	0.03836	0.47632	0.80657
0.72925	0.58617	0.04648	0.7708	0.54768	0.09785	0.07287	0.02081	0.02806	0.04865	0.07161	0.44523	0.04602	0.45127	0.79945
0.67723	0.5961	0.04548	0.78479	0.5188	0.09684	0.07333	0.01696	0.02516	0.04774	0.07034	0.44541	0.03923	0.47874	0.80217
0.67906	0.56838	0.04683	0.75656	0.54066	0.09839	0.07483	0.01983	0.02832	0.05053	0.06814	0.44503	0.04532	0.48525	0.7932
0.73921	0.54811	0.04632	0.78473	0.53764	0.09693	0.07272	0.02344	0.03318	0.05002	0.06816	0.44428	0.04646	0.46509	0.79488
0.69482	0.59057	0.04562	0.76816	0.52331	0.09617	0.07411	0.01621	0.02533	0.0444	0.06835	0.44118	0.03841	0.48413	0.7991
0.7615	0.55284	0.04588	0.79143	0.53994	0.09466	0.07044	0.01838	0.02913	0.04621	0.06667	0.44398	0.04623	0.47895	0.80148
0.70429	0.56931	0.04573	0.7989	0.52509	0.09489	0.07446	0.01786	0.02516	0.04607	0.06704	0.43798	0.03836	0.46982	0.79689
0.67172	0.5509	0.04701	0.78249	0.54788	0.09549	0.07183	0.02046	0.02697	0.04766	0.06689	0.4473	0.04565	0.46245	0.79832
0.70285	0.58857	0.0456	0.76358	0.52706	0.09397	0.07567	0.01774	0.02391	0.04675	0.07162	0.44788	0.03839	0.46061	0.80154
0.69112	0.55052	0.04902	0.77851	0.53907	0.09619	0.0744	0.01923	0.0286	0.04896	0.06956	0.4479	0.04648	0.46861	0.80532
0.70878	0.57576	0.0456	0.78803	0.52518	0.09805	0.07037	0.01672	0.02505	0.04579	0.07319	0.44345	0.03852	0.47398	0.80268
0.77556	0.55427	0.04706	0.79617	0.54168	0.09571	0.0733	0.01907	0.02828	0.04726	0.06579	0.45448	0.04513	0.46334	0.8006
0.69279	0.5915	0.0446	0.76083	0.52066	0.09624	0.07269	0.01668	0.02451	0.04522	0.06612	0.4377	0.03839	0.46864	0.80742
0.70135	0.54685	0.04747	0.79234	0.55312	0.09777	0.07269	0.01854	0.03659	0.04797	0.06773	0.44891	0.04673	0.44845	0.79889
0.6837	0.5651	0.04476	0.766	0.522	0.09655	0.07167	0.01652	0.02373	0.04679	0.06626	0.44253	0.03854	0.46728	0.80353
0.72367	0.56127	0.04794	0.79661	0.53683	0.09156	0.07344	0.02242	0.02991	0.04677	0.06732	0.44991	0.04662	0.45958	0.80192
0.68631	0.57346	0.04621	0.78156	0.51397	0.09382	0.07509	0.01615	0.02393	0.04496	0.06899	0.43759	0.03759	0.47405	0.79979
0.69541	0.60844	0.04812	0.77248	0.53996	0.09295	0.07117	0.021	0.02856	0.05046	0.06696	0.44102	0.04714	0.46645	0.80387
0.68906	0.59987	0.04555	0.76566	0.523	0.09517	0.07259	0.0175	0.02654	0.0452	0.07077	0.43815	0.03732	0.47062	0.79843
0.74626	0.56554	0.04817	0.79107	0.54753	0.09617	0.07531	0.02138	0.02892	0.04713	0.06965	0.44597	0.04426	0.45089	0.80269
0.67876	0.58225	0.04323	0.77811	0.53475	0.09542	0.07196	0.01627	0.02735	0.04545	0.06881	0.44136	0.03771	0.47241	0.7976
0.69798	0.56972	0.04499	0.77762	0.53829	0.0925	0.07348	0.02392	0.0293	0.04818	0.06903	0.44656	0.04524	0.46402	0.80487
0.68099	0.57051	0.04509	0.77222	0.52304	0.09843	0.07239	0.01703	0.02587	0.04496	0.07221	0.43432	0.03698	0.47783	0.79811
0.66573	0.57835	0.04675	0.79181	0.54179	0.09582	0.07245	0.01584	0.03165	0.04661	0.06768	0.44366	0.04551	0.45621	0.80347
0.69184	0.58836	0.04355	0.79199	0.52928	0.09564	0.07286	0.01666	0.02557	0.04653	0.06681	0.44229	0.03682	0.46275	0.79509
0.6838	0.56995	0.0449	0.77154	0.54325	0.09455	0.07382	0.01892	0.0274	0.04987	0.07004	0.44147	0.04441	0.44876	0.80381
0.6857	0.57267	0.04443	0.78315	0.52818	0.09644	0.07215	0.01748	0.0248	0.04621	0.06844	0.44184	0.03501	0.47205	0.79982
0.74089	0.62605	0.04678	0.76878	0.55317	0.09248	0.07162	0.02123	0.03685	0.04869	0.06701	0.43794	0.04398	0.46153	0.80469
0.68134	0.58377	0.04407	0.76807	0.51856	0.0969	0.07245	0.018	0.02573	0.04451	0.07408	0.44215	0.03626	0.47324	0.79941
0.71105	0.5509	0.05113	0.77359	0.55308	0.09371	0.07746	0.02569	0.03562	0.0522	0.07157	0.44463	0.04564	0.44694	0.80261
0.66002	0.57969	0.04529	0.79078	0.53245	0.09667	0.07559	0.01541	0.02579	0.04601	0.0704	0.44446	0.03561	0.47557	0.80137
0.6956	0.56255	0.04724	0.78115	0.55039	0.09307	0.07764	0.02089	0.02584	0.04829	0.06595	0.45073	0.04452	0.45986	0.80718
0.67111	0.56299	0.04466	0.76072	0.52704	0.09607	0.07202	0.01767	0.02536	0.04654	0.0698	0.44438	0.03558	0.47782	0.8008
0.74623	0.54262	0.04798	0.77496	0.54335	0.09299	0.07183	0.02324	0.02737	0.04663	0.0695	0.44302	0.04509	0.46575	0.79933
0.68702	0.57748	0.04361	0.77612	0.52592	0.0953	0.07195	0.01645	0.02603	0.04616	0.06794	0.44161	0.0356	0.47178	0.79653
0.77415	0.58212	0.04694	0.78262	0.54529	0.09648	0.06958	0.02036	0.03758	0.0531	0.0676	0.44254	0.0452	0.46883	0.80648
0.69038	0.60032	0.04438	0.76267	0.53388	0.09579	0.07451	0.01857	0.02672	0.04526	0.07085	0.43737	0.03562	0.47711	0.80508
0.74607	0.56107	0.04849	0.78131	0.54575	0.10171	0.06949	0.01663	0.03018	0.05028	0.06619	0.44833	0.04521	0.46176	0.80388
0.67507	0.60181	0.0442	0.77046	0.52208	0.09742	0.07184	0.01786	0.026	0.04506	0.07019	0.4403	0.03489	0.47686	0.80465
0.6937	0.57438	0.04733	0.75515	0.54065	0.09064	0.0741	0.02677	0.0296	0.04851	0.06938	0.4426	0.04471	0.48606	0.79946
0.68567	0.57973	0.04521	0.76985	0.53064	0.09591	0.07478	0.01711	0.0257	0.0455	0.06993	0.44522	0.0345	0.47921	0.80342
0.68656	0.5566	0.04793	0.76866	0.54861	0.09546	0.07593	0.02218	0.03163	0.05327	0.06743	0.44169	0.04656	0.47826	0.79686
0.65895	0.57951	0.04486	0.76961	0.52733	0.0956	0.07418	0.01768	0.02456	0.04619	0.07004	0.44532	0.03429	0.4735	0.80243
0.75488	0.53579	0.04749	0.79116	0.54122	0.09523	0.07275	0.01978	0.02965	0.04724	0.06799	0.44558	0.04661	0.45787	0.79728
0.67994	0.58104	0.04463	0.79141	0.52757	0.09616	0.07216	0.01715	0.0264	0.04611	0.06942	0.44181	0.03382	0.47174	0.80768
0.66285	0.55988	0.04635	0.77707	0.53747	0.09322	0.06987	0.01933	0.02817	0.04934	0.06603	0.44846	0.04535	0.46979	0.79894
0.67449	0.57814	0.0447	0.78856	0.5218	0.09731	0.07534	0.01931	0.02693	0.04745	0.06906	0.44728	0.0336	0.47626	0.8064
0.74927	0.58475	0.04797	0.76358	0.54573	0.08908	0.07148	0.02288	0.03559	0.0544	0.07357	0.44137	0.04662	0.47371	0.80302
0.68498	0.59161	0.04436	0.7834	0.52157	0.09434	0.07312	0.01672	0.02893	0.04637	0.06837	0.43671	0.03391	0.47193	0.80376
0.71594	0.5675	0.04795	0.78369	0.5377	0.09308	0.07592	0.02156	0.03176	0.04665	0.06846	0.45157	0.04338	0.46358	0.80287
0.68617	0.58211	0.04482	0.77569	0.51656	0.09882	0.07203	0.01681	0.02514	0.04602	0.07091	0.44001	0.03382	0.47501	0.80314
0.67211	0.56318	0.04948	0.75709	0.53524	0.08953	0.06679	0.01946	0.02903	0.05244	0.06974	0.44444	0.04717	0.46256	0.80475
0.6728	0.57082	0.04523	0.77777	0.52407	0.09831	0.07236	0.01777	0.02475	0.04586	0.07165	0.44264	0.032	0.47674	0.80096
0.80348	0.5762	0.04503	0.77942	0.54605	0.0907	0.0729	0.02051	0.02943	0.05845	0.06827	0.44364	0.04443	0.45381	0.79838
0.64836	0.58662	0.04313	0.78217	0.52737	0.09369	0.07361	0.01602	0.02468	0.0464	0.06958	0.44346	0.03168	0.46742	0.8048
0.67112	0.575	0.05	0.77442	0.54968	0.09538	0.07299	0.02624	0.02911	0.04945	0.06642	0.44893	0.04633	0.48014	0.80304
0.69016	0.56927	0.04419	0.78331	0.52293	0.09646	0.07052	0.0188	0.0251	0.04602	0.0694	0.44308	0.03244	0.46916	0.80225
0.70168	0.54198	0.0502	0.74976	0.55228	0.0879	0.06966	0.02147	0.04379	0.05722	0.06992	0.44332	0.04631	0.45593	0.80597
0.66353	0.57417	0.04432	0.80004	0.52302	0.09762	0.07519	0.01672	0.02673	0.04567	0.06926	0.44526	0.03265	0.47635	0.80233
0.72879	0.5805	0.04838	0.77537	0.54399	0.09715	0.07135	0.02161	0.02478	0.05197	0.07227	0.44248	0.04552	0.47309	0.80381
0.66135	0.58818	0.04483	0.78463	0.52578	0.09548	0.07411	0.01473	0.0271	0.04485	0.07043	0.43898	0.03264	0.47591	0.80595
0.65653	0.58383	0.04623	0.77362	0.53914	0.09544	0.06981	0.02585	0.02879	0.05176	0.07103	0.44674	0.04317	0.45186	0.79899
0.67858	0.57694	0.04502	0.78731	0.51818	0.0947	0.07429	0.01618	0.02617	0.04647	0.07039	0.44132	0.03139	0.48434	0.80325
0.73467	0.54878	0.05002	0.77726	0.54345	0.08617	0.07291	0.02617	0.02759	0.04907	0.06766	0.44821	0.04579	0.47319	0.80093
0.66905	0.58815	0.04505	0.79746	0.52185	0.09581	0.07672	0.01478	0.02593	0.04529	0.07056	0.44317	0.03087	0.47814	0.79907
0.72341	0.57977	0.05736	0.78039	0.54161	0.09714	0.06928	0.01851	0.03033	0.04935	0.0734	0.44087	0.04494	0.45862	0.79888
0.68614	0.57921	0.04413	0.76744	0.52577	0.09808	0.07255	0.01735	0.02377	0.04434	0.0674	0.43872	0.03067	0.46793	0.80206
0.71348	0.57345	0.04823	0.77961	0.55418	0.08974	0.07153	0.02199	0.03054	0.05473	0.0703	0.45076	0.04587	0.44512	0.80407
0.67107	0.58807	0.04518	0.79285	0.52045	0.09336	0.07052	0.01615	0.02604	0.0468	0.07054	0.4413	0.03069	0.47826	0.79624
0.74724	0.53702	0.04802	0.80763	0.56	0.09095	0.07121	0.03994	0.03446	0.06961	0.07026	0.43791	0.04598	0.45542	0.8013
0.68192	0.58062	0.044	0.7811	0.52966	0.0936	0.07337	0.01722	0.02631	0.04619	0.07009	0.4396	0.02981	0.47311	0.80068
0.75824	0.55314	0.0504	0.76246	0.54833	0.09347	0.07595	0.01617	0.03813	0.05503	0.0725	0.44829	0.04542	0.46918	0.79733
0.68611	0.58178	0.04424	0.78353	0.52736	0.09535	0.07291	0.01612	0.02404	0.04503	0.06792	0.44464	0.02994	0.46699	0.80091
0.78315	0.56561	0.04656	0.76929	0.54228	0.0903	0.07089	0.02124	0.02817	0.05316	0.06953	0.44489	0.0443	0.4618	0.79852
0.65503	0.57982	0.04494	0.76636	0.53068	0.09816	0.07323	0.01718	0.02615	0.04683	0.06923	0.44048	0.02985	0.47413	0.7995
0.66439	0.57548	0.04861	0.76066	0.54165	0.09762	0.07173	0.02425	0.02541	0.05157	0.06856	0.44736	0.04602	0.44012	0.80309
0.65888	0.56938	0.04542	0.77978	0.52625	0.09386	0.07581	0.01647	0.02841	0.04504	0.07143	0.4307	0.03025	0.47671	0.80019
0.82106	0.53849	0.05308	0.78517	0.55659	0.10131	0.07373	0.02205	0.03566	0.05439	0.06866	0.4473	0.04559	0.45679	0.79902
0.67907	0.57825	0.04464	0.76861	0.52177	0.09663	0.07602	0.01637	0.02396	0.0452	0.07169	0.44085	0.03023	0.4709	0.79676
0.83439	0.54883	0.04872	0.79442	0.5525	0.08938	0.07381	0.02511	0.03013	0.0577	0.07141	0.45791	0.04468	0.4541	0.80967
0.66318	0.58637	0.04519	0.77596	0.52223	0.09583	0.07207	0.01702	0.0249	0.0463	0.07056	0.44525	0.02869	0.46492	0.80276
0.73837	0.53054	0.0476	0.79387	0.55038	0.09983	0.07353	0.02489	0.0294	0.05278	0.06826	0.44704	0.04486	0.46075	0.80487
0.69794	0.60487	0.04443	0.77661	0.5157	0.09529	0.07109	0.01736	0.02577	0.04635	0.0689	0.4408	0.02959	0.47163	0.80701
0.68725	0.60382	0.04879	0.78075	0.54449	0.09358	0.0697	0.0159	0.03439	0.05138	0.06933	0.4488	0.04479	0.46666	0.80294
0.67618	0.55878	0.04495	0.78113	0.52	0.0947	0.07344	0.01733	0.02568	0.04453	0.07034	0.43693	0.02913	0.4696	0.79815
0.70094	0.56696	0.04723	0.78426	0.53602	0.09083	0.07494	0.02208	0.0328	0.05314	0.07239	0.43655	0.04454	0.46924	0.80019
0.68706	0.58373	0.04506	0.77424	0.52502	0.09611	0.07429	0.01554	0.025	0.04733	0.06808	0.44087	0.02975	0.46996	0.80402
0.74542	0.57263	0.04916	0.80511	0.55908	0.0898	0.07518	0.02343	0.03037	0.05229	0.0691	0.44689	0.04523	0.4693	0.80109
0.67152	0.58294	0.04485	0.76685	0.51659	0.09788	0.0741	0.01761	0.0248	0.04659	0.06804	0.43969	0.0288	0.47166	0.80213
0.67482	0.55668	0.04824	0.76223	0.53956	0.09585	0.07709	0.02752	0.02654	0.05373	0.07121	0.45462	0.04503	0.47077	0.8008
0.6812	0.59507	0.04545	0.77816	0.5225	0.0964	0.07147	0.01557	0.02469	0.04506	0.07003	0.43763	0.02893	0.47575	0.79725
0.67682	0.56073	0.04827	0.77716	0.53932	0.09286	0.07202	0.02794	0.03193	0.05253	0.07399	0.44242	0.04513	0.4461	0.80238
0.68497	0.59349	0.04375	0.78139	0.5243	0.0962	0.07331	0.01616	0.02645	0.04578	0.07123	0.43811	0.02888	0.47261	0.79993
0.73349	0.58446	0.04992	0.79446	0.54694	0.10252	0.07673	0.02353	0.029	0.05743	0.0691	0.44484	0.04492	0.49965	0.80505
0.68217	0.58593	0.04498	0.78506	0.52472	0.09377	0.07443	0.01545	0.02623	0.04386	0.0682	0.43694	0.0282	0.46709	0.80384
0.75007	0.5495	0.04548	0.77019	0.53759	0.09772	0.07228	0.02055	0.033	0.05321	0.07957	0.44539	0.04456	0.45037	0.79409
0.69529	0.58317	0.04498	0.776	0.52434	0.09303	0.07344	0.01531	0.02589	0.04634	0.0685	0.44119	0.02836	0.46176	0.80362
0.68184	0.56837	0.04863	0.78191	0.55229	0.0967	0.0766	0.01601	0.02521	0.05292	0.0639	0.44639	0.0453	0.46387	0.80022
0.69993	0.59378	0.0452	0.78572	0.52427	0.09431	0.07539	0.01747	0.02566	0.04646	0.07066	0.44499	0.02756	0.47465	0.80325
0.69725	0.56092	0.04537	0.7862	0.54553	0.09093	0.07365	0.02046	0.03534	0.05121	0.06522	0.44487	0.04575	0.46463	0.79812
0.68569	0.58747	0.0455	0.79357	0.52804	0.09452	0.07383	0.01757	0.02576	0.04507	0.06998	0.44166	0.02773	0.47969	0.80273
0.68879	0.55209	0.04691	0.78288	0.54525	0.09709	0.07565	0.01889	0.03259	0.05077	0.07785	0.4391	0.04389	0.44468	0.80505
0.69328	0.57359	0.0445	0.779	0.52763	0.09709	0.07328	0.01682	0.02324	0.04428	0.06992	0.43849	0.02799	0.47054	0.80563
0.71576	0.60444	0.05092	0.77739	0.54517	0.0956	0.07409	0.02094	0.0325	0.05663	0.06685	0.44609	0.04339	0.44379	0.8067
0.68334	0.57853	0.04555	0.7999	0.52278	0.09728	0.0763	0.0167	0.02707	0.04551	0.06987	0.44462	0.02681	0.48074	0.80355
0.71014	0.54687	0.04867	0.76827	0.52459	0.09419	0.07107	0.02117	0.03147	0.04767	0.06684	0.45036	0.04362	0.45265	0.79976
0.69775	0.59949	0.04493	0.77524	0.52643	0.09554	0.07591	0.01703	0.0228	0.04523	0.06978	0.44246	0.0273	0.48059	0.80501
0.69481	0.53772	0.04639	0.78756	0.54156	0.09098	0.07346	0.01828	0.02378	0.04954	0.06738	0.44374	0.04525	0.49687	0.80116
0.68502	0.59402	0.04503	0.77887	0.52288	0.09698	0.07299	0.01764	0.0246	0.04522	0.0676	0.43695	0.02675	0.47532	0.79985
0.68941	0.55307	0.05072	0.78822	0.53343	0.09699	0.0707	0.01727	0.02998	0.05152	0.06842	0.44662	0.04429	0.44546	0.79692
0.69415	0.59217	0.04493	0.77836	0.52745	0.09639	0.07253	0.01699	0.026	0.0444	0.06817	0.44217	0.02661	0.4681	0.8003
0.82968	0.53621	0.04514	0.75994	0.55201	0.09657	0.07876	0.01544	0.02914	0.05387	0.06587	0.44219	0.04374	0.45698	0.80292
0.71914	0.59539	0.04591	0.80607	0.52228	0.09818	0.0761	0.01588	0.02229	0.0456	0.0704	0.43458	0.02644	0.47047	0.80392
0.7726	0.55643	0.04704	0.78958	0.53996	0.09222	0.06972	0.02139	0.02434	0.05213	0.06584	0.45717	0.0432	0.47201	0.80269
