mass_1	mass_2	phase	time	distance	a_1	a_2	tilt_1	tilt_2	phi_12	phi_jl	theta_jn	psi	ra	dec
0.92425	0.8659	0.04831	0.58598	0.5294	0.05388	0.05623	0.20301	0.05097	0.04606	0.04573	0.16327	0.04772	0.14182	0.08911
0.92827	0.86353	0.04788	0.6217	0.53835	0.05354	0.05632	0.19719	0.04966	0.04767	0.04624	0.16692	0.04917	0.14505	0.09206
0.92319	0.85663	0.04721	0.62563	0.53076	0.05657	0.05421	0.18081	0.04756	0.04692	0.04702	0.17254	0.04534	0.13886	0.08759
0.92548	0.8679	0.04766	0.62573	0.54376	0.05378	0.05513	0.2007	0.05384	0.04556	0.04676	0.17092	0.04546	0.13691	0.08851
0.92592	0.87149	0.04683	0.63452	0.53725	0.05507	0.0552	0.19731	0.04881	0.0459	0.04626	0.16959	0.04813	0.13759	0.08667
0.92352	0.86063	0.04635	0.62708	0.53414	0.05222	0.05393	0.19148	0.04759	0.04744	0.04564	0.16815	0.04792	0.13692	0.08868
0.92386	0.86439	0.04689	0.63743	0.52702	0.05558	0.05518	0.19219	0.04934	0.04665	0.04649	0.16629	0.04718	0.13727	0.08758
0.92653	0.86098	0.04717	0.63207	0.5395	0.05407	0.05395	0.19056	0.04644	0.04841	0.04705	0.16427	0.04876	0.13849	0.09061
0.92565	0.87161	0.04746	0.63345	0.52638	0.05528	0.05639	0.19547	0.04825	0.04581	0.04629	0.1667	0.04656	0.13632	0.08768
0.92892	0.85678	0.04797	0.64352	0.53238	0.05197	0.0534	0.19009	0.04513	0.04685	0.04678	0.16579	0.04739	0.1343	0.09023
0.92623	0.86078	0.04729	0.63565	0.54362	0.05179	0.05382	0.19202	0.04857	0.04512	0.04674	0.16962	0.04605	0.13518	0.08881
0.92668	0.86489	0.04741	0.63429	0.53011	0.05645	0.05538	0.19197	0.04788	0.04644	0.04658	0.16724	0.04539	0.13595	0.08864
0.92402	0.86161	0.0468	0.62757	0.53839	0.05341	0.05353	0.19725	0.04664	0.04728	0.04771	0.1715	0.04621	0.13883	0.08989
0.92405	0.8638	0.04697	0.63072	0.52774	0.05574	0.05408	0.19532	0.04898	0.04731	0.04629	0.16822	0.04546	0.13667	0.09067
0.92396	0.86569	0.04552	0.63085	0.53585	0.05415	0.05354	0.19962	0.04713	0.04717	0.04658	0.16868	0.04755	0.13904	0.08802
0.92655	0.87506	0.04635	0.63962	0.53042	0.05535	0.05388	0.19369	0.0505	0.04555	0.0464	0.16878	0.04612	0.13445	0.08854
0.92339	0.87483	0.04877	0.63493	0.53886	0.05498	0.05602	0.19175	0.04628	0.04769	0.0475	0.16759	0.04763	0.13417	0.09073
0.92443	0.87382	0.04658	0.63024	0.52243	0.05604	0.055	0.19368	0.05034	0.04573	0.04562	0.16908	0.04547	0.13577	0.088
0.92541	0.85895	0.04701	0.63294	0.52576	0.05371	0.05425	0.19243	0.04765	0.04688	0.04773	0.16755	0.04768	0.13691	0.09003
0.92179	0.87126	0.04641	0.62257	0.53723	0.05427	0.05348	0.19341	0.0497	0.0468	0.04629	0.16982	0.04563	0.14054	0.08783
0.92318	0.85481	0.04763	0.6302	0.52795	0.05572	0.05676	0.19421	0.04851	0.0464	0.04614	0.16958	0.0471	0.13975	0.08876
0.92192	0.85883	0.04579	0.64082	0.52965	0.05425	0.05506	0.19037	0.04874	0.04792	0.04719	0.17002	0.0473	0.13706	0.08834
0.92209	0.859	0.04787	0.62926	0.52399	0.05511	0.05509	0.19212	0.04757	0.04702	0.04758	0.167	0.04641	0.13851	0.09007
0.92641	0.87747	0.0466	0.63221	0.53348	0.05363	0.05383	0.1934	0.04551	0.04798	0.04664	0.16824	0.04814	0.13737	0.08861
0.92305	0.8558	0.04772	0.62772	0.51995	0.0562	0.05357	0.19248	0.04791	0.04686	0.04696	0.16933	0.04669	0.1382	0.08876
0.9202	0.87486	0.04756	0.6102	0.53185	0.05466	0.05546	0.19057	0.04774	0.04594	0.04684	0.16731	0.04675	0.14073	0.08893
0.92191	0.85785	0.04736	0.62834	0.51907	0.05531	0.05467	0.19153	0.04946	0.04735	0.04641	0.16946	0.04765	0.13713	0.09018
0.92232	0.87386	0.04658	0.62545	0.5343	0.05483	0.0533	0.18619	0.04683	0.04847	0.04665	0.17045	0.04662	0.13946	0.09033
0.92116	0.87174	0.04648	0.63347	0.52074	0.0553	0.0549	0.19343	0.04913	0.04696	0.04639	0.16599	0.04784	0.13727	0.08808
0.91952	0.86835	0.04863	0.63483	0.53099	0.05349	0.05568	0.18905	0.04742	0.04696	0.04683	0.16723	0.04565	0.13669	0.08837
0.92102	0.85826	0.04778	0.63048	0.52099	0.05544	0.05407	0.19121	0.04881	0.04585	0.04626	0.17027	0.04691	0.1365	0.0894
0.9203	0.87137	0.04703	0.62364	0.53684	0.05399	0.05578	0.17666	0.04579	0.04809	0.04702	0.16792	0.04703	0.1358	0.08947
0.91533	0.85133	0.04692	0.62857	0.52571	0.05529	0.05462	0.19134	0.04703	0.04628	0.04686	0.16913	0.04712	0.13461	0.08787
0.92094	0.8571	0.0483	0.62522	0.53202	0.05472	0.05551	0.19171	0.04789	0.04787	0.04708	0.16874	0.04752	0.14599	0.08952
0.92179	0.86579	0.04628	0.63025	0.51746	0.0557	0.05289	0.1919	0.04957	0.04596	0.04421	0.1673	0.04811	0.13599	0.08865
0.91781	0.85728	0.04812	0.63748	0.53335	0.05593	0.0549	0.17951	0.04758	0.04883	0.04791	0.16603	0.04752	0.14257	0.08716
0.9169	0.87629	0.04634	0.63177	0.53689	0.05615	0.05612	0.18696	0.04616	0.04888	0.04721	0.1671	0.04793	0.13791	0.09061
0.91436	0.86476	0.0461	0.63252	0.51862	0.05438	0.05371	0.19075	0.0496	0.04622	0.0463	0.17047	0.04537	0.13526	0.08804
0.9153	0.85013	0.04709	0.62959	0.52927	0.05572	0.05648	0.17403	0.04766	0.04689	0.04723	0.16972	0.04685	0.1317	0.08957
0.91651	0.85838	0.04666	0.6326	0.522	0.05477	0.0548	0.19127	0.04948	0.04612	0.04766	0.17268	0.04813	0.13622	0.0898
0.91643	0.8545	0.046	0.61964	0.5286	0.05542	0.05478	0.18992	0.04845	0.04801	0.04563	0.1645	0.04676	0.14	0.08961
0.91468	0.87152	0.04646	0.63489	0.52579	0.05384	0.05554	0.19502	0.04965	0.04722	0.04588	0.17154	0.04667	0.13643	0.08874
0.91229	0.86034	0.04782	0.62829	0.5329	0.05578	0.05486	0.18001	0.04609	0.04773	0.04722	0.16731	0.04854	0.14047	0.08756
0.91206	0.86355	0.04818	0.63263	0.52377	0.05404	0.05411	0.19238	0.04884	0.04698	0.04705	0.16969	0.04624	0.13521	0.08801
0.91473	0.8586	0.04768	0.62612	0.53202	0.05527	0.05484	0.19124	0.04704	0.04655	0.04603	0.1674	0.0466	0.14178	0.08885
0.91131	0.85593	0.04663	0.63084	0.5253	0.05536	0.05541	0.19183	0.05052	0.04719	0.04674	0.17377	0.04625	0.13896	0.08751
0.91528	0.87535	0.04685	0.62757	0.52935	0.053	0.05399	0.18808	0.04627	0.04766	0.04589	0.16672	0.04543	0.13773	0.08875
0.91553	0.87468	0.047	0.63423	0.52587	0.05435	0.05508	0.19312	0.05038	0.04596	0.0481	0.17203	0.04665	0.14005	0.08802
0.91512	0.87138	0.04646	0.62857	0.53425	0.054	0.05386	0.1874	0.04881	0.04657	0.04729	0.16743	0.04838	0.14082	0.08982
0.91161	0.85698	0.04629	0.63915	0.5258	0.05469	0.05438	0.19172	0.0502	0.04711	0.04718	0.17131	0.04898	0.13944	0.08693
0.91337	0.86009	0.04655	0.63738	0.53316	0.05511	0.054	0.17325	0.04797	0.04805	0.04706	0.16907	0.04704	0.13518	0.09082
0.9129	0.86099	0.04679	0.62864	0.51978	0.05648	0.05616	0.19176	0.04962	0.0459	0.04677	0.17024	0.04658	0.1389	0.08587
0.91503	0.88203	0.04772	0.62415	0.52991	0.05416	0.05585	0.18235	0.0481	0.04866	0.0465	0.16433	0.04641	0.13925	0.08904
0.91251	0.86646	0.04757	0.62988	0.51866	0.05385	0.05541	0.19111	0.04873	0.047	0.04688	0.16951	0.0454	0.13891	0.08691
0.91481	0.875	0.04756	0.62846	0.53045	0.05646	0.05444	0.17412	0.04777	0.04747	0.04597	0.16846	0.04787	0.14185	0.08816
0.91114	0.86531	0.04649	0.6326	0.52041	0.05566	0.05491	0.19036	0.05226	0.04656	0.04691	0.16685	0.04702	0.13878	0.08871
0.90975	0.8645	0.04765	0.62774	0.5299	0.05437	0.05624	0.18136	0.0476	0.04794	0.04648	0.169	0.04575	0.14456	0.08997
0.91044	0.86755	0.04628	0.63213	0.52202	0.05395	0.05589	0.19242	0.0508	0.04482	0.0456	0.17027	0.04603	0.13715	0.08933
0.91123	0.853	0.04587	0.63577	0.52793	0.05555	0.05384	0.188	0.04846	0.04757	0.04611	0.16899	0.0462	0.1374	0.08808
0.91488	0.86509	0.04749	0.62818	0.51854	0.05712	0.05496	0.18764	0.04882	0.04656	0.04633	0.17341	0.04729	0.13708	0.08862
0.91349	0.86086	0.04634	0.62744	0.52962	0.05306	0.05454	0.19273	0.04855	0.04981	0.04551	0.16925	0.04669	0.13782	0.08933
0.9152	0.8763	0.0455	0.63226	0.51866	0.05535	0.05559	0.18934	0.05028	0.04637	0.04675	0.16875	0.04604	0.13579	0.08832
0.914	0.87564	0.04591	0.6377	0.53346	0.05468	0.0547	0.17813	0.04889	0.04703	0.04676	0.16712	0.04635	0.13331	0.08873
0.91157	0.85582	0.04569	0.63298	0.51728	0.05528	0.0538	0.19127	0.04991	0.04645	0.04688	0.16934	0.04742	0.13932	0.08717
0.91142	0.87139	0.04646	0.63724	0.52913	0.05352	0.05636	0.18498	0.04634	0.04717	0.04525	0.17007	0.04746	0.13752	0.08914
0.91055	0.87473	0.04626	0.63337	0.51632	0.05569	0.05463	0.18891	0.0488	0.04574	0.04582	0.17035	0.04687	0.13987	0.08798
0.91184	0.86729	0.04784	0.64129	0.52585	0.05478	0.05453	0.19126	0.04777	0.04749	0.04603	0.16665	0.0468	0.13791	0.0908
0.90905	0.86208	0.04614	0.62804	0.51583	0.05275	0.05443	0.19333	0.05193	0.04651	0.0466	0.17017	0.04628	0.13664	0.08719
0.90935	0.86111	0.0475	0.64097	0.52557	0.05644	0.05676	0.18536	0.04797	0.04852	0.04645	0.16766	0.04716	0.13917	0.089
0.91305	0.87157	0.04615	0.62558	0.51725	0.05577	0.05374	0.18953	0.05032	0.04593	0.04731	0.17201	0.04616	0.13775	0.08735
0.91106	0.86581	0.04781	0.62979	0.52416	0.05561	0.05522	0.1842	0.04766	0.04675	0.04686	0.16707	0.04739	0.14041	0.08938
0.91238	0.85852	0.04642	0.62192	0.51881	0.0554	0.05544	0.18961	0.04809	0.04727	0.04685	0.17068	0.04582	0.1369	0.08804
0.90957	0.88238	0.04597	0.63302	0.5281	0.05572	0.05554	0.17272	0.04797	0.04587	0.04715	0.16961	0.04648	0.14313	0.08998
0.91063	0.85731	0.04762	0.63094	0.51503	0.05454	0.05398	0.19116	0.05092	0.04458	0.04512	0.16903	0.0459	0.13541	0.08839
0.90813	0.85657	0.04481	0.63057	0.52527	0.05734	0.05468	0.18204	0.04561	0.04639	0.04677	0.16634	0.04647	0.13747	0.08942
0.91405	0.87105	0.0484	0.63047	0.52038	0.05533	0.05321	0.18916	0.04989	0.04567	0.04666	0.16977	0.04718	0.13657	0.08968
0.90814	0.87314	0.04557	0.63858	0.52633	0.05466	0.05611	0.19906	0.0488	0.04691	0.04522	0.16832	0.04563	0.13818	0.08996
0.91012	0.86003	0.04647	0.62576	0.51684	0.05345	0.05429	0.18929	0.0515	0.04634	0.04608	0.16923	0.04813	0.13725	0.08957
0.90954	0.86492	0.04687	0.62672	0.53055	0.05487	0.05477	0.19178	0.04828	0.04812	0.04587	0.16876	0.04459	0.13701	0.08855
0.9098	0.85568	0.04536	0.63691	0.51599	0.05445	0.05539	0.18955	0.04991	0.04706	0.04581	0.16924	0.04602	0.13633	0.08722
0.91414	0.88847	0.04737	0.64243	0.52851	0.05523	0.05362	0.18115	0.04884	0.04762	0.04582	0.1701	0.04503	0.13566	0.09019
0.91287	0.8619	0.04658	0.63307	0.51584	0.05519	0.05451	0.19515	0.04773	0.04528	0.04776	0.17	0.04745	0.13892	0.0889
0.91162	0.87124	0.04645	0.6238	0.52682	0.05314	0.05457	0.19315	0.04525	0.0464	0.04701	0.1673	0.04627	0.13622	0.08952
0.9143	0.8738	0.04673	0.63537	0.51615	0.05457	0.05374	0.1921	0.04902	0.04597	0.04705	0.16965	0.04635	0.13692	0.08811
0.9075	0.85553	0.04682	0.62229	0.52268	0.0577	0.05539	0.18018	0.0471	0.04783	0.04491	0.16873	0.04647	0.14105	0.08704
0.91678	0.87845	0.04889	0.63335	0.51599	0.05349	0.05481	0.1893	0.04915	0.04594	0.04781	0.17059	0.04632	0.13858	0.08847
0.91394	0.858	0.04613	0.64324	0.52852	0.05766	0.05568	0.18357	0.04535	0.04869	0.0461	0.16753	0.04579	0.13543	0.08709
0.9129	0.86621	0.04591	0.63147	0.51404	0.05554	0.0526	0.19122	0.04957	0.0445	0.04694	0.16972	0.04669	0.13939	0.08895
0.90959	0.87096	0.04685	0.63063	0.52137	0.0542	0.05439	0.18456	0.04846	0.04642	0.04655	0.16831	0.0473	0.13574	0.08805
0.91308	0.85922	0.0457	0.62384	0.51751	0.05385	0.0543	0.19455	0.0493	0.04605	0.04739	0.17333	0.04652	0.13725	0.089
0.91004	0.88397	0.04763	0.64811	0.52407	0.05418	0.05582	0.18303	0.04804	0.04815	0.04622	0.16833	0.04616	0.13417	0.08816
0.91244	0.84507	0.04647	0.63394	0.51441	0.05529	0.05464	0.18854	0.05061	0.04542	0.04619	0.16696	0.048	0.13669	0.08885
0.91282	0.88137	0.04659	0.62892	0.52449	0.05739	0.05513	0.18984	0.04642	0.04608	0.04695	0.16831	0.04702	0.13539	0.08758
0.91046	0.85384	0.04489	0.63157	0.51183	0.05395	0.05552	0.18867	0.04858	0.04742	0.04691	0.17023	0.04602	0.1369	0.08954
0.90599	0.85579	0.04607	0.63394	0.52271	0.05623	0.05547	0.19267	0.04858	0.04814	0.04786	0.16748	0.04687	0.13779	0.0889
0.91181	0.87439	0.04541	0.64442	0.51756	0.05373	0.05392	0.1903	0.05021	0.04702	0.04759	0.17042	0.04608	0.13862	0.08825
0.90516	0.87337	0.04887	0.63245	0.52256	0.05689	0.05405	0.19421	0.04563	0.04866	0.04548	0.16785	0.04726	0.14114	0.08756
0.91284	0.87429	0.04511	0.63725	0.51442	0.05404	0.05392	0.19286	0.05013	0.04641	0.04765	0.17027	0.04464	0.13819	0.08876
0.90704	0.88121	0.04714	0.63364	0.52958	0.05374	0.05467	0.18356	0.04849	0.04599	0.04606	0.1677	0.04734	0.1359	0.08744
0.91211	0.85898	0.04593	0.63405	0.51172	0.05405	0.05431	0.18946	0.0505	0.04637	0.04638	0.17028	0.04622	0.13898	0.08936
0.9104	0.85659	0.0473	0.62237	0.51999	0.05335	0.05532	0.17942	0.04726	0.047	0.0466	0.16962	0.04749	0.13281	0.08954
0.91312	0.8676	0.04693	0.63051	0.51182	0.05282	0.05462	0.19383	0.04968	0.04461	0.04623	0.16768	0.04538	0.13633	0.08996
0.90271	0.85862	0.04776	0.63377	0.52289	0.05671	0.05315	0.18964	0.0472	0.04854	0.04644	0.16882	0.04422	0.13576	0.08972
0.91709	0.87011	0.04578	0.63108	0.50565	0.05447	0.05491	0.19229	0.05073	0.04606	0.04557	0.16987	0.04735	0.13652	0.08738
0.90601	0.86221	0.04867	0.64394	0.52409	0.05986	0.05484	0.18599	0.04699	0.04723	0.04548	0.17295	0.04596	0.136	0.08946
0.91332	0.8528	0.04533	0.63705	0.50662	0.0521	0.0551	0.19274	0.0483	0.04591	0.04548	0.17236	0.04614	0.1352	0.08774
0.91025	0.87567	0.04625	0.62695	0.52176	0.05753	0.05599	0.1831	0.0459	0.04601	0.04573	0.16855	0.0459	0.13995	0.08859
0.91221	0.87662	0.04396	0.6332	0.50734	0.05482	0.0534	0.19362	0.04857	0.04605	0.04614	0.16666	0.04521	0.13848	0.08897
0.90817	0.86583	0.04572	0.61246	0.52081	0.05453	0.0524	0.16794	0.04828	0.04753	0.04711	0.17154	0.04679	0.13474	0.08735
0.91215	0.85539	0.04668	0.63475	0.4999	0.05475	0.05304	0.19587	0.04846	0.04544	0.04624	0.16619	0.04639	0.13774	0.08711
0.91085	0.85862	0.04559	0.63768	0.51601	0.05253	0.05606	0.18375	0.04761	0.0464	0.04635	0.17388	0.0464	0.13502	0.08821
0.90978	0.85666	0.04658	0.63956	0.50284	0.05358	0.05354	0.19166	0.04873	0.04755	0.04558	0.16957	0.04571	0.13221	0.08782
0.90764	0.87354	0.04604	0.62301	0.52529	0.05656	0.05521	0.18645	0.04803	0.04934	0.0455	0.17171	0.04796	0.13821	0.08886
0.91418	0.87054	0.04558	0.63144	0.50031	0.0556	0.05475	0.19041	0.0491	0.04781	0.04635	0.16826	0.04729	0.13596	0.08946
0.90554	0.87363	0.04683	0.63319	0.5212	0.05451	0.05325	0.1795	0.04705	0.04807	0.04615	0.17104	0.04513	0.13899	0.08719
0.91232	0.8826	0.04505	0.62503	0.49929	0.05246	0.05411	0.19249	0.04933	0.0455	0.04503	0.16765	0.0456	0.13711	0.0872
0.90724	0.85335	0.04636	0.64023	0.51354	0.05524	0.05366	0.18159	0.04628	0.04694	0.04639	0.17062	0.04637	0.13597	0.0882
0.91301	0.85592	0.04544	0.63404	0.5038	0.0543	0.05473	0.19326	0.05156	0.04557	0.04589	0.16548	0.04619	0.13956	0.08907
0.90777	0.86724	0.0465	0.63809	0.51868	0.05403	0.05602	0.18789	0.0465	0.04619	0.04489	0.16769	0.04615	0.13628	0.08876
0.91366	0.86814	0.04567	0.63257	0.49725	0.05443	0.05509	0.19242	0.05126	0.0449	0.04791	0.16988	0.04656	0.13445	0.08961
0.90879	0.88138	0.0465	0.63196	0.53012	0.05542	0.05527	0.17593	0.04747	0.04775	0.04663	0.17126	0.04569	0.1381	0.08784
0.91709	0.87446	0.04543	0.62599	0.4987	0.05366	0.05424	0.19309	0.05071	0.04671	0.04647	0.17127	0.04557	0.13729	0.08878
0.911	0.87885	0.04526	0.63233	0.51597	0.05558	0.05362	0.18119	0.04732	0.04766	0.04662	0.16845	0.04572	0.13863	0.08875
0.91356	0.86439	0.04651	0.62902	0.49221	0.05332	0.05481	0.19684	0.05067	0.04701	0.04688	0.17113	0.04572	0.13482	0.08618
0.90664	0.876	0.04687	0.62828	0.52013	0.05662	0.05353	0.18633	0.04845	0.04875	0.04632	0.16968	0.04568	0.13233	0.08862
0.91701	0.87176	0.04621	0.63071	0.49422	0.05325	0.0525	0.19256	0.04937	0.04626	0.04646	0.16963	0.04629	0.13442	0.08664
0.90492	0.85293	0.04664	0.62192	0.5247	0.05615	0.05518	0.18564	0.04688	0.04707	0.04572	0.16902	0.04829	0.13224	0.08934
0.91124	0.85869	0.04646	0.63349	0.5016	0.05549	0.0547	0.18956	0.05011	0.0465	0.04537	0.16552	0.04432	0.13914	0.08683
0.90952	0.86085	0.04713	0.62301	0.52056	0.05536	0.05427	0.18544	0.04892	0.04605	0.04685	0.17315	0.0472	0.13558	0.08848
0.91178	0.86114	0.04669	0.63368	0.49503	0.05394	0.05375	0.19048	0.04978	0.04635	0.0451	0.17001	0.04547	0.13642	0.08828
0.90516	0.8479	0.04691	0.62563	0.51887	0.05491	0.05463	0.17211	0.04551	0.04745	0.04594	0.1697	0.04614	0.13426	0.08946
0.91733	0.86279	0.04541	0.62363	0.49207	0.05429	0.05448	0.19175	0.04961	0.04664	0.04497	0.17184	0.04608	0.13608	0.0866
0.90944	0.86705	0.04756	0.63678	0.52133	0.05373	0.05351	0.18989	0.04632	0.04678	0.04515	0.16846	0.04768	0.13475	0.08734
0.91496	0.86958	0.04644	0.62934	0.49361	0.05399	0.05431	0.19891	0.04899	0.04544	0.04642	0.16755	0.04464	0.13764	0.0885
0.90963	0.86971	0.04763	0.63703	0.51873	0.05584	0.05314	0.18706	0.0476	0.0474	0.04756	0.17224	0.04622	0.1366	0.09113
0.91602	0.8694	0.04685	0.62997	0.49144	0.05392	0.05336	0.19495	0.04929	0.04638	0.04508	0.16854	0.04517	0.13758	0.08849
0.90646	0.85796	0.04606	0.63536	0.51161	0.05782	0.0541	0.1714	0.04883	0.04536	0.04693	0.17033	0.04487	0.13795	0.0891
0.91177	0.85147	0.04685	0.63077	0.48441	0.05329	0.05452	0.18904	0.05063	0.04646	0.04677	0.17009	0.04529	0.14131	0.08946
0.90752	0.86409	0.04493	0.63527	0.51694	0.05709	0.05395	0.18115	0.04541	0.04814	0.04625	0.16888	0.04496	0.13462	0.08831
0.91286	0.87284	0.04621	0.64358	0.48847	0.05524	0.0552	0.19043	0.04959	0.04594	0.04723	0.16999	0.04615	0.13694	0.08905
0.90786	0.85557	0.04661	0.63651	0.52529	0.05624	0.0545	0.18801	0.04765	0.04671	0.0469	0.17179	0.04575	0.13773	0.08878
0.91281	0.87288	0.04582	0.62698	0.48864	0.05506	0.05398	0.19589	0.05026	0.04724	0.04539	0.16765	0.04462	0.13502	0.08712
0.90807	0.86357	0.04562	0.63736	0.51464	0.05441	0.0545	0.18667	0.04827	0.04603	0.04508	0.17355	0.04549	0.13583	0.08891
0.91699	0.86333	0.04601	0.62602	0.48772	0.05449	0.05401	0.19473	0.05192	0.04616	0.04634	0.16561	0.04541	0.14025	0.08757
0.9073	0.8497	0.0465	0.62527	0.50979	0.05623	0.05404	0.19256	0.04502	0.04633	0.04558	0.16815	0.04746	0.13425	0.0875
0.91929	0.88203	0.04575	0.63139	0.47633	0.0542	0.05403	0.19453	0.05272	0.04642	0.04652	0.17099	0.04403	0.13562	0.08844
0.90426	0.85506	0.04534	0.6281	0.51904	0.05616	0.05363	0.20023	0.04597	0.04647	0.04586	0.17009	0.04558	0.13468	0.08766
0.91527	0.87089	0.04449	0.62596	0.49611	0.05147	0.05317	0.19361	0.05374	0.04486	0.0455	0.1698	0.04494	0.13867	0.0882
0.90551	0.84953	0.04664	0.62741	0.512	0.05804	0.05446	0.17754	0.04768	0.04626	0.04639	0.16977	0.04647	0.14311	0.08783
0.91287	0.86252	0.04458	0.6285	0.48563	0.05382	0.05522	0.19101	0.04835	0.04702	0.0458	0.17342	0.04469	0.13714	0.08806
0.90872	0.88775	0.04647	0.63345	0.50419	0.0549	0.0535	0.18763	0.0498	0.04721	0.04598	0.17143	0.04677	0.13886	0.08875
0.91368	0.87192	0.04539	0.63747	0.48745	0.05554	0.05619	0.18935	0.0491	0.04575	0.0468	0.17117	0.04513	0.13748	0.08648
0.90908	0.86321	0.04696	0.63084	0.50812	0.05441	0.05395	0.19015	0.04635	0.04707	0.04714	0.16892	0.04607	0.14341	0.08652
0.91625	0.86886	0.04447	0.62684	0.48878	0.05581	0.05401	0.1978	0.04748	0.04563	0.04636	0.17039	0.04574	0.13522	0.08658
0.90688	0.87065	0.04648	0.62532	0.5112	0.05446	0.05361	0.18813	0.04664	0.04635	0.04548	0.1737	0.04428	0.13576	0.08767
0.91588	0.86913	0.0456	0.62808	0.48934	0.05342	0.05373	0.19433	0.05077	0.04687	0.04619	0.17013	0.04436	0.13925	0.08718
0.90956	0.87379	0.04664	0.63369	0.51344	0.05661	0.05311	0.19202	0.04687	0.04641	0.04567	0.17153	0.04717	0.1383	0.08746
0.91528	0.87596	0.04595	0.63307	0.48902	0.05358	0.05537	0.1924	0.04881	0.04666	0.04621	0.17271	0.04533	0.13981	0.08659
0.90765	0.88492	0.04554	0.6373	0.50759	0.05513	0.05361	0.18739	0.04631	0.04457	0.04558	0.16771	0.04572	0.13756	0.08836
0.91419	0.88456	0.04645	0.62819	0.48391	0.05275	0.05468	0.19394	0.04865	0.04602	0.04623	0.16827	0.04395	0.13611	0.08969
0.90779	0.8449	0.04579	0.6281	0.50629	0.05332	0.05372	0.184	0.04624	0.04541	0.04489	0.1708	0.04602	0.13815	0.08801
0.91568	0.86924	0.04536	0.6263	0.48193	0.05479	0.05474	0.19256	0.05058	0.0462	0.04498	0.16915	0.04415	0.13425	0.0906
0.90997	0.86798	0.04702	0.63911	0.51283	0.05567	0.05355	0.18977	0.04776	0.04799	0.04446	0.1694	0.04584	0.14096	0.08856
0.91674	0.87672	0.04502	0.63219	0.47804	0.05602	0.05446	0.19376	0.05011	0.04695	0.04427	0.17266	0.04528	0.1364	0.08853
0.90841	0.88167	0.04655	0.63687	0.51122	0.05447	0.05272	0.19759	0.04672	0.04751	0.04548	0.16873	0.04559	0.1369	0.08828
0.91495	0.86483	0.04597	0.63264	0.48092	0.0544	0.05374	0.19219	0.05052	0.04659	0.04497	0.17237	0.04484	0.13633	0.08791
0.90533	0.8582	0.04669	0.62313	0.50671	0.05725	0.05485	0.18176	0.04875	0.04618	0.04578	0.16848	0.04599	0.13557	0.08903
0.91625	0.87717	0.04571	0.62568	0.48223	0.05467	0.05402	0.19204	0.04925	0.04587	0.04653	0.16656	0.04539	0.13728	0.08855
0.90634	0.88316	0.04732	0.63778	0.50557	0.05753	0.05586	0.17737	0.04676	0.04781	0.04425	0.1718	0.04587	0.13613	0.08744
0.91565	0.86243	0.04523	0.63669	0.48036	0.05362	0.05347	0.19174	0.05075	0.04751	0.04452	0.16641	0.04546	0.13425	0.08935
0.90853	0.85652	0.04672	0.62275	0.50434	0.05381	0.05355	0.18264	0.04639	0.04594	0.04657	0.17189	0.04687	0.13822	0.08887
0.91762	0.8728	0.04665	0.6304	0.48225	0.05514	0.05437	0.19266	0.04996	0.04444	0.04673	0.17312	0.0447	0.13928	0.0882
0.90784	0.85739	0.04515	0.62965	0.51297	0.05321	0.05389	0.18625	0.04484	0.04751	0.04565	0.16765	0.04624	0.13877	0.09017
0.90982	0.86799	0.045	0.62494	0.47691	0.05584	0.05544	0.19312	0.05162	0.04764	0.04566	0.17024	0.04302	0.13537	0.08698
0.90735	0.88592	0.04721	0.62957	0.5087	0.05462	0.05232	0.18892	0.0478	0.04675	0.04604	0.16917	0.04526	0.13676	0.09017
0.91524	0.86376	0.04615	0.6365	0.47836	0.0561	0.05435	0.18834	0.05288	0.04669	0.04641	0.17196	0.04341	0.13535	0.08929
0.90633	0.85379	0.0453	0.62698	0.50855	0.0535	0.05267	0.19014	0.04715	0.04596	0.04574	0.17149	0.04419	0.13849	0.09031
0.91201	0.85805	0.04432	0.63481	0.47726	0.0528	0.05282	0.19476	0.0526	0.04635	0.04587	0.1727	0.04524	0.13696	0.08844
0.90768	0.87263	0.04596	0.63916	0.50867	0.05322	0.05354	0.18324	0.05039	0.04697	0.04515	0.1692	0.0462	0.14066	0.0869
0.91325	0.85104	0.04564	0.62712	0.47946	0.05302	0.05424	0.19338	0.04908	0.04701	0.04572	0.16618	0.04308	0.13257	0.0885
0.90591	0.87541	0.04596	0.6161	0.50036	0.05281	0.05376	0.19069	0.04756	0.04629	0.04562	0.16922	0.04518	0.13593	0.08888
0.91126	0.86514	0.04612	0.62669	0.47839	0.05506	0.05537	0.19101	0.05113	0.04702	0.04622	0.17105	0.04321	0.13029	0.09015
0.90691	0.88645	0.04493	0.62632	0.50334	0.05184	0.0552	0.17689	0.0479	0.04606	0.04597	0.1652	0.04567	0.13953	0.0889
0.91394	0.86712	0.04501	0.62135	0.47713	0.05375	0.05387	0.19031	0.04785	0.04697	0.04758	0.1668	0.04388	0.13519	0.08976
0.90675	0.89548	0.04671	0.6417	0.50547	0.05604	0.05381	0.18767	0.04687	0.04837	0.04596	0.17523	0.04604	0.13471	0.08797
0.91583	0.86342	0.0453	0.63174	0.47869	0.05543	0.05467	0.19389	0.04915	0.04551	0.04689	0.16807	0.04253	0.13564	0.0881
0.91083	0.87899	0.04619	0.63018	0.50114	0.05635	0.05336	0.18472	0.04519	0.04722	0.04568	0.16833	0.04514	0.13264	0.08974
0.91393	0.87575	0.04579	0.63266	0.47815	0.05292	0.05341	0.19477	0.04998	0.04574	0.04729	0.17221	0.04324	0.13715	0.08764
0.90882	0.87597	0.04634	0.63934	0.50021	0.05354	0.05467	0.18161	0.04709	0.04683	0.04583	0.16701	0.04493	0.13716	0.08937
0.91629	0.86542	0.04557	0.62085	0.47803	0.05449	0.05299	0.19794	0.04812	0.04548	0.04668	0.16674	0.044	0.13558	0.08733
0.90581	0.85259	0.04678	0.61987	0.50155	0.05444	0.05391	0.17437	0.04789	0.04859	0.04651	0.16635	0.04576	0.13722	0.08776
0.91443	0.86799	0.0454	0.62102	0.48219	0.05335	0.0549	0.18983	0.04922	0.04611	0.04557	0.17247	0.0435	0.13802	0.088
0.90983	0.88312	0.0451	0.63462	0.50318	0.05797	0.05328	0.19127	0.04648	0.04721	0.04631	0.16862	0.04592	0.13361	0.08733
0.9114	0.86589	0.04529	0.62745	0.48082	0.05402	0.05384	0.18925	0.04887	0.04578	0.04509	0.17065	0.04433	0.13703	0.08923
0.90755	0.89073	0.04584	0.6293	0.49911	0.05845	0.05367	0.18645	0.04611	0.04821	0.04608	0.1652	0.04642	0.13835	0.08979
0.91232	0.85878	0.04537	0.61606	0.47986	0.0552	0.05316	0.19395	0.05152	0.046	0.04751	0.16927	0.04301	0.13657	0.09026
0.90806	0.86192	0.04759	0.63034	0.49598	0.05439	0.05326	0.18138	0.04569	0.04841	0.04731	0.16817	0.04411	0.13522	0.08685
0.91269	0.875	0.04408	0.61558	0.4741	0.05347	0.0537	0.18952	0.05049	0.047	0.04557	0.16851	0.04409	0.13974	0.08772
0.90319	0.89313	0.04555	0.62604	0.4949	0.05466	0.05482	0.18217	0.04669	0.04603	0.04644	0.17068	0.04455	0.1333	0.08922
0.91428	0.87968	0.04568	0.62585	0.47336	0.05339	0.05382	0.19029	0.04961	0.04598	0.04643	0.16904	0.04394	0.13554	0.08829
0.90831	0.8571	0.04681	0.61265	0.49768	0.05594	0.05343	0.18314	0.04888	0.05032	0.04598	0.17009	0.0458	0.13527	0.0889
0.91278	0.86064	0.04542	0.62362	0.47886	0.0538	0.05498	0.20133	0.05189	0.0465	0.04639	0.16944	0.04334	0.13424	0.08743
0.90507	0.88219	0.04578	0.6353	0.50527	0.05615	0.05437	0.18797	0.04447	0.04697	0.04648	0.17177	0.04569	0.13794	0.09007
0.91351	0.8671	0.04503	0.6266	0.47209	0.05455	0.05363	0.1922	0.05123	0.04651	0.0471	0.17218	0.04398	0.13464	0.08858
0.9053	0.88343	0.04758	0.62922	0.49311	0.05446	0.05458	0.18105	0.04565	0.04767	0.04573	0.16107	0.0458	0.13265	0.08905
0.9181	0.87094	0.04567	0.632	0.47487	0.05647	0.05494	0.19456	0.05443	0.04704	0.04591	0.16936	0.0434	0.13545	0.08738
0.9052	0.85851	0.04757	0.6339	0.49756	0.05704	0.05497	0.17752	0.04852	0.04783	0.04525	0.1693	0.0456	0.13478	0.08845
0.91476	0.87336	0.04546	0.62731	0.48124	0.05536	0.05385	0.19401	0.05204	0.04684	0.04505	0.1714	0.043	0.132	0.08875
0.90551	0.88801	0.04533	0.63516	0.49628	0.05395	0.05381	0.18775	0.0467	0.04787	0.04646	0.1712	0.0447	0.13635	0.08847
0.91113	0.8559	0.04611	0.63153	0.48139	0.05351	0.05419	0.19359	0.05126	0.04575	0.04604	0.1712	0.04347	0.13575	0.08722
0.9074	0.85454	0.04596	0.61745	0.49274	0.05262	0.05376	0.1725	0.0468	0.04767	0.04628	0.17294	0.04546	0.13615	0.08866
0.91554	0.87311	0.04624	0.62681	0.47183	0.05414	0.05387	0.19875	0.04703	0.04548	0.04532	0.16342	0.0432	0.13674	0.08758
0.90612	0.88657	0.04579	0.63749	0.49244	0.05563	0.05507	0.18241	0.04689	0.04763	0.04645	0.16844	0.04598	0.13121	0.08895
0.91684	0.87833	0.04456	0.62915	0.47214	0.05346	0.05517	0.19558	0.0496	0.04576	0.04716	0.1682	0.04349	0.13716	0.08849
0.90677	0.887	0.04648	0.62283	0.49745	0.05275	0.05439	0.17474	0.04401	0.04831	0.04559	0.16975	0.0453	0.13742	0.08685
0.91546	0.8571	0.04699	0.63075	0.47095	0.05425	0.05473	0.19167	0.05201	0.04665	0.04573	0.17117	0.04443	0.13665	0.08871
0.90684	0.87236	0.04639	0.63313	0.49205	0.06016	0.05594	0.17632	0.04669	0.04734	0.04581	0.16764	0.04466	0.13349	0.08921
0.91282	0.87244	0.04589	0.62988	0.47592	0.05345	0.05422	0.1874	0.05023	0.04662	0.04452	0.17444	0.04276	0.13589	0.0884
0.9063	0.86101	0.04569	0.63241	0.49511	0.05184	0.05606	0.17281	0.04752	0.04691	0.04661	0.17029	0.0444	0.13379	0.08834
0.91462	0.8745	0.0453	0.63542	0.47681	0.05549	0.05687	0.19631	0.0503	0.04805	0.04534	0.17092	0.04113	0.13789	0.08916
0.90607	0.85295	0.04614	0.63066	0.49052	0.0569	0.05567	0.16797	0.04834	0.04729	0.04784	0.16642	0.04451	0.13753	0.08709
0.91575	0.86943	0.04526	0.62276	0.48216	0.05296	0.05407	0.19534	0.04874	0.04638	0.04561	0.17228	0.0424	0.13614	0.08873
0.90501	0.86619	0.04487	0.62784	0.49622	0.05709	0.05445	0.17284	0.04875	0.04758	0.04869	0.16896	0.04587	0.1379	0.08977
0.91466	0.86129	0.04525	0.62744	0.47239	0.05714	0.05304	0.18967	0.05003	0.04582	0.04718	0.1674	0.0417	0.13733	0.08897
0.90585	0.86057	0.04628	0.63574	0.49344	0.05228	0.05641	0.18175	0.04764	0.0483	0.0464	0.16908	0.04496	0.13382	0.08686
0.91384	0.85616	0.04468	0.62521	0.46571	0.05321	0.05481	0.19383	0.04996	0.04573	0.04623	0.17019	0.04117	0.13356	0.08744
0.90653	0.87688	0.04625	0.63095	0.49772	0.05386	0.0547	0.17444	0.04746	0.04714	0.04642	0.1674	0.04605	0.13588	0.08918
0.91701	0.87277	0.04564	0.62044	0.4676	0.05445	0.05322	0.19145	0.04871	0.04576	0.04546	0.17193	0.0428	0.13334	0.08956
0.90638	0.89316	0.04626	0.63097	0.49737	0.05561	0.05456	0.18023	0.0459	0.0503	0.04649	0.1704	0.04539	0.13362	0.08804
0.91485	0.86313	0.04507	0.6351	0.4751	0.05314	0.05366	0.1907	0.05112	0.04663	0.04444	0.1685	0.04169	0.13628	0.0895
0.90724	0.86828	0.04662	0.62599	0.49468	0.05682	0.05871	0.18172	0.04496	0.04874	0.04563	0.16269	0.04668	0.13342	0.08699
0.91585	0.85834	0.04579	0.62893	0.47214	0.05444	0.05279	0.1964	0.05022	0.04748	0.04604	0.16484	0.04179	0.13466	0.086
0.90892	0.86632	0.04634	0.62415	0.49758	0.05561	0.05438	0.17444	0.048	0.04836	0.04606	0.17122	0.04453	0.12867	0.08737
0.91486	0.88116	0.04739	0.62018	0.47213	0.05601	0.05594	0.19765	0.05052	0.04545	0.0473	0.174	0.04162	0.135	0.08709
0.90624	0.88519	0.04472	0.6368	0.49902	0.05582	0.05686	0.17008	0.04714	0.05117	0.04652	0.16677	0.04412	0.13411	0.08888
0.91511	0.86973	0.04614	0.62842	0.47054	0.05478	0.05351	0.19315	0.05174	0.04699	0.04517	0.17004	0.04117	0.13343	0.08906
0.90426	0.8788	0.04716	0.62153	0.50185	0.0547	0.05418	0.18234	0.04624	0.04845	0.04625	0.16932	0.04478	0.12896	0.08805
0.91264	0.87439	0.04534	0.63092	0.47488	0.05335	0.05636	0.19056	0.05232	0.04583	0.0464	0.1723	0.04103	0.13594	0.08738
0.90902	0.868	0.04558	0.64577	0.49442	0.05504	0.05762	0.18324	0.04772	0.04725	0.04737	0.16377	0.04569	0.13186	0.08872
0.91541	0.86786	0.04439	0.6256	0.46995	0.0542	0.05557	0.19348	0.04931	0.04615	0.04617	0.16579	0.04164	0.13822	0.08873
0.9062	0.8779	0.04799	0.62696	0.49652	0.05415	0.05393	0.1835	0.04742	0.04836	0.0479	0.16747	0.04565	0.12982	0.09012
0.9156	0.88136	0.04632	0.63396	0.47071	0.05419	0.05488	0.18728	0.04945	0.04655	0.04464	0.16583	0.04129	0.13428	0.08757
0.9096	0.90065	0.0461	0.63647	0.4892	0.05937	0.05605	0.1836	0.0462	0.04656	0.04613	0.16797	0.04405	0.13666	0.08819
0.91446	0.88089	0.04462	0.62317	0.46633	0.05521	0.05548	0.19285	0.04843	0.04638	0.04549	0.1697	0.04046	0.13327	0.08906
0.90976	0.9031	0.04712	0.61343	0.49419	0.05939	0.05689	0.18482	0.04491	0.04969	0.04763	0.16885	0.04588	0.13104	0.08899
0.91305	0.87479	0.04607	0.62088	0.46484	0.05314	0.05351	0.19501	0.04907	0.04689	0.04523	0.16791	0.04115	0.13579	0.08671
0.9073	0.8667	0.04682	0.63666	0.49686	0.0546	0.05515	0.18653	0.05233	0.05241	0.04681	0.17028	0.04483	0.12994	0.09091
0.91517	0.87372	0.04544	0.62286	0.47155	0.05523	0.05494	0.19461	0.05072	0.04563	0.04662	0.16857	0.0406	0.13317	0.08764
0.90482	0.84833	0.04654	0.62437	0.49262	0.06061	0.05489	0.18414	0.04843	0.04893	0.04927	0.16865	0.04465	0.13075	0.08913
0.91571	0.8741	0.04552	0.62531	0.46355	0.0548	0.05361	0.19564	0.04944	0.04665	0.0459	0.17064	0.04058	0.1334	0.08673
0.90688	0.88267	0.0495	0.63034	0.49742	0.05929	0.05654	0.17613	0.04887	0.04862	0.04493	0.16948	0.04483	0.13128	0.08789
0.91714	0.8737	0.04499	0.61969	0.46693	0.05383	0.05485	0.19407	0.05005	0.04637	0.04755	0.16893	0.03925	0.12927	0.08699
0.90994	0.87627	0.04619	0.62568	0.49698	0.06361	0.05952	0.19333	0.04814	0.04789	0.04931	0.16681	0.0459	0.13585	0.08964
0.91432	0.85405	0.04632	0.62509	0.46944	0.05305	0.05497	0.19404	0.05039	0.04661	0.04609	0.17108	0.03924	0.13558	0.08801
0.90943	0.8934	0.04835	0.62114	0.49066	0.056	0.05608	0.1856	0.04497	0.0485	0.04817	0.16277	0.04459	0.13342	0.08801
0.91318	0.86654	0.04584	0.62906	0.46411	0.05458	0.0532	0.19057	0.05012	0.04692	0.04651	0.16863	0.03916	0.13578	0.0876
0.90825	0.88014	0.04663	0.61988	0.49244	0.05759	0.05254	0.18562	0.04852	0.05174	0.04696	0.17047	0.04507	0.13576	0.08911
0.91307	0.87247	0.04518	0.61775	0.4594	0.05527	0.05457	0.19131	0.0485	0.04651	0.04681	0.17363	0.04025	0.134	0.08759
0.90948	0.89404	0.0466	0.63193	0.50111	0.05249	0.05507	0.19082	0.04857	0.05017	0.04632	0.16367	0.04506	0.12823	0.09021
0.91277	0.8751	0.04495	0.62004	0.46468	0.05425	0.05337	0.19279	0.04603	0.04712	0.04571	0.17246	0.04124	0.13518	0.08941
0.90784	0.86543	0.04811	0.63506	0.48392	0.05925	0.05708	0.19447	0.04843	0.04976	0.04872	0.16707	0.04483	0.13009	0.0872
0.91632	0.87358	0.04477	0.62774	0.46406	0.055	0.05359	0.18948	0.05211	0.04781	0.04675	0.1733	0.0392	0.13612	0.08815
0.90577	0.86793	0.04591	0.6388	0.48767	0.0535	0.05269	0.19289	0.05002	0.04582	0.04569	0.16445	0.04573	0.13169	0.0887
0.91425	0.88486	0.04633	0.63063	0.46487	0.05568	0.05388	0.19503	0.0554	0.04679	0.04592	0.17463	0.0393	0.13325	0.08774
0.90446	0.86431	0.04804	0.63213	0.48212	0.05562	0.05616	0.17378	0.05355	0.04843	0.04692	0.16471	0.04556	0.12873	0.08822
0.91246	0.86664	0.04544	0.62745	0.46565	0.05415	0.05494	0.19069	0.05204	0.04576	0.04541	0.17356	0.03913	0.13204	0.08717
0.90565	0.89245	0.04698	0.62994	0.49562	0.05711	0.05682	0.188	0.05151	0.04846	0.04616	0.1688	0.04441	0.13908	0.09052
0.91479	0.88416	0.04491	0.63127	0.46089	0.05481	0.05501	0.18652	0.05254	0.04667	0.04647	0.17027	0.03831	0.13661	0.08897
0.90438	0.88758	0.04617	0.62385	0.48896	0.05677	0.05595	0.17399	0.04718	0.04648	0.04732	0.17182	0.04626	0.13083	0.0874
0.91433	0.88422	0.04437	0.63238	0.4614	0.05405	0.05402	0.18956	0.04918	0.04653	0.04764	0.17006	0.03755	0.13832	0.08812
0.90376	0.84949	0.04653	0.63168	0.48588	0.05306	0.05843	0.19712	0.0508	0.04895	0.04895	0.16108	0.04485	0.13397	0.08838
0.91239	0.85925	0.04499	0.62372	0.46645	0.05359	0.05305	0.19411	0.0474	0.04594	0.04727	0.17201	0.03785	0.13966	0.08853
0.90699	0.8817	0.04793	0.62838	0.486	0.05634	0.05557	0.19696	0.05575	0.05014	0.04637	0.17025	0.04433	0.13496	0.08802
0.91085	0.90031	0.04506	0.62012	0.47859	0.05367	0.05732	0.17907	0.04662	0.0515	0.0465	0.17741	0.04472	0.13134	0.08819
0.91651	0.8699	0.0433	0.62402	0.45589	0.05472	0.05607	0.19396	0.05062	0.04677	0.04607	0.16898	0.03849	0.13671	0.08878
0.91104	0.89923	0.04678	0.64309	0.48096	0.0562	0.05419	0.18721	0.05108	0.04865	0.04636	0.1625	0.04478	0.13143	0.08867
0.91682	0.86973	0.04413	0.63707	0.46709	0.0555	0.05282	0.19053	0.0527	0.0462	0.04592	0.1707	0.03746	0.13298	0.08936
0.90756	0.86824	0.04762	0.63578	0.48583	0.05464	0.05538	0.19343	0.04769	0.04804	0.04532	0.16975	0.04326	0.13578	0.08947
0.91472	0.88896	0.04613	0.63511	0.47431	0.05684	0.05405	0.193	0.05122	0.04681	0.04627	0.17933	0.03752	0.13485	0.08681
0.90803	0.87356	0.04901	0.63147	0.48221	0.05727	0.05489	0.1881	0.04772	0.04999	0.04674	0.16055	0.04557	0.12993	0.0897
0.91206	0.88345	0.04595	0.62917	0.46603	0.05423	0.05554	0.19014	0.04994	0.04687	0.04657	0.17439	0.03685	0.13725	0.08762
0.91104	0.90721	0.04829	0.6349	0.48446	0.05545	0.05665	0.20225	0.05198	0.04848	0.04696	0.17086	0.04429	0.13622	0.08807
0.91304	0.8733	0.04465	0.63169	0.46116	0.05425	0.05451	0.19209	0.05047	0.04525	0.04513	0.16539	0.03713	0.13543	0.08667
0.90962	0.88998	0.04713	0.62933	0.50014	0.0569	0.05687	0.19251	0.05031	0.04852	0.04672	0.16172	0.04547	0.12994	0.08822
0.91553	0.85957	0.04547	0.63154	0.46194	0.05405	0.05562	0.18972	0.04908	0.04777	0.04691	0.17369	0.03664	0.13697	0.0871
0.91197	0.90354	0.04818	0.62768	0.48099	0.05808	0.05486	0.1881	0.05015	0.04635	0.04676	0.15805	0.043	0.1298	0.08896
0.91621	0.87639	0.046	0.62094	0.4601	0.05687	0.05483	0.19449	0.0498	0.04628	0.04476	0.17224	0.03635	0.13442	0.08704
0.90217	0.83835	0.04877	0.6386	0.48363	0.05777	0.05613	0.18462	0.05598	0.04998	0.04744	0.16359	0.04487	0.13244	0.08824
0.91104	0.86522	0.04523	0.62158	0.46754	0.05326	0.05589	0.19446	0.04864	0.04662	0.04703	0.1708	0.0355	0.13894	0.08677
0.91445	0.8923	0.05039	0.64413	0.49223	0.05556	0.05958	0.18429	0.04635	0.0456	0.0467	0.16808	0.04447	0.12841	0.08847
0.9166	0.87235	0.04453	0.62284	0.47176	0.05563	0.05383	0.19875	0.04597	0.04685	0.0457	0.1708	0.0358	0.13613	0.08756
0.90883	0.87417	0.04665	0.644	0.48123	0.05882	0.05677	0.1889	0.04462	0.04766	0.04644	0.16787	0.04448	0.12599	0.08792
0.92197	0.88228	0.04512	0.62199	0.46513	0.05379	0.05193	0.19197	0.0512	0.04608	0.04644	0.16184	0.03488	0.135	0.08709
0.91352	0.86507	0.04784	0.63612	0.48362	0.05336	0.05573	0.20016	0.05171	0.04841	0.04516	0.17195	0.04407	0.12834	0.08948
0.91664	0.88051	0.04288	0.61746	0.47525	0.05359	0.05423	0.19298	0.05137	0.04796	0.04596	0.17498	0.03562	0.13882	0.08826
0.90907	0.90224	0.04528	0.63986	0.48613	0.05336	0.05699	0.19017	0.05474	0.04925	0.04753	0.16581	0.04432	0.13149	0.08716
0.9183	0.87206	0.04409	0.62081	0.47226	0.05463	0.05584	0.19215	0.05077	0.04698	0.04642	0.17456	0.03521	0.14034	0.08801
0.91092	0.86042	0.04545	0.6345	0.49774	0.05477	0.05518	0.19804	0.05346	0.04961	0.04529	0.161	0.04416	0.12924	0.08954
0.91838	0.86944	0.0457	0.62205	0.46428	0.0557	0.0546	0.18988	0.05102	0.04703	0.04693	0.16743	0.03545	0.13362	0.08792
0.90983	0.8804	0.05318	0.63846	0.50096	0.05253	0.06007	0.19763	0.05032	0.05322	0.05115	0.17125	0.04381	0.13012	0.08964
0.91702	0.88523	0.04569	0.61468	0.47734	0.05434	0.05351	0.19957	0.0508	0.04574	0.04629	0.17239	0.03416	0.13279	0.08991
0.91184	0.90564	0.04923	0.61676	0.49295	0.05397	0.05577	0.17944	0.05157	0.04997	0.04564	0.17126	0.04343	0.12989	0.08898
0.91583	0.88952	0.04384	0.6222	0.46956	0.0525	0.05412	0.19216	0.05116	0.04587	0.04775	0.17164	0.03402	0.13381	0.08666
0.91192	0.86409	0.04708	0.63581	0.48716	0.05395	0.0547	0.18825	0.0504	0.04999	0.04645	0.16914	0.04276	0.13138	0.08626
0.91601	0.86473	0.04512	0.62587	0.4727	0.05483	0.054	0.19298	0.05034	0.04665	0.0463	0.17488	0.03534	0.13467	0.08674
0.90616	0.87778	0.04766	0.63888	0.48885	0.05575	0.05684	0.1867	0.05132	0.05493	0.0488	0.16741	0.04313	0.13282	0.0893
0.91391	0.87759	0.04707	0.63275	0.47718	0.05383	0.05519	0.18982	0.04674	0.04671	0.04651	0.17095	0.03392	0.13614	0.0873
0.91103	0.89276	0.0481	0.63467	0.48894	0.05504	0.05505	0.20146	0.04687	0.05119	0.04476	0.16066	0.04334	0.12813	0.08983
0.91554	0.87271	0.04598	0.62431	0.46702	0.05235	0.0543	0.19176	0.05198	0.0469	0.04516	0.1656	0.03383	0.1297	0.08732
0.90987	0.86142	0.04561	0.61524	0.47775	0.05899	0.05416	0.17465	0.04844	0.05042	0.04573	0.16959	0.04346	0.13316	0.08912
0.91747	0.86839	0.04467	0.62389	0.47206	0.05313	0.0567	0.18964	0.05069	0.04721	0.04577	0.17188	0.03393	0.13618	0.08765
0.90989	0.90099	0.04918	0.62075	0.48499	0.06038	0.05918	0.18609	0.0505	0.05231	0.04644	0.16151	0.04296	0.13566	0.08977
0.91672	0.87187	0.04586	0.62482	0.47246	0.05625	0.05475	0.19161	0.04942	0.04782	0.04656	0.18196	0.03337	0.13763	0.08854
0.91204	0.89484	0.04724	0.63107	0.47902	0.05262	0.05604	0.19902	0.04733	0.04726	0.04707	0.16114	0.04367	0.12611	0.08735
0.91631	0.88079	0.04517	0.63415	0.4706	0.05341	0.05419	0.19328	0.04982	0.04534	0.04755	0.16907	0.03379	0.13404	0.08809
0.90968	0.86692	0.04644	0.63122	0.47938	0.05491	0.05604	0.17824	0.05145	0.04905	0.04645	0.17207	0.0455	0.12652	0.08729
0.91765	0.88504	0.04458	0.62029	0.46844	0.05419	0.05552	0.18819	0.05023	0.0474	0.04434	0.16385	0.0319	0.13494	0.08653
0.90809	0.88104	0.0493	0.63249	0.48571	0.05971	0.05591	0.18329	0.05043	0.05423	0.04905	0.16408	0.04539	0.12369	0.08951
0.91094	0.88203	0.04455	0.62838	0.4642	0.05513	0.05291	0.19185	0.04843	0.0466	0.04614	0.16878	0.03293	0.135	0.08894
0.90286	0.88705	0.04728	0.63819	0.4812	0.05387	0.05776	0.1889	0.04686	0.04731	0.04642	0.17398	0.04319	0.12908	0.08851
0.91876	0.88783	0.04379	0.62888	0.4614	0.05507	0.05567	0.19759	0.05084	0.04633	0.04578	0.16451	0.03241	0.13112	0.08623
0.90684	0.87749	0.0507	0.62638	0.48326	0.0601	0.05664	0.17419	0.05537	0.05151	0.04674	0.17137	0.04602	0.12702	0.08868
0.91285	0.8661	0.04597	0.62744	0.47063	0.05238	0.05395	0.18848	0.05161	0.04701	0.04524	0.17208	0.03271	0.13274	0.08787
0.91265	0.90326	0.04571	0.64102	0.48792	0.06617	0.0572	0.20037	0.05702	0.05819	0.04754	0.16203	0.04374	0.12871	0.08917
0.91547	0.86728	0.04479	0.62782	0.46986	0.05498	0.05306	0.19724	0.04967	0.049	0.04686	0.17408	0.03156	0.13916	0.08787
0.90329	0.86247	0.05098	0.63277	0.49051	0.05265	0.05808	0.17287	0.05017	0.04936	0.04596	0.16744	0.04385	0.12416	0.08916
0.91739	0.87314	0.04451	0.62854	0.46125	0.05594	0.05643	0.18429	0.05156	0.04641	0.04333	0.1687	0.03152	0.13357	0.08769
0.91138	0.90027	0.0506	0.62479	0.49702	0.05909	0.05661	0.19893	0.06264	0.0568	0.04789	0.15862	0.04438	0.13082	0.08853
0.91771	0.87983	0.0444	0.62608	0.46868	0.05419	0.05364	0.19194	0.04929	0.04575	0.04716	0.16833	0.0317	0.13459	0.08668
0.9088	0.87689	0.04735	0.62349	0.48669	0.05384	0.05655	0.18453	0.05494	0.05259	0.04922	0.17003	0.04393	0.13019	0.087
0.91356	0.87389	0.04617	0.6216	0.4715	0.0538	0.0551	0.19701	0.04847	0.04572	0.04771	0.16402	0.03099	0.13669	0.08925
0.90309	0.86827	0.046	0.62262	0.48187	0.05535	0.05559	0.16829	0.04776	0.05036	0.05028	0.17797	0.04268	0.1222	0.08883
0.92058	0.87784	0.04599	0.62058	0.46537	0.05489	0.05479	0.19912	0.0475	0.04617	0.04677	0.17352	0.03072	0.13428	0.08852
0.91292	0.90502	0.05082	0.62673	0.48486	0.06369	0.05885	0.17627	0.05115	0.05114	0.04832	0.16419	0.0435	0.13024	0.08836
0.91662	0.8632	0.04619	0.62729	0.45712	0.05463	0.0538	0.19013	0.05014	0.04688	0.04639	0.17358	0.02879	0.13239	0.0862
0.9095	0.88545	0.0582	0.63708	0.48539	0.05807	0.05738	0.1915	0.05194	0.05083	0.05052	0.1649	0.0431	0.12188	0.0875
0.91551	0.8736	0.04479	0.62996	0.47236	0.0538	0.05543	0.18732	0.05391	0.04632	0.04477	0.16631	0.0288	0.13376	0.08722
0.9072	0.86357	0.04843	0.62991	0.49711	0.06158	0.06193	0.19519	0.05139	0.05522	0.04849	0.16819	0.04273	0.11891	0.0892
0.9152	0.86511	0.04553	0.62473	0.46263	0.05542	0.05621	0.18408	0.04785	0.04661	0.04583	0.16106	0.02967	0.13396	0.08762
0.90522	0.8935	0.04917	0.63949	0.50348	0.06107	0.05874	0.16527	0.06143	0.06955	0.05162	0.17046	0.04358	0.12481	0.08936
0.9138	0.86717	0.0456	0.6288	0.46906	0.05487	0.05484	0.19569	0.05037	0.04681	0.04694	0.17221	0.03035	0.13316	0.0863
0.90706	0.90207	0.05146	0.62987	0.48809	0.05808	0.06009	0.1976	0.05775	0.0564	0.04938	0.16927	0.04422	0.12657	0.08873
0.91276	0.87866	0.04403	0.62726	0.46773	0.05438	0.05207	0.19531	0.0514	0.04581	0.04509	0.1703	0.02914	0.13843	0.08726
0.90989	0.8941	0.04803	0.62433	0.48009	0.05547	0.05374	0.17526	0.05239	0.05323	0.04958	0.16584	0.0435	0.12637	0.08968
0.91408	0.86932	0.04375	0.62515	0.47455	0.05443	0.05523	0.19037	0.05005	0.048	0.04618	0.16761	0.02987	0.13639	0.08802
0.90508	0.88246	0.04993	0.62823	0.48768	0.05774	0.05644	0.18403	0.05773	0.05289	0.04761	0.16939	0.04413	0.11729	0.09131
0.91668	0.88287	0.04564	0.62701	0.46575	0.05219	0.05472	0.18977	0.04834	0.04532	0.04573	0.16603	0.02927	0.13754	0.0891
0.90842	0.89161	0.05357	0.64693	0.50573	0.06329	0.05512	0.20065	0.05864	0.05292	0.04761	0.16897	0.04494	0.1196	0.08841
0.91667	0.86486	0.04385	0.62662	0.46993	0.05507	0.05427	0.19921	0.05229	0.04569	0.04662	0.17493	0.02814	0.13264	0.0869
0.90701	0.89181	0.04939	0.62387	0.49692	0.0581	0.06382	0.18943	0.05362	0.05734	0.04888	0.17901	0.04379	0.11862	0.08978
0.91788	0.8711	0.04406	0.63339	0.46288	0.05596	0.05483	0.19061	0.05068	0.04653	0.04779	0.1692	0.02842	0.13801	0.08727
0.90706	0.89899	0.0473	0.64002	0.49799	0.06088	0.05974	0.17978	0.05025	0.05184	0.04841	0.16863	0.04371	0.11807	0.09149
0.91473	0.86475	0.04546	0.63582	0.46568	0.05383	0.05646	0.19118	0.05045	0.04734	0.04737	0.16646	0.02789	0.13618	0.08805
0.90241	0.84667	0.04902	0.61565	0.48713	0.05451	0.05577	0.20175	0.05896	0.05153	0.04586	0.16976	0.04381	0.12714	0.08876
0.91652	0.87217	0.04467	0.6179	0.4607	0.05417	0.05418	0.19087	0.05213	0.04493	0.04553	0.17121	0.02868	0.13491	0.0881
0.90578	0.86814	0.0482	0.64249	0.47265	0.06136	0.05804	0.18469	0.05566	0.05413	0.04867	0.16828	0.0444	0.1242	0.08833
0.91656	0.87052	0.04598	0.6251	0.46835	0.05585	0.05571	0.19878	0.05006	0.04663	0.04658	0.17435	0.02771	0.13766	0.08956
0.90561	0.89757	0.04875	0.63107	0.4996	0.05581	0.05819	0.18906	0.05534	0.05042	0.04765	0.16687	0.04364	0.12922	0.08936
0.91549	0.87218	0.04599	0.63928	0.45908	0.05558	0.05495	0.18866	0.0513	0.0457	0.04596	0.17586	0.02804	0.1375	0.08727
0.90797	0.85767	0.04951	0.62855	0.4843	0.06112	0.05913	0.18706	0.05756	0.05285	0.04663	0.16546	0.04277	0.11947	0.08814
0.92053	0.86837	0.04528	0.62472	0.46344	0.05423	0.05405	0.19372	0.05134	0.04614	0.04554	0.1686	0.0292	0.13638	0.0878
0.90578	0.86779	0.04889	0.63799	0.48129	0.05773	0.05674	0.1839	0.05424	0.05317	0.04975	0.15902	0.04429	0.11446	0.08785
0.91971	0.87357	0.04548	0.61772	0.46592	0.05335	0.05545	0.19524	0.04662	0.0466	0.04529	0.16758	0.02707	0.13181	0.08844
0.90386	0.88651	0.05141	0.60503	0.48751	0.06975	0.06252	0.20327	0.05319	0.05732	0.04809	0.16434	0.04374	0.13123	0.09031
0.91441	0.86394	0.04603	0.63378	0.4643	0.05454	0.05468	0.19578	0.05047	0.04577	0.04498	0.16673	0.0267	0.13408	0.08825
0.90938	0.89376	0.0463	0.61725	0.48032	0.06129	0.05498	0.19031	0.04765	0.05218	0.05258	0.16899	0.04366	0.12583	0.08866
0.91618	0.87387	0.04622	0.62304	0.46913	0.0543	0.05388	0.19678	0.0528	0.04628	0.04522	0.17578	0.02719	0.13263	0.0877
0.90542	0.86849	0.04847	0.60714	0.49217	0.05299	0.06152	0.20311	0.05166	0.05343	0.04602	0.16976	0.04352	0.12146	0.08966
0.91424	0.86058	0.04523	0.61706	0.47164	0.05806	0.05631	0.19039	0.05	0.04783	0.04762	0.17452	0.02724	0.13318	0.08788
0.91171	0.88351	0.04744	0.6158	0.47982	0.05401	0.05654	0.18643	0.04821	0.05119	0.0446	0.16254	0.04287	0.12334	0.08854
0.90946	0.86796	0.04574	0.64557	0.47529	0.05539	0.05368	0.18564	0.04989	0.04677	0.04689	0.17309	0.02696	0.13806	0.08584
0.90731	0.89218	0.04753	0.60642	0.48391	0.05894	0.0586	0.19823	0.04789	0.05253	0.05166	0.16091	0.04444	0.11736	0.08901
0.91189	0.86124	0.04679	0.63648	0.47208	0.05235	0.05501	0.19013	0.05622	0.04649	0.04512	0.16605	0.02733	0.13116	0.08865
0.905	0.86433	0.05041	0.62422	0.48917	0.05474	0.05917	0.18411	0.05326	0.05783	0.04649	0.16324	0.04217	0.11846	0.0894
0.91686	0.87768	0.04532	0.62213	0.46811	0.05503	0.05303	0.19323	0.05054	0.04686	0.0467	0.17767	0.02722	0.13211	0.08725
0.9108	0.88426	0.04881	0.62262	0.46824	0.05761	0.05559	0.19195	0.04446	0.04764	0.04796	0.16792	0.04298	0.12151	0.08625
0.91282	0.86598	0.04665	0.62959	0.46546	0.05642	0.05614	0.1907	0.05459	0.04605	0.04613	0.1681	0.02619	0.13578	0.08848
0.90542	0.89495	0.04683	0.62989	0.48959	0.0568	0.05676	0.19346	0.05852	0.05021	0.04874	0.17075	0.04132	0.12577	0.08908
0.91665	0.8871	0.04457	0.61821	0.46288	0.05356	0.05529	0.19281	0.05152	0.04629	0.0453	0.1696	0.02612	0.13692	0.08664
0.90733	0.90541	0.05056	0.63523	0.4771	0.05827	0.05533	0.2018	0.05122	0.05292	0.04736	0.16351	0.04362	0.11301	0.08897
0.91338	0.86774	0.0444	0.6227	0.46455	0.05381	0.0527	0.19474	0.04924	0.04555	0.04448	0.17494	0.02604	0.13702	0.0875
0.90968	0.90188	0.04582	0.6304	0.49535	0.05475	0.05936	0.20647	0.05399	0.05374	0.04815	0.16846	0.0409	0.12106	0.08884
0.91886	0.87255	0.04507	0.63833	0.46523	0.05249	0.05294	0.1938	0.05354	0.04672	0.0457	0.17943	0.0249	0.13467	0.08951
