mass_1	mass_2	phase	time	distance	a_1	a_2	tilt_1	tilt_2	phi_12	phi_jl	theta_jn	psi	ra	dec
7.323205411405244	8.006993105279953	0.530884363991493	7.969439129949547	0.736966852457413	0.6946668137829214	0.5533874362245378	0.1445459695649508	0.13517813620492664	0.5152283609050022	0.5188021614346703	0.8077002123961751	0.5181866346243373	1.2657556491666964	0.6537805743918086
7.380854532557394	8.638734292236293	0.5181736654864176	8.466548195852434	0.7382949542202025	0.6724802421078186	0.555307312123946	0.14443330558269585	0.13943437668479416	0.5368429996818485	0.5057372998716851	0.8091551001125247	0.5223985794493388	1.2787610245475485	0.6929144872398874
7.4591403807152945	8.518718352283342	0.5430345416616243	8.673611500790859	0.7351991999255167	0.6587324826685849	0.5504224125819933	0.14322411177997124	0.1302276440362447	0.5382512820359471	0.5163629644744241	0.8272316057852721	0.5259744534343982	1.2996387813376462	0.6769407769478718
7.349214496045604	8.428382028944695	0.5151346265492001	8.627458099461277	0.7478017156535426	0.6963038850904215	0.5612722729938479	0.14890411050219143	0.1335223489724099	0.49727459469863217	0.5174186187070182	0.8204727938226102	0.5005267402273322	1.2230956427242423	0.6588220511689405
7.369029438303551	8.451072624103128	0.515054051832041	8.855062346592366	0.7450984269367702	0.6785997435210671	0.5587923937038887	0.14609577504324742	0.1427388016700309	0.49929586928178565	0.5159943699412336	0.8310080448436542	0.4987321053190334	1.2207460735371725	0.6604356260794658
7.420122234030285	8.282135969857721	0.524411631190856	8.683317917187198	0.7404116849076965	0.6664793128035242	0.5285215673314658	0.14604395766150552	0.13555789352951145	0.503898659298602	0.5096082697138345	0.8136100977371723	0.5309314989008239	1.302479018088584	0.6344079739381223
7.333212830570928	8.166934055917569	0.5169361538209103	8.893384607468628	0.745848143327873	0.6874244389255523	0.5363999056459976	0.13362456075560525	0.1359692070661719	0.49031755362316326	0.5133316095518515	0.8119032291968737	0.525522613792896	1.2326974594128428	0.667399369398592
7.372721223392197	8.367290306875638	0.5091300413994586	8.833261277298455	0.7338323284823166	0.6648798056979606	0.5217386488210111	0.1352257642812252	0.12726214261247126	0.5284534385027342	0.5228403645027295	0.8054759471463827	0.5137304404041728	1.2311697528421586	0.6413798824545351
7.355253992057855	8.282019996820628	0.5240179350742167	8.820839786196759	0.7547310011650931	0.6812725078966151	0.544021096981098	0.14417128498468285	0.13258421739268916	0.49224167148173514	0.500320438988324	0.8052521288986125	0.5011797617715779	1.217097375511273	0.656740967526987
7.332738277535731	8.45901073231748	0.5250500002962931	8.89013129492022	0.7444592459873156	0.6724687700935706	0.5439281114771989	0.1450456048441248	0.12846463853683185	0.5169423136658232	0.5183277117473204	0.8025580023256466	0.5011494245043553	1.2333269921522136	0.6532273231811554
7.282401128120739	8.451420006053098	0.5210252819233739	8.807658736018976	0.7430899015107331	0.6732427519775117	0.5387940145401735	0.13730880511193697	0.12627053242929656	0.5286758347056891	0.5263587842732138	0.8147186862850823	0.49714332910900677	1.1870040583972001	0.6609014997258592
7.395674550698182	8.543224364427832	0.5287640165685181	8.87313009233082	0.7452915914145992	0.701823626553823	0.5460470817192152	0.1358025276182436	0.1342087438962656	0.4855566599406729	0.5003965088709746	0.8136436432999794	0.5031631589217417	1.2201343150935977	0.6328402144605964
7.4167650931560996	8.368990571594308	0.5177123973914151	8.69958259881569	0.7361837899282467	0.6857021262502067	0.5539526014617042	0.1522348902813431	0.13313327465490413	0.5159570695386289	0.5191302976385342	0.8119449619763065	0.5135608754398328	1.2065516133055008	0.6502450533479667
7.434644724392209	8.318474949526749	0.5158603915962561	8.928712002109343	0.7490002808230957	0.7014102808796168	0.5578518904698849	0.14662383162769602	0.1380191292149034	0.5055140560350481	0.5092608178427698	0.8230573394974432	0.5021758616815069	1.216103939454152	0.6565292905018
7.39064454791501	8.306534861029515	0.5005017128530783	8.773390949257989	0.729345290817563	0.6700022746492557	0.52752049468022	0.14916098910373446	0.12664642623411418	0.5289484389874426	0.5037616090108185	0.8101937471483562	0.5071909699140342	1.2162493963746661	0.6308318186819442
7.43463539719722	8.27889807411233	0.5083886782097621	8.821606007603666	0.7463643884145088	0.7055720571790722	0.55070677163885	0.1438033440508051	0.1237426953626945	0.4875984670977657	0.5047869035176751	0.8071774007231459	0.5094636000999342	1.2205877144090052	0.6632665576885112
7.609055682318086	8.384531143908598	0.5005646118529725	8.71569834596381	0.7398195718579573	0.6518641600015219	0.5284856919425254	0.1432433048333149	0.12582293107229364	0.5113468362789368	0.5170127407188188	0.8120582798960935	0.516013084566445	1.217775480115384	0.6666564102062124
7.300631492601829	8.383804151341252	0.534782532733041	8.71789991158405	0.7348882796936355	0.6995489642104455	0.5362163241295878	0.13897269732491904	0.13613023135697816	0.5045076314784188	0.5029593382027925	0.8222258438952987	0.5139010873507095	1.206442918181911	0.6537602570907654
7.467085504102844	8.3107590540877	0.5361246502082623	8.710601181342957	0.7459435769103981	0.6628661010936919	0.5100747202532558	0.1510794883126798	0.13441786356316648	0.521410685322256	0.52008418119026	0.8134621822237057	0.5265367224768703	1.2303469488163081	0.6630335112857529
7.398555686236249	8.277049648940428	0.5097832337145928	8.651952266368555	0.7377691667099332	0.6657648725847896	0.5350456231778249	0.13873402446681016	0.13048434437605644	0.5032142340260278	0.5241982130766046	0.8246301929421325	0.5070337189569966	1.1977383469366054	0.6698113114614557
7.335855083827118	8.290036815087987	0.501831204622496	8.66677495479845	0.7522079354526807	0.6904505738876334	0.5476343790164891	0.1457111892638903	0.13368583325404074	0.5070846985852605	0.5016238596676911	0.8071386690318854	0.5192081703592939	1.223581966571154	0.6466081076393245
7.196350044847805	8.312575155946153	0.5185797965834815	9.181535617182172	0.7432253975310592	0.6713103161075956	0.5217428279962902	0.13645643265154128	0.13289804885470596	0.5090567838716913	0.49924678272791106	0.8206352635421882	0.5081337787730197	1.2080317568815324	0.6564781295791217
7.512562095086001	8.278418569487853	0.5540002199469377	8.70087060300072	0.7505197338764602	0.6750523419996759	0.5430393259694309	0.1440993970825709	0.14162264854952442	0.5196853988216276	0.5062632876805416	0.8199971801433451	0.5250491765451414	1.2163444261012262	0.6525318017803493
7.468153395237627	8.141846529625822	0.5130343753548662	8.79086568476662	0.7385947019709241	0.6558350231512732	0.5399383698917821	0.13690576585636	0.12228170220892175	0.5330570057728778	0.5152493575057994	0.812041702310648	0.5257340094445405	1.2593933224239615	0.6794843926218371
7.547249727328321	8.391952251547483	0.5325051912184127	8.691699467473079	0.7424509378636784	0.6715953694984054	0.5552953408258974	0.14722547339692238	0.12969052000592537	0.4956133698942382	0.5081827764381116	0.8277636975752973	0.5163817359422953	1.2190464273445822	0.6376833116804256
7.689207061849932	7.722672554789283	0.5255401475206749	8.452313353758104	0.7434676289211861	0.6738999047844592	0.5171534214864904	0.1389651358989824	0.12785677382362762	0.5137332418790429	0.5360973791243009	0.8175022010963514	0.5157322542426441	1.1790961805603373	0.6573792307672848
7.457747760992159	8.303179653964026	0.5397040197541167	8.799952996403935	0.7497852103836852	0.6974953782962215	0.5539054057059274	0.14936898508199903	0.13596565749768671	0.5089059532704977	0.5098090296479769	0.822247475170899	0.5107739801826849	1.2384343553191464	0.6578440822197974
7.692842482829539	7.76440417008385	0.5272150508521326	8.73971716002052	0.7407524232499236	0.6669917090098091	0.5321985546515867	0.14504633832957062	0.1292561402592647	0.5286874249514257	0.5373667367180879	0.8172909438371773	0.49991060165711515	1.22777735874622	0.6599224296880523
7.560834737107684	8.385200484955321	0.5317430220105649	8.994508237256497	0.7498548842223842	0.6852181929534065	0.5492596909579465	0.15021641263772162	0.13766146889749317	0.5081502993000773	0.5142082679057981	0.830770347857066	0.5180938771475834	1.2232761392146272	0.6504030682162725
7.543326343060301	7.46209476038172	0.5272905081718922	8.851176331911635	0.7442114696808418	0.6661654050900031	0.5574129330985811	0.14126193377566057	0.12393109822614198	0.5187031201229265	0.502927749363522	0.817301838522448	0.49630695604604724	1.1946832101227416	0.6744013230064139
7.509660953385373	8.048484690795487	0.514565533112768	8.819929418036157	0.7485305652307782	0.6877235186198092	0.5511037961314892	0.151993131983205	0.1444987427862711	0.4992353229016514	0.5008945493282724	0.8302977591004225	0.5249999869258304	1.210745964716651	0.6440557963834745
8.329547904414877	7.277856854909426	0.5209420541488129	8.855004377633966	0.7475149235779449	0.6789190295707359	0.5455725922472028	0.13121275625376896	0.13088758953714769	0.5245558896458526	0.5329052085002758	0.8194620400714557	0.5098922359327034	1.2062852961372441	0.6548281370577027
7.587388259236491	7.91855476678937	0.5100581430708644	8.68950611917182	0.7618763054467701	0.684626871126605	0.5546876143598762	0.14454218365455362	0.12892323512504947	0.49337148782376034	0.5148013996289736	0.8222913711564677	0.5199057360685804	1.2441843397327124	0.6500831738174488
8.667627335284177	6.545285544164548	0.5091425476792187	8.687535502636802	0.7431923490748701	0.6584358284048843	0.5245543597266927	0.14503722294692895	0.13492098480240086	0.528469123043889	0.5409018672624365	0.8139970384645868	0.51138560551082	1.202735631513307	0.6626291897833052
7.42348538238304	8.160729949265788	0.5326447122578459	8.886199032094696	0.7661544749950926	0.6987639379505661	0.5457234954425679	0.14368166071114785	0.1357976197781962	0.4960468141136789	0.49787973736204566	0.8305450694841369	0.5284907396482613	1.2187845451936072	0.6469777449532849
9.017680810083686	7.542231879339085	0.5171466651750982	8.846089456188006	0.7497249579806834	0.6536026028351724	0.5470404781011727	0.13867346228197036	0.1324950949206784	0.5179053707859994	0.5171073534442092	0.8053109948462822	0.5010084041305011	1.1755872935135903	0.6587336335805297
9.200555665769382	7.689691813410517	0.5199026305006859	8.742043676902197	0.7478553233562146	0.6552137031009736	0.5414007330627496	0.14105267339373254	0.12571561893216684	0.5154902203274535	0.5191158584497825	0.8043083205067488	0.5064654508247184	1.197159976412331	0.6595039113231069
7.355139519668853	8.196333303617314	0.5250797477543813	8.797433560106237	0.7645211272213891	0.67169711501415	0.5426664580531552	0.1422642383080941	0.14089159413547397	0.4949785617806114	0.5139741314190907	0.8201933610744492	0.4879709525816027	1.218669916671531	0.6407353104595979
9.11819024659648	6.770428491973996	0.5054115217204771	8.763672123888385	0.7430691889324139	0.6483197875664474	0.5396765395035514	0.1376576526559641	0.1272251841345113	0.5294122844536991	0.5473316968398397	0.8071317092091309	0.5147780780708725	1.1744987209187605	0.6392794156054529
7.406450208371107	8.324525602457465	0.5275727482894829	8.786664207160346	0.768488599890515	0.6985165671057592	0.548423661994351	0.14571734301634665	0.1390340170239465	0.48859022084451575	0.49805996190189833	0.8194896824441362	0.5092204945987839	1.2336565476966963	0.6571845260899168
7.973199267181303	7.3154842867913015	0.5143953553779709	8.45505689624977	0.7447664795936257	0.6680344581379873	0.5277321288786126	0.13993027918905818	0.1349429611661239	0.5240224833844186	0.5312115955522178	0.7990337738578108	0.5063169472338822	1.1835470284385563	0.6631758614019706
7.439049400215597	8.326129720583896	0.5201591518793166	8.772522534429655	0.7640985492071619	0.6875756610250041	0.5594991855475836	0.14804229536900834	0.13848178789811896	0.49909888489680093	0.5140368049067634	0.8203167987781236	0.4992148985252906	1.2244747554248825	0.6540803064811447
8.285637115417021	7.5085734168294795	0.5186065811040728	8.704036895228873	0.7500163346323595	0.6474128951971199	0.5416493396675074	0.14689294438741016	0.13143527058107507	0.5143705402459176	0.5161007957190062	0.8161631136610094	0.5315532354065309	1.2024797120790855	0.65284443697617
7.503348917139786	8.166486310764506	0.5072676521734768	8.811441497697077	0.7659526580117746	0.6766393057116473	0.538308718351112	0.14529406223185953	0.13531707623258435	0.48354492926272524	0.5095877259929324	0.8203923604242356	0.5120232833876917	1.216129052913175	0.6362076729656257
8.145290458913678	7.7735876575466	0.5170236042879943	8.633924405556721	0.7360367813448112	0.6605585226709082	0.5440893261337036	0.14000868882573445	0.13718835188327458	0.5219031876814909	0.5324887367146929	0.8099936956253753	0.5285172621020641	1.2524894259108363	0.6725745566667714
7.402143241466819	8.273462594749287	0.5171003405647474	8.811939189514563	0.7718141327212352	0.6899803806571183	0.537853066129656	0.1305390471895573	0.13948807167703273	0.49480937053969204	0.5085295892234247	0.8226607037566444	0.5227767428390129	1.2042959194103906	0.6452673228177124
8.73307594834692	7.765555113578836	0.50278123508239	8.706369253771713	0.7415186938086078	0.6812996865299822	0.5484233322512942	0.13688764468186237	0.1287394206896428	0.5169238968081836	0.5266170387471591	0.8034099179850206	0.5141387751833274	1.223905944139888	0.6460366834891669
7.4250187822313976	8.461155653844415	0.49389237550887854	8.792520285358895	0.7670296903851619	0.7005866047185928	0.5387505045351475	0.1335494721202959	0.1431536867601607	0.4835581781786484	0.5131547925731296	0.8239601306897949	0.5013000597545296	1.2107963829385602	0.6608733796578673
8.178170738337798	7.855238014463306	0.5287930074266709	8.645485246967741	0.7433625980085863	0.6637956298347938	0.5341615307615313	0.14962528054270177	0.13265440911972837	0.523028043951205	0.5364423974727877	0.8175599669495105	0.5113718165588512	1.1980441446026096	0.6627326928918028
