mass_1	mass_2	phase	time	distance	a_1	a_2	tilt_1	tilt_2	phi_12	phi_jl	theta_jn	psi	ra	dec
6.509196486589186	6.16457951079867	0.5277860749871532	10.070697967843989	0.7331673177832373	0.6603594779917092	0.542734602681809	0.23563813493437916	0.16458243320217814	0.5264833591918963	0.6954145336458579	3.235059466606135	0.5184913192206956	10.47635574634855	7.452652229007412
6.631889850603165	6.27916678140019	0.50916871374053	10.048575918034784	0.7087412586146782	0.6426555159434605	0.5335631269443851	0.22071417889300218	0.15058673549254287	0.5253963185152386	0.6717135463165697	3.059153765629989	0.5391075887917453	10.643258565265917	7.477685425372171
6.727448610049459	6.244527069162294	0.5099709859775514	9.780875879486043	0.7225236477937014	0.6005545710783444	0.5484813812201396	0.2003253430476693	0.15318612609046933	0.5136387502981014	0.7020133024614372	3.1357178255023053	0.5189434480041384	10.43136341223559	7.340532736051698
6.67455914224092	6.470295999732825	0.5109548017580154	10.01866164344212	0.7012891843808495	0.6379677411291922	0.5374856414096019	0.22642057246266825	0.16777750050788118	0.5131056200417302	0.7103293821022669	3.0694121470927893	0.4978729952770745	10.431898588702833	7.225105853180627
6.725840536008228	6.317443390088684	0.5258502588634493	10.285267251433181	0.7268638503219705	0.627578984563225	0.5647247232191696	0.22884461418467994	0.16338761142904834	0.5004745217374444	0.6845170527044672	2.9852542335957235	0.5014355277201563	10.910075394149588	7.203387019893646
6.703542351397712	6.27543827851705	0.5107112555213207	9.777862543297964	0.7020854875134184	0.6005814883582975	0.5538133019261721	0.2215339489084209	0.13810998207018854	0.5082080639301733	0.6964999715355827	3.0543557422926884	0.5134124335988984	10.562543233152411	7.1766805088689845
6.690115842863035	6.073786838904222	0.5060538244140758	9.52668739518338	0.7219444057244246	0.6301901130300627	0.5455903145154746	0.22000445930164675	0.16456834341107945	0.487248540086599	0.6698704147652577	3.157988937977463	0.5184790521279097	10.791612817595137	7.167634716764409
6.713620568623904	6.3464922374577695	0.5092831958832472	9.841313808990364	0.7098013477967783	0.5824100584050385	0.5301673441554928	0.23177460215499437	0.14902533300235946	0.5299634062906873	0.653064057865843	2.987624977364761	0.513509535425866	10.528576323152466	7.2696258202199
6.687669277994831	6.265186058311099	0.5396470608456518	9.56566062960536	0.7487256851444927	0.6342402637507596	0.5420714574544845	0.2270291174796176	0.1585584426096213	0.48802089373649893	0.6815317696160414	3.050766311205363	0.5178519190485811	10.399967259842157	7.304320734283361
6.651819456771118	6.319570601482099	0.5139673281765771	10.172948959818624	0.7124181339614262	0.6032773201810534	0.5445649324699939	0.22903774464406526	0.152873196284553	0.5251071735410285	0.6688699988027716	3.0423418352386666	0.5294506991062213	11.192725592067575	7.469396387617096
6.571890347667951	6.360704667840551	0.5157571402264124	9.712417725744173	0.7063322966529133	0.6147425593504948	0.5226039272768284	0.22178862826586845	0.15695191155727817	0.5150683951307987	0.6794393365234511	3.039779751000425	0.5051453181033373	10.460344409471299	7.3947733787696235
6.7317526039383875	6.476265736444379	0.5111097845894897	10.312796389189604	0.7309175124838372	0.6325275204034653	0.5387643860150708	0.21291764347795344	0.15493683551020787	0.5049062813335538	0.6840536351808693	3.031766191406082	0.5121480168037248	10.408875761520616	7.413947615137487
6.732897970113512	6.349480796470921	0.521022063408474	9.531040520320703	0.7036050036328184	0.6035206376954957	0.5220962451006738	0.22042440169590283	0.15586828489750404	0.521596455202633	0.6841853968173164	3.0495799813997517	0.5117542972923006	10.453494518518353	7.421344025729816
6.766416138353503	6.335814086949997	0.5065281615924333	9.908876398753355	0.7341598580621345	0.6305364493806009	0.5388759283732896	0.22105599624719385	0.15895830605459524	0.49758058798659205	0.6912887465150713	3.0271431626607073	0.506013650827048	11.088126180636841	7.325029962248706
6.7385245156547064	6.359740033156796	0.5217075553030625	9.348915644057213	0.7103992730460393	0.6096795393860784	0.5144348345067573	0.23953812658418322	0.1493467891325814	0.5238338236443401	0.6947747444189294	3.0652865908328475	0.5217486364411912	10.418043588405494	7.0449293452341
6.774024925630491	6.394521106318704	0.5084133582795334	9.441657552627927	0.7246103474025841	0.6141715122993454	0.5299548826836008	0.22151098512973616	0.1484802915879169	0.5157897249721748	0.6765728460060904	3.0850757568746023	0.5272254341862207	10.60434697949369	7.33631122540163
7.062643307162024	6.287645566276436	0.5099820612910801	9.45377827854432	0.7006029529764167	0.5926899327315664	0.5249506036274283	0.21673163465315326	0.15142831730044984	0.5139198604023193	0.693144241663435	3.0293213691072625	0.5323383631164164	10.615119048575641	7.3577761667723545
6.601466198035306	6.646562019776339	0.5251041866044108	9.574944172408776	0.7366733193191156	0.6210017807788416	0.5248902146604739	0.221914190715446	0.1649843459198519	0.5052639768253944	0.6794463706971019	2.994988100876583	0.5108249257050769	10.432162311996526	7.231722594593782
6.8003824654753116	6.233763210796085	0.5349238504657085	9.747170215238542	0.7242905450565224	0.629021863378611	0.5391274098591196	0.22257161184532104	0.1516763884328472	0.4995903220425538	0.6864141666366256	3.0924142774760464	0.5267737566481202	10.414931554219613	7.712725854059603
6.85685488688649	6.275721890831448	0.5168483905965863	9.574711998754907	0.7049958934340376	0.6015773126985547	0.5202946904121356	0.20522587415232788	0.15880259090185075	0.5155979232628533	0.6758875917882231	3.068947379235892	0.5185431584912233	10.945191689577555	7.048714226967619
6.6542018917691035	6.637403005738029	0.5137428599640087	9.61015300383086	0.7343320364623206	0.6359573879769174	0.5395146739329737	0.20812933594895225	0.16728047115228012	0.49096880296636664	0.6664404066388878	3.0192656324668237	0.5142420853601586	10.498012623387968	7.298307180812919
6.440910202482183	6.224835384550026	0.5418835015694365	9.377908458292456	0.7311321947934777	0.5969086681995935	0.5166286093527069	0.2251666182204231	0.14951476276632114	0.5113730461594985	0.6900762955939945	3.0112895439908867	0.5207523410486544	10.575259024412235	7.29311118882419
6.980469032356793	6.7347781394361	0.5372364566476672	9.921641877883607	0.7330741256956487	0.6529741196022886	0.5677676764250492	0.2286809014380071	0.16481530553344398	0.502634089753044	0.6857408026348177	3.0500570641445965	0.5306223587773969	11.072381312240964	7.343825068961674
6.853790537811212	6.221759608966852	0.5134669665300007	9.821010089949198	0.7246986060591619	0.5904647503866375	0.5400003643939562	0.2142085679520974	0.16002113474925422	0.5051185721405708	0.6950848807691327	3.024220946556017	0.5301477274225799	10.555127272802988	7.426061187336636
6.942922479000336	6.779064643406878	0.5129016617591655	9.403502748735937	0.7357505101445175	0.657809558615489	0.5483109905792055	0.21102994699004446	0.15692569518745816	0.5093927680932382	0.6859088246930748	3.0312879501056624	0.5366451885747746	10.480707286181806	7.30458362401857
7.220342380781101	5.959068224089181	0.5048936774775912	9.675776431595118	0.7245203651173127	0.6059311578661268	0.5133967917028689	0.23114509234015346	0.15236357670854997	0.5178010651365078	0.6840318445322475	3.049314060922577	0.5167126157345852	10.412903968507127	7.374949797301643
6.825710347484631	6.695002279102146	0.51388261775	9.738115238066657	0.7365923157600308	0.6135220235980761	0.5435557062034181	0.21327195882667252	0.15512534438920403	0.5008189172913121	0.7015278064949547	3.0370977476262624	0.5066010752169691	10.728189261319894	7.2490493376242675
7.144499892135706	6.079182991089267	0.5136860284571455	9.689930973751549	0.7177051899287377	0.625813209926502	0.5495311136732066	0.21596169573684193	0.15159766069075248	0.5259654054811328	0.6943016482637098	3.0516739633147547	0.5137467129327737	10.592212865717503	7.289499990271692
7.029535015908678	6.577231272991384	0.5144841318450755	9.72237403294141	0.734116680723436	0.6337396179131739	0.5533653290964912	0.22741035647487065	0.15577610690614782	0.4948615748380861	0.6857495129358737	3.027122255155434	0.5270515935688083	10.748855276213158	7.3019271346215335
6.9488573867499	5.991138128227103	0.5114573865172151	9.58001518003689	0.7136941631141945	0.6040441402801976	0.5333468717445663	0.20826644728931112	0.1492875753479906	0.522172322739819	0.691680040711391	3.102899424293662	0.5213499400521752	10.558655770955987	7.36859844698551
6.933823454476094	6.588057237353188	0.49949863398313804	9.971407822473594	0.7508717027713203	0.6242653412906476	0.5474825915112774	0.20845936731650444	0.16894894228094487	0.5006287804632457	0.7001583804983874	3.0756316785675044	0.4963897374516502	10.379721310714416	7.293971990208119
8.235421061858123	5.832052064621343	0.487484556368428	9.694499031492345	0.7024234571234969	0.6037987661880356	0.5297392611755793	0.2127849283622871	0.16290273797163515	0.5112481748438796	0.7082921301862182	3.056691143134446	0.5303650170684633	10.427647138555935	7.3625664399424
7.173308129293609	6.597419639252425	0.5048042581555107	9.632854410623576	0.7380208292182073	0.6310517789958107	0.5544347734605869	0.21858033633283033	0.16343472482717866	0.49889468658814723	0.6922526264200504	3.0690724383762715	0.5188411386699504	11.280254984167048	7.118680314980896
8.718550116012139	5.622775345688383	0.5265035221502343	9.745265812179113	0.7332425826105714	0.5864260737568495	0.5454668454310294	0.2249081899485658	0.15586022877977565	0.5087566381902614	0.7032973796845194	3.0628183170235834	0.5143239608452005	10.957267181015798	7.053651376160339
6.946441023701509	6.51905270072785	0.5235772791605273	9.496187703349115	0.7450780180002965	0.6424620191600532	0.5408747475646585	0.21244738706760322	0.16743947838715295	0.49273641662220524	0.6631449835834666	3.014709690785606	0.5135812606888335	10.561746285913864	7.158645254995239
9.270349326032541	5.704719708786219	0.5157842944999419	10.425973960558654	0.7187993586683862	0.6057669083189683	0.5397363694376077	0.21774071088798574	0.14927989225206476	0.5224892387037054	0.7177719867140121	3.058586169893407	0.5192865876619023	10.435294988929371	7.092894933612585
9.523194758853835	5.995966129217961	0.5166184271400694	9.444641474016976	0.709081989956244	0.5958578923559416	0.5424337134089416	0.22475286087210955	0.15700468764067732	0.5306082515405559	0.7006733668952967	3.1038626697759764	0.5121365230183879	10.563222674075693	7.386687511421686
6.742719168799529	6.323273475965485	0.5043933099948887	9.421000038344214	0.7530187005524732	0.6408992282616487	0.5593225696611629	0.21837329413512077	0.1622451721965005	0.4879603183119883	0.6780456493162632	3.0428339043518093	0.5258883118999207	10.412766721850094	7.34043010915162
9.427099833988644	6.209792214055524	0.5211273638066801	9.847714657165417	0.7160874741864485	0.5922519684611882	0.5372547308000531	0.19736330539805044	0.16083158574657172	0.5203635886960497	0.7056470799816078	3.0836576485358345	0.517991191033578	10.425810627491465	7.1275205092574545
6.857752959598243	6.508979808063487	0.5103634837073658	9.444005249698984	0.746713448716119	0.6416372706326892	0.5492440671846961	0.21016947515621145	0.16788446343785124	0.49368265172423775	0.6889301394044088	3.0007074075940694	0.5265469443834975	10.776390314731907	7.228157019275608
7.704763828209279	5.620687261220161	0.5213547861790727	9.827282217317807	0.7074880124298408	0.6120496202181207	0.545757834568853	0.22043409952888587	0.16252669876525822	0.5075157133569711	0.6746852205746314	3.077400211638038	0.5361356046443827	10.945412149931181	7.042288363140433
6.917807915589588	6.51189198952331	0.5021207082992927	10.307136647464171	0.7571002077199442	0.6341412675473728	0.5280508511969734	0.21850915767714257	0.1684296186020283	0.49031949386878876	0.6730592577722116	3.0182527804233907	0.5291997099796519	10.365852076858593	7.3574438138034095
8.213762011978842	6.216933939347187	0.5052724015068346	9.515968491990586	0.7045952934521166	0.6053444062290789	0.542808376703328	0.20849112716355725	0.16414732561184403	0.5111748339951783	0.7066501334175869	3.0565755628795634	0.5291342402545883	10.805830215902368	7.025248264750634
6.989570880693298	6.47911939247904	0.5023305307473676	9.898266436642887	0.7427880190178822	0.6446085030394544	0.5343344665900855	0.22046575364003793	0.15192078457335728	0.48272050158116575	0.6732553784643877	2.9996676291060393	0.5125600972321214	10.52594692479692	7.326656563700638
8.04529585134869	5.8874007109178335	0.5144079138869043	10.17659983741564	0.7203909369433016	0.6269480722187516	0.5357507049816352	0.21760960762506498	0.1535892095348985	0.5145830279004616	0.6843077294937052	3.064853034021135	0.5058411670720917	10.4282894913929	7.182545994411254
6.899955639489363	6.500129300329667	0.5422898693337448	9.49691610706364	0.7394419537127359	0.6272915499079872	0.5251930114925124	0.21623542105550683	0.15137292791640572	0.49469782468829315	0.6832855583321117	2.97635777551487	0.5201042976448648	10.577533672979209	7.256028615611081
8.832591705485404	5.786374736205757	0.5253905094963917	9.745034025672066	0.7122301413036167	0.6191804702225556	0.5292752304812621	0.2062520147466363	0.15143871435934075	0.5304209102207841	0.666581680698688	3.088748593893031	0.5071476765360835	10.359608029428648	7.3336316298511415
6.830305030083447	6.299107730225042	0.5126375738712433	9.752393162153705	0.7469620189774038	0.6331707457048995	0.5351585734397922	0.22572810164741433	0.17041524409764858	0.4921866351998519	0.6855471136960862	3.0068025751107506	0.5181393761775763	10.547290328336924	7.092595497924422
