mass_1	mass_2	phase	time	distance	a_1	a_2	tilt_1	tilt_2	phi_12	phi_jl	theta_jn	psi	ra	dec
4.0336631340714595	3.8566357756015774	0.5187713096929878	7.469273174746705	6.020323163039976	0.49340438347210586	0.4359699705667262	1.2935852512633508	0.46211055218231134	0.5266233273214105	0.5300216659494466	0.5260223091080901	0.5091003665630792	2.9991158979342587	1.8269195873546422
3.933406516076515	3.4154965327929467	0.49818244077915397	7.95771879811331	5.987814778995383	0.47410983869390005	0.43654494340947014	1.2442426246762306	0.4612979148490065	0.5233070705640315	0.5274652510724868	0.5577289300762326	0.5111764901946125	2.9779474104882655	1.9069503135343377
3.847019962059283	3.548260654763586	0.5009512156153298	7.952742598145789	5.9949941625525645	0.48755386319834915	0.43006033761506685	1.1842888326682897	0.4426544737622208	0.5389481098138422	0.5355619795627498	0.5545198014570598	0.5185079984719121	3.055866412419633	1.8112863257495897
3.981397519423639	3.6206401165293767	0.514947975340032	8.182123455185476	5.973974656588856	0.475637780170215	0.4250212428648918	1.2699551105133755	0.4817152332125409	0.5033990211063206	0.5278892499880105	0.562345503425793	0.5157154633687226	3.025216240403648	1.7906064775921724
3.9478491333906125	3.67833777085531	0.5090253772391004	8.527257137589348	6.006411618486634	0.48866217612900387	0.42696672451414625	1.252573869559007	0.4633500981073402	0.4993936090271122	0.518204731433039	0.5591763121343013	0.5218818688375438	3.0267551852254337	1.8143516949888063
3.9514431695309598	3.6137418173746987	0.525319120154106	8.00220511177481	5.972249106348851	0.4737350056314438	0.4288761067421908	1.2191568515055258	0.4474643295011025	0.5144431886846328	0.5230264212078934	0.5640677694966557	0.5173248230489107	3.045324265454179	1.7851948050829713
4.031252068552973	3.760210684201336	0.514705127949794	8.281671959116094	6.001994444572869	0.4738606692126348	0.4368349505697292	1.2298207579009661	0.4585404547502046	0.5047589267455481	0.524488084999591	0.5394017322103727	0.47998455602204676	2.9909183079966306	1.8114506995558501
3.9665169505056275	3.51198983087899	0.5114282428063358	8.154338419412746	5.9730469293377535	0.4856561400477253	0.4451253276983038	1.2071749339890916	0.43944901978309203	0.5270696794871305	0.5169027765116604	0.5344889497945651	0.5151839580260323	3.021066933290182	1.8087971909303582
3.968641513969606	3.658980989178529	0.5179426458498411	8.202569966067017	6.0213605329014	0.4770087296284839	0.4405353553136003	1.2551620002604467	0.4640614939850823	0.5075179157334293	0.5208516462890479	0.5506912422017816	0.509005071282246	3.0209924802201202	1.8154248989828332
3.937529952179955	3.491127495672862	0.5151216264355546	8.289328937734501	5.9821391444978245	0.4801850808597486	0.42989818678476893	1.2127984721323541	0.45368230432285456	0.5176027939431925	0.535957189743768	0.5401546598994535	0.476657660583207	3.015816886056923	1.8548455616826143
4.062081954617882	3.524011083378437	0.5246693790535714	8.152263422035379	5.95262215103139	0.4695379776599543	0.4257062840508901	1.2285454271236556	0.456925445593722	0.522238281687549	0.5327189386723472	0.5616830471318757	0.504437936363898	3.0323037185567148	1.8177531338690534
3.9680434621659657	3.56091560028682	0.5266021602712286	8.041577692575206	6.004947233288546	0.4970852408546962	0.4446671805397323	1.228589792538697	0.4513722881044636	0.5004650343070606	0.5311738661143091	0.5446929728050427	0.5335556438725795	2.9921588190897768	1.8348512603059697
3.9062264669646054	3.5618118119815447	0.5086718553149279	8.228013362485685	5.950812980248535	0.4765134941642686	0.43670867746714837	1.2415683648298783	0.4603311249178636	0.5131207521264058	0.5225439046203562	0.5485154655012962	0.5113412418470417	3.038301958669283	1.8479591057497473
3.897559863909354	3.626157598292679	0.5187685166143998	8.334436874566187	5.990471786324642	0.4922051711288751	0.4314299132089586	1.2524332824234705	0.46320970739389206	0.5153930860352252	0.5138401697432885	0.5543079419485705	0.5022230533108679	3.030155356834742	1.8481479970587849
3.9108698205757406	3.6084745266500646	0.49912740233921055	8.233195995152458	5.962533387670044	0.4672969440275348	0.4332357500052384	1.2694406731961947	0.4418163733361349	0.5143149009199	0.5354852108852182	0.5486115382721033	0.5030497098933289	2.9848643543378945	1.779533960197825
3.9338788980110397	3.647245241436025	0.5258546167131275	8.116377346240087	6.013623611227775	0.47396516876589645	0.4293829540053622	1.2324083320960304	0.46171384927033104	0.5158767010246601	0.5205625894731364	0.5360109835413874	0.5013929616614758	3.002441998181579	1.8152488199737784
3.7704951387468597	3.5314696356718627	0.5049786273553709	8.147089970417225	5.978108548804164	0.48593642115673513	0.43253558254147	1.235288071624536	0.45298152467868186	0.5216250652873595	0.5232103368843051	0.5506861747896002	0.5045463274518862	2.9717029361623206	1.825333932966453
4.0754435937210305	3.5785894289920273	0.504905793922271	8.058906196192511	5.996562058016779	0.47500577772033903	0.4381988547766771	1.2177869707950904	0.4639058785222792	0.48335232101165426	0.5113137953868009	0.5540368578095285	0.4928431009088602	3.0044482120216744	1.8194552324372568
3.8669565716974676	3.5849731586667444	0.5136677744270859	8.031267917115887	6.007863918658546	0.4660402338874898	0.425904772006672	1.2242131416328128	0.4565540723659442	0.5212668721698593	0.5207728746107776	0.5558040456525298	0.5059066748523164	3.016194366747613	1.8641102777969283
3.963951636385392	3.5545835523741136	0.5122825099431215	8.12293715862749	5.977972009063202	0.4789052563942594	0.4341012219261321	1.2355619922944725	0.45556321394482524	0.4899792300446335	0.5330955934689589	0.5441103770325233	0.501778218083753	3.026537908491894	1.7743859458415001
4.089701572123823	3.613131862088382	0.5385094855271383	7.893356021538212	5.997936817296957	0.4681096084108278	0.4379607651931997	1.2315821703853413	0.46255806626163404	0.4884744977942909	0.5084097872093652	0.5419507838063671	0.5001653607836105	3.003414255779371	1.8120997812109778
4.14233997037387	3.5865691525788996	0.5170064589461097	8.369192551824407	5.988044884726669	0.4686719996982006	0.42411307774036106	1.215207808776599	0.4631742691786293	0.5175489637482537	0.5433066991116204	0.5456033065146052	0.5188449176758595	3.0456519342744057	1.798521916069702
3.9152734470213666	3.704817589811102	0.5052357068319194	7.986970289528887	6.019951946527833	0.4876280639269738	0.4400854692486386	1.2214457767545615	0.4564883349021899	0.4945875947861329	0.52199869084853	0.5541832111718666	0.5319815285646032	2.9845422972410733	1.8312658703572278
3.8974800923903534	3.683303823988282	0.49895660441101636	8.305656711960044	5.972178134270282	0.48584075032491136	0.43341977008086424	1.2276647006962147	0.4409426677310622	0.5168196725113472	0.5328389879299739	0.5645177016962237	0.5164325974798857	2.998464336544637	1.8560517268360444
3.9212934460634	3.617941702045009	0.5211546244490722	8.296750194032851	6.010366051866746	0.4715451402592274	0.44539265227530234	1.225958856062457	0.4521322324221388	0.4895275664840426	0.5253173327520361	0.5429531382060262	0.5178047604729284	2.9829832330611805	1.7913175729975714
3.6535748239046395	3.945013534848751	0.5238275119120233	7.85279676790264	5.988308452077418	0.48401850509721894	0.4364276105874444	1.2162707714977707	0.4450048937374952	0.5119866945141326	0.5243142430799982	0.5504010305576791	0.523004615809749	3.017075376543183	1.798863280839901
3.982514656156617	3.7403504495611526	0.5283160926159901	8.072712195796845	6.009890581397884	0.4801994114629163	0.43591446238084175	1.2185721563772094	0.46622086867769824	0.5061746853293186	0.5146585503939792	0.5362406166391499	0.508757962551866	3.011395228517169	1.805792829910284
3.7341918551844837	3.9957591279869344	0.5034476995152941	8.269775866175852	5.965187390990577	0.4622601327779821	0.438173268809838	1.2229952325899218	0.46317453195121244	0.5180878657224279	0.5376716260774554	0.5607862797984786	0.4960880635931027	3.028339336234671	1.8056104835757238
3.8264813223770244	3.697316494042492	0.5008483974295769	8.069290134226064	6.012794770399622	0.4781721706790094	0.45013580053015956	1.2173771717963178	0.46167702663772064	0.5072128247799824	0.5232751413978565	0.550784900707705	0.5026475681840892	3.034182359337953	1.828514042061408
3.797971794751274	4.208148913747945	0.5205454408806314	8.323793525301689	5.967694690939882	0.48038769347786137	0.43225329474147123	1.219781713556967	0.4474458566708473	0.5175955785111332	0.5322390741416063	0.5496487768540773	0.5020701819383104	3.0548855381926203	1.827760425101175
3.9103302010993066	3.885326891896502	0.5193822857193537	7.982877560934037	6.0214323968578425	0.48145129253611463	0.43301585163003603	1.2441867693586108	0.45891399294696805	0.4960132010453363	0.4996218533067124	0.5513139192612287	0.5175760043535399	3.069310035351276	1.8155746276697693
3.195917668195518	4.3230345122118985	0.5045173824560008	8.217897472983886	5.959101414280125	0.4963241348890439	0.4420281384521777	1.1751194633538542	0.4542479652945258	0.5135130144031131	0.5268729610224157	0.5390722629306679	0.5095533166619651	3.049320454924087	1.8187630694157522
3.8758979130925466	4.068107877878784	0.5149105689750328	7.966831463031001	6.014308004190369	0.4792816546278679	0.4480184542175142	1.2282303832649426	0.45513113074239164	0.5054061828740491	0.5160424771195665	0.5485384825409304	0.5095472465163957	3.014537461651482	1.7893952253728134
2.9598880868799022	4.910578266353661	0.5011994060778792	8.148684520476204	5.9706813496809374	0.4677184424912394	0.4253844679462265	1.2403647632218366	0.45738589688693027	0.527051563219376	0.5293935988050891	0.5533911529857823	0.5220031189426938	3.061194072247688	1.785383294475652
3.9430001150921377	3.7532870219519934	0.5199428623403761	8.082964815253252	6.03172723668331	0.4803769529833084	0.4512321956739379	1.2331108033944356	0.4576109356141618	0.49299578402844796	0.5135663668199487	0.5452923837736812	0.4933763182887	3.037339519003572	1.777014033829097
2.806575495930866	4.211671696923631	0.5089432570181754	8.027512739855702	5.976346134253373	0.4826007606952106	0.4287708647625984	1.1803525730243176	0.4544232910278498	0.5042923662276465	0.5173123317190571	0.5495539948048496	0.5172789073536566	3.0232297185252315	1.7962369064992034
2.583867821973572	3.9905933342343634	0.5079724437285861	7.992801607594261	5.9677096667523255	0.47897086207860023	0.4280095366582209	1.2031276059367615	0.4412850695843667	0.507074457794241	0.5163767933822728	0.5439381439157909	0.5361725255792648	2.9899414935554955	1.8210745294788564
4.013561560444286	3.774174548123883	0.506049032498926	8.106072740395891	6.0308717546721144	0.4709295497505745	0.4308999123370474	1.2334836623540368	0.4751730268750929	0.5084761577829714	0.513852397672029	0.5497204677585387	0.4972336361082642	3.0638933734408473	1.8086956847248294
2.661165043005455	4.7590597448983125	0.501084210131264	8.113102666290036	5.973208505799388	0.47535903609402586	0.43597126433453276	1.1334362102451279	0.4473080519635151	0.5325316682427383	0.5338001555590528	0.5496884197474202	0.5125754154834794	3.0452027054821222	1.7807355551596584
3.9611173669863025	3.7114794849868376	0.5141869949329522	8.132186009097449	6.019577667849152	0.4841813956902706	0.43565699584604	1.224495862836182	0.47055845655955597	0.4967921050621873	0.5049152517422205	0.5561469793838085	0.49767792292413504	3.0383590269586214	1.8220274634868299
3.315469858229636	4.273705610741142	0.5046471756290962	7.997959530670806	5.961474772224778	0.4781826898864712	0.4328972219304387	1.2306521684162275	0.45617625966121456	0.5245090315143824	0.5260112040867659	0.5442311545226468	0.5034303753894315	3.0237810361109236	1.7887379681027455
3.9655761763881086	3.6632508272453133	0.5093745765869516	8.024460111805878	6.0330656277639125	0.47632556940298143	0.44193345048858856	1.2388133296630284	0.4694953187126998	0.4950160666795917	0.5082644372575534	0.5491678867841238	0.5153418207466547	3.023691046506286	1.8202669424897129
3.0877071063443897	4.1854333016281355	0.5118439487410659	8.228847218891296	5.961913615071369	0.48690037946469666	0.42812233234938163	1.186312489933512	0.4560778736916401	0.5281772256861481	0.5371417190654044	0.534948015133362	0.5081986481885842	3.046502504987998	1.7602608843472416
3.8327025022328676	3.7766252941065344	0.5034316693157953	8.288675580731573	6.036976154208299	0.4840729281052995	0.43870936245752695	1.2391403410876378	0.4667481922090527	0.4874180975151248	0.5077921066826548	0.558241874876852	0.5170177224471534	3.0356250676772683	1.814890928937616
3.156909042634436	3.994261182008229	0.5021495650548752	8.341332122139614	5.969445162551515	0.4839160497269262	0.4394256097945005	1.2199348541432742	0.4423846655805438	0.53070943791249	0.5161034244106718	0.5486811053393287	0.5179457564729527	3.018051598561432	1.7901130973375738
3.9581700271309423	3.749672974071675	0.5109870506285282	8.028058750206279	6.018146612366704	0.46833518442741773	0.4527554859921451	1.2383168066308679	0.46113638671305696	0.5092213594961058	0.5026615915923454	0.5689569019472996	0.49020785601894495	3.0147696102525883	1.7921762791428733
2.7814796411275737	3.994725300166335	0.5092138664376681	8.26829621819936	5.959474763667037	0.48742595739769357	0.42064779216335657	1.200925350655161	0.4461974047960882	0.5209774312452132	0.527725584069254	0.5552610065785194	0.5085904997534576	3.02443286799928	1.8012076958534966
3.944618962335036	3.5984615170382095	0.5042801640034504	8.201146862333498	6.016201433998754	0.48054883428351675	0.4310998710555139	1.244919551600795	0.4636934207595591	0.4883613182952209	0.517405285589801	0.5649717033479584	0.5115144645546763	2.9904901623490456	1.792530002330871
