mass_1	mass_2	phase	time	distance	a_1	a_2	tilt_1	tilt_2	phi_12	phi_jl	theta_jn	psi	ra	dec
9.536027714520595	8.036281466020368	0.5478350974908797	9.418512855420609	9.647963613681748	0.7476213425962218	0.6399205474761795	0.15738863671630304	0.2051799446477413	0.5001596355486875	0.5694594081098234	2.6587832174958645	0.5198128735760092	8.263685554827083	8.000722601427636
9.725104196675757	7.9286304154279525	0.5367886689241138	9.89294265611638	9.801420978337351	0.6995528004563614	0.611088057442018	0.15946219934935674	0.19744622800286313	0.5216576030935475	0.5772438992570482	2.5643097259516265	0.5198470729270992	8.197520461360526	7.856355653675121
9.889499402476073	8.119468740306496	0.5327438253855555	9.892232586143821	9.774268221470995	0.6853323418853592	0.6081530493703906	0.16425797033469355	0.20263268437632526	0.5157152490265337	0.5639578531037961	2.595996523922944	0.5173259242318521	8.25212869687019	7.887547470989157
9.684302782882549	8.200607179494057	0.5187444861244256	9.541151158873584	10.046525425125184	0.7167451073943221	0.6547298550961566	0.16406758900527862	0.18491976403474694	0.4935364970194988	0.5619663459611295	2.561060420489278	0.506569068430176	8.53444618812713	7.727458102487045
9.617504201360292	8.0131430517412	0.5104134190801556	10.131840823350812	9.818166825710689	0.7220201926756233	0.6492091777909269	0.16482933908775999	0.19124423316073458	0.5162466855596224	0.5471705748357859	2.512085637081814	0.5109531280246915	8.266623266753506	7.881971281037943
9.624501529629315	8.071582374766637	0.5230132204182044	9.841747019549938	9.805368690236113	0.7168555089933494	0.6084352257280299	0.1638308543658858	0.18705465771666963	0.5183485754312764	0.5708912625054076	2.558471916106018	0.5151566974241382	8.039359160952793	7.869707721758138
9.65529070359456	7.969212878802668	0.5220491087214492	9.747293383172622	9.698163965241212	0.7359493612968915	0.6427171823373854	0.16002174027809463	0.18924986759154566	0.5165690232525355	0.5632797542944713	2.6413684536376474	0.49316277076006493	8.329641630631327	7.798617014812959
9.635729359867591	8.104918610236655	0.5267318179894876	9.997941167864285	9.96871906920415	0.6869609649553554	0.6192180278232959	0.16517650551981897	0.20788741558298177	0.507898320199362	0.5593344636909983	2.507442492160899	0.5012038035187449	8.373005305589224	7.9865343541355704
9.646145334888244	8.0438377167128	0.516400068625337	9.616127196676802	9.704656600211122	0.7400156461181467	0.6291585525233016	0.1519657891506945	0.20239049931203354	0.4936123855429386	0.583019533759927	2.5668944380926706	0.5118058753913022	8.326447687358739	7.842651474009693
9.657337128235858	8.097870477859287	0.5208896069564383	9.488424799975018	9.88390191879822	0.706040095890065	0.6061141127770648	0.1695599507579294	0.20551188858528696	0.5019459811178578	0.5595441270245435	2.5372757523722638	0.5231445169609052	8.364220817711752	8.02047424743472
9.557735952064686	7.9714078403142326	0.5357418710530291	9.594624455769347	10.003183378276667	0.6999534505138981	0.6207992473381897	0.16139097533350316	0.19446629138914476	0.5055296555955968	0.5531392399315601	2.5346041588042003	0.5159363604605177	8.466010158901357	8.049194050563175
9.570176260893836	8.192843422199315	0.5181040709272496	10.018076410610677	9.795199022579023	0.7338524082894141	0.6177782127512278	0.1612491947066987	0.2044908682055887	0.4984276617786783	0.5693284145178232	2.5678824974153844	0.514428887519848	8.621543880760626	7.917008273760248
9.695313581648502	7.977040315390523	0.5174933449589566	10.136921341814043	10.037058543961649	0.6970130336390712	0.6119366980920916	0.15845203195603774	0.19503796659699313	0.5153659042604374	0.5668784853558072	2.5611219741207076	0.5193759476820731	8.533847251647845	7.910661810610955
9.620154812400358	8.132704094185538	0.5168603498400572	10.027790994413824	9.775241897782049	0.7238471978553379	0.6122448258029084	0.1677692819466434	0.18570941558882836	0.49367974266591025	0.5532638643118309	2.554323169794601	0.5207100365335751	8.427667208631302	7.768139556482003
9.679345853555967	8.165825706744318	0.49880735747882426	10.241391467910384	9.944846463627542	0.6904016462117203	0.6169719792070523	0.15686100396782235	0.19428298062455793	0.5196299572904474	0.5719767611852433	2.54970641889869	0.5276627123255645	8.415383827716244	7.943628014709695
9.614877790859166	8.16871369111522	0.5047700272015735	9.78602751141401	9.822138434095832	0.7240871613855758	0.6272519285239205	0.15789560473464073	0.19349341347333374	0.5069362919438312	0.5776522573146784	2.572597854855806	0.4926180833675588	8.375503381197616	7.765867229997148
9.858711103733699	8.110324806807766	0.5096750865747374	9.772578940741091	10.024251277275718	0.6909508650910665	0.624729522198548	0.16159117684113775	0.1943606665544922	0.5139559756926168	0.5670188369512935	2.5423171596193725	0.519894363404808	8.5174823417017	7.897107798966243
9.50472682631277	8.288981564304137	0.5352837385802787	9.86069342118142	9.71629932572745	0.737727594266565	0.6373000671616579	0.15166390057299642	0.20195355884976285	0.5173118013147531	0.5620037486920624	2.539564484833192	0.5050124793611993	8.357913671942956	7.813155929498874
9.706473011144087	8.127586625116548	0.5012265408640542	9.813727147220485	9.81734738559946	0.6955585522512102	0.6238213236015095	0.15969398746481275	0.19975527185362002	0.5138630364941102	0.5738428411586022	2.5873873825697835	0.509143642890698	8.42717316038856	7.987711295870993
9.666460071161477	8.08932281700269	0.5336664525639333	9.828302314739188	10.035025410450361	0.7079762098013862	0.6038638101026704	0.1703912127289633	0.2059941427989999	0.5039367060721514	0.5592185897419241	2.561171456951048	0.5182036195113706	8.464548585867433	7.891208063428645
9.523303688325653	8.355069057462515	0.5243790845514237	9.527511731456736	9.748215149178868	0.7393855514975022	0.6141817470882215	0.15366930019524935	0.19901723227740112	0.48311858919709805	0.5575116418267042	2.555276468267596	0.5272703069563225	8.269457922377851	8.025501634499104
9.512873175234343	7.981364271448167	0.5079866785824854	9.936245611801603	9.786949405690542	0.6905677121836232	0.6298192970767853	0.16331496818352423	0.20262658789950674	0.5188558568180766	0.5680314167259053	2.5574744130898313	0.5258905144022299	8.356825430714345	7.8212475167721
9.697863232980346	8.421703180540211	0.5386219058526188	10.131450382123727	9.697206605271406	0.7338176123336191	0.6291792063615078	0.16062447658674917	0.19690679105468534	0.4884551933141404	0.5672465811837917	2.5576204282460218	0.5185178962208247	8.427911855017216	7.888227820519494
9.64620463633505	8.135613382530067	0.5210182764065738	10.187637649179019	9.958189910275385	0.6849742564465929	0.631365379462467	0.15761635970713078	0.2099691545932244	0.5146976767372107	0.562247642426694	2.558889567937341	0.5210833924388829	8.266161382414442	7.9578338881360935
9.704923698817117	8.511256032619132	0.5238515554165227	9.697348896755217	9.810053321130654	0.7214001137037372	0.6267472575356972	0.1547062840636266	0.2088139168517375	0.5089908211536621	0.548404466744313	2.5204992357497256	0.5062006188304045	8.359085201571947	7.769730795474851
9.965336446782453	8.101681426460031	0.5083832685014759	9.821866596740925	9.947656606629975	0.6994739690269045	0.6199075902344898	0.15941009472768675	0.19219598665206733	0.5171903518322815	0.5735711976593437	2.555645927874803	0.5302466805454296	8.368145900389822	7.781989176872801
9.696718695439813	8.418474587144148	0.5265374714451767	9.908913100152859	9.805398773498373	0.7294921088947233	0.6141940926423614	0.15727538185892126	0.2009459527282988	0.5035491676686396	0.571924217824703	2.5524858807582453	0.5303369329764296	8.333325905433451	7.766013778757845
9.915984140430508	8.178530053472613	0.5282642227862699	10.042264053258968	10.043768069962184	0.6805780357314322	0.6249918167990841	0.17293276778914662	0.18967656255661008	0.5071446302309549	0.5813104377255778	2.537901937646349	0.505517924646471	8.345608943852037	7.820848354718989
9.807560276491134	8.136923501036852	0.5077827188204553	9.98563578822743	9.789865938612692	0.7348512181365604	0.62972804307721	0.14892632636249983	0.2075166817348133	0.5085178805772829	0.5580141793584049	2.5665063885695103	0.520489253627128	8.364655606446522	7.784846349710976
9.840645826911974	8.25359622160998	0.49221070893560936	10.239164589362042	10.11572602981914	0.7055799667725858	0.6050115154640163	0.1552126128993234	0.2062161691171256	0.5188242613900024	0.5699895371300158	2.5866788150937112	0.5062112753557314	8.27278567774089	7.854313654979903
9.766722675046065	8.348686318745147	0.5331156320177722	10.106212425238953	9.760082899512055	0.7237529569103782	0.6273148589199754	0.15808587194087026	0.20200275628365777	0.5024554961261597	0.5584686104186032	2.5577835778700893	0.5231217986378721	8.360721544996645	7.7992164835269975
10.712652767350596	8.214066090603813	0.5317528904545618	9.521256794801479	10.171163641026565	0.6931175413608996	0.6066212360187636	0.17942188278226714	0.19939614484381782	0.5026919176629213	0.5875772057697302	2.5892620204599566	0.5101485120611426	8.25640437908547	8.081919936963235
9.73055048951109	8.355368903190424	0.5406922394578593	9.54800387432162	9.784216693326902	0.720583883979041	0.6552307133156381	0.16481165677174134	0.21011377214544613	0.498936617219671	0.5557508422708942	2.5685579644375465	0.5095259018603379	8.306864965924674	7.779231265168151
10.949541230847148	8.498561635183526	0.4957252614144986	9.94312069691124	10.01248792206714	0.6880902751226037	0.6213602339587592	0.16807172373750276	0.20317771930543346	0.529435838438979	0.5630287963913575	2.5615146224813534	0.5192779023994364	8.424353449095955	7.680398652089276
9.687607792738142	8.206166352518162	0.533271711230525	10.016632644757427	9.746888285116954	0.7097362428516117	0.6281577714371283	0.1660493464098898	0.21120304064050266	0.4948533333244473	0.5771378998379214	2.540135546290803	0.5359140832037692	8.369148907879039	7.89738393526158
11.23933878795667	8.009945885631439	0.5157096582524823	9.916172467269684	10.06517042963299	0.6934237213443596	0.6026960194686611	0.17942397322964285	0.20892230465316722	0.5017156942022205	0.5558836716333474	2.542623443130627	0.5102411011267658	8.355155735610621	7.790604839412342
11.460070332720981	8.112359990720565	0.5025166153117403	9.670845348244507	10.04498232749699	0.7038058848051338	0.612673637279857	0.16293466346829785	0.20164509446737683	0.49925754538693284	0.5686506998942702	2.589618065696165	0.5099711125705341	8.307686455118342	7.815051694430763
9.64198732044346	8.137311443031427	0.5125110031358806	9.998386880278892	9.65683655638499	0.7042575662062748	0.6173579222198939	0.15599453081473885	0.19920068372914246	0.4981634712188312	0.5505863222341222	2.5383450172057933	0.5199143602280966	8.31769716946649	7.958168293232098
11.313922783721841	8.59023366669766	0.5226342747423555	9.854254563749704	10.062130537414097	0.6944939193210903	0.6026933514016177	0.17747160426653114	0.19907759029839198	0.5071487516087717	0.5578789083248621	2.555836603751047	0.5021564812169373	8.390496485154564	7.794964941272612
9.665033455844082	8.16336494545475	0.5256340966165791	10.035145923512104	9.833340425829897	0.7236369675940287	0.6504581004806392	0.16292972290393956	0.1957649538189383	0.4811399355677162	0.5441151229831447	2.4884263721743416	0.5147629390161534	8.260956748548692	7.924821464488282
10.402723088014517	8.0187699263721	0.5096629919639128	9.853021860156858	10.094340230220013	0.695602466577987	0.608723020706007	0.15550396130096408	0.1881831560951426	0.5193784954567092	0.5690057512671646	2.5383225457739007	0.5360651383974412	8.518954564044082	7.790706030074628
9.75024433648899	8.16590527872076	0.5150757270660582	9.62945002278844	9.824806933319177	0.7345009080076215	0.6256425729888635	0.1543460492405312	0.205976586262185	0.5016794062203533	0.5598302810715832	2.5362897084070206	0.4995993082311423	8.293967708405747	7.820026170315385
10.838505287355803	8.239055843958708	0.5004656053390805	9.73637959283892	10.123765601652448	0.6805642361760292	0.6040922205783444	0.16258487683693593	0.20897992459995218	0.5250467711694765	0.5746438815665902	2.5622088619388297	0.53676413971623	8.42845117163735	7.8283982587060965
9.918096210093182	8.174046474739797	0.5276784538827527	9.90059089960117	9.79278369991716	0.7429588275536162	0.6314987641806946	0.15690332375624627	0.1956365123016267	0.5049690319817481	0.5710531112403168	2.532322943602625	0.5106040329554014	8.49750947798689	7.879594028723413
10.794767307090876	7.98705865598125	0.5081602328991406	9.83830915196534	9.939287219883344	0.6806589074743423	0.6199652124881534	0.16569550260773752	0.20887367637060852	0.5384659963764022	0.5776118260064281	2.570447021575177	0.5073796670658456	8.415447455454242	7.819641868526137
9.726182480260343	8.168952190596553	0.5180900416921362	9.777546379213298	9.843792109130304	0.721964668272433	0.6434908431718367	0.15960143243290328	0.2078996192691859	0.4952568428825157	0.5526839854213997	2.541454150794799	0.5104304481813386	8.388324442604011	7.763897734628711
11.159326507369721	7.890347490161016	0.5245861617881086	10.124711671530035	10.02967372046447	0.6987014450971202	0.6045495914768751	0.16811597783854162	0.19755892549689433	0.538653274507382	0.5467152024236184	2.57000022404529	0.5271930609795248	8.481780946554672	7.798954854147155
9.732727896698995	7.908443964764873	0.5216187205411303	9.72227769198457	9.854451699617053	0.7275718928416054	0.6266406268062399	0.1566850502669927	0.19721208621773725	0.4992633022935824	0.5716661110234843	2.5174640537298756	0.4973342907216439	8.218611683818741	7.7960731608183
10.795082561209542	8.196686943367279	0.522681426965068	9.616496370148711	10.098173360909241	0.702347990201509	0.5949970860865789	0.17059628911966832	0.21122257175706557	0.4977146754670133	0.5586458612560183	2.5532850888212533	0.5206848138045085	8.471984794875022	7.80540436627593
9.644052513654417	8.217852400243705	0.5265313025157421	10.134770482482526	9.869040278632697	0.7229764329711014	0.6225371900045825	0.15623159213087495	0.20524536429954632	0.4893186586342351	0.5769206820679557	2.525063845951954	0.5180943442879964	8.204075060857548	7.840889128334979
