mass_1	mass_2	phase	time	distance	a_1	a_2	tilt_1	tilt_2	phi_12	phi_jl	theta_jn	psi	ra	dec
12.080485320269256	11.35675995077938	0.515366934155307	9.772922134860226	12.234641013541324	1.1299649280086348	0.9099714815241796	0.3189143418347492	0.20029275345840336	0.5330572483453804	0.505017636694763	1.4220600430767785	0.5154865719757221	8.115100719836192	5.772366634289484
12.242186286007627	11.331268610322459	0.5069307872561588	9.731571041872568	12.265547850276672	1.0760283035074694	0.8897692372519346	0.3129348749799528	0.18118391525382035	0.5352261088691109	0.5173905170042666	1.4198146576289363	0.5364700596227823	8.111422567420695	5.666191194438036
12.217608629315334	11.370740612040608	0.5293913825236913	9.777791539103708	12.144251722823322	1.0669635857844084	0.8820834024421712	0.2815395682341493	0.18725232433981745	0.5242673808925786	0.5203136620344941	1.4764165694936147	0.5234418055234775	8.014207246049876	5.9295228617196765
11.873241259836181	11.311943044581843	0.5128880180694156	10.22640920908546	12.299278637186907	1.1376540835674545	0.9112150625710324	0.31198775571966825	0.20872265160423598	0.5074671922441255	0.5182071871068861	1.4427442234814687	0.5058752765517306	8.185054036854773	5.978360322920817
12.012108892102267	11.094564539724756	0.5276291940893983	10.013892345119844	12.190046336084743	1.113703881213196	0.919434974763383	0.31215133459101474	0.20179439608889382	0.493109224279337	0.4966564025971606	1.4401679369135973	0.4871886303283987	8.078131880259964	6.0400891929038645
11.871804538145371	11.0601350595642	0.536632559637499	9.970959565247101	12.187193661201173	1.0555076240512584	0.8847372312476337	0.2903797296304986	0.18572324969610796	0.5065404177247693	0.5061326008659812	1.4327364204678583	0.5040583427630931	7.9322880883492335	6.058067652600839
11.740723337249609	11.191959848561696	0.524047357576269	10.06213974673454	12.190193024294874	1.1259138179485966	0.9009532851052523	0.3004717201332881	0.1947213171601796	0.5073524800140625	0.5193185876212011	1.4428938102703417	0.5042541442676723	8.223576361040156	5.935389670713699
11.936407540067924	11.650567295614108	0.5119023863200076	9.772562053045887	12.219734951557735	1.0720984604932595	0.8645860517972909	0.2974334856882924	0.1893548237647717	0.5238441660796103	0.5115036599651069	1.4010717469790213	0.5201131822317385	8.16642372907118	5.903328952300497
11.704531425852975	11.410840017113113	0.5275834846725137	9.990551820492904	12.173660299722837	1.1325186073776645	0.8980475883323943	0.3099672694352767	0.19028335159000911	0.4926698230032985	0.5036592103055398	1.4327494150644495	0.5391270655074684	8.02601634160873	5.895246207520179
11.77237609862606	11.299117320063063	0.5310991379845873	10.420472278036247	12.204361732740825	1.053323837343454	0.8659920289356267	0.2872098201480286	0.18733638502768302	0.5186666789467457	0.5231403794836766	1.4197971508551062	0.5173507555264987	8.123908253898295	5.810185973729083
11.916022520485257	11.644061286484302	0.5140932237967812	9.638332792692768	12.208315306287485	1.0652261785047954	0.8672529887835936	0.30778788407502783	0.18705401952032502	0.5032947020076186	0.5268569194081555	1.4161635993282482	0.5072207791225025	8.075040053714998	5.838893133289238
11.722197427206911	11.08029220117832	0.5178527801198454	10.078390806211639	12.157604275611035	1.1068857830755292	0.8969759795105833	0.29230842388897565	0.1943997177398397	0.5168054675722624	0.49829009122336954	1.4362071442861886	0.5189053417987736	8.210236148398502	5.8657993816959495
11.7537774572373	11.435845854953401	0.5367827619432529	10.165312333696498	12.21119233389787	1.0830937739528659	0.8831447781814339	0.30202271993896307	0.18541598000343745	0.5094447526522897	0.5341207876072376	1.4344447627189156	0.5139366757047353	8.298550146812707	5.791006815569354
11.865187207520519	11.063630497394177	0.5278320279727897	9.842624043344445	12.159535168713766	1.1056910378579143	0.886716694359645	0.3008279414692542	0.194510268046361	0.5125995066424182	0.5204367460726775	1.4214416558120824	0.4981619588477959	8.212992036675002	5.823679097090643
11.783917860858612	11.270599473170863	0.5090432425245913	9.834409921136485	12.255755941528063	1.058861694616888	0.865786563686406	0.3095069620227785	0.18499721213252188	0.5280614691587705	0.5392675223264211	1.430386000252457	0.503978851503827	8.052297300611409	6.161515335191604
11.858988244691453	11.355978785079078	0.5353873061028656	9.843774889311796	12.11487422968383	1.162739797917877	0.8729104321284439	0.28884834999792813	0.19311066314470457	0.48939838730950397	0.5156392688120399	1.4424708596934466	0.505539877250069	8.060299911225114	5.940658702961898
12.057384516699589	11.597892032444275	0.5099295756312661	9.873078118116482	12.202442414064716	1.0724878486366942	0.8796545747390776	0.298636131523947	0.18295412246383305	0.5070065131714973	0.5020161361045505	1.4224925013992678	0.5220146909564566	8.059981136539157	5.9255600679968365
11.741464788969012	11.339624381970303	0.5441621968170488	10.185970080912337	12.068563027662002	1.1319119281634455	0.8940857242139562	0.2933735707125372	0.19776289541111275	0.5031638717237253	0.5154959615595376	1.4254907933170753	0.5125981710792334	8.141528369786274	5.932557487128832
11.736185086603385	11.44972131598364	0.5186738290497355	10.193285863386963	12.175262554467825	1.0956647464720766	0.8849412013654759	0.30298972599876006	0.19790204293425018	0.5150130777515253	0.5354545780428285	1.4253752889596212	0.5101064187663407	8.062729045477194	5.615123687738966
11.872224798342668	11.490540366665414	0.5246936329409964	10.285345107634303	12.196111927302598	1.0378117838042367	0.8703619425164829	0.29991200964639164	0.19836510169409077	0.5100107583013284	0.5235606640278084	1.4354784519838173	0.5069346061876647	8.15243475453658	6.065035521377974
11.699109367349294	11.153858948902903	0.49009400392238706	9.706289200838711	12.05322043884104	1.1330574894121679	0.8978604917357527	0.2995363612572055	0.19983643245026594	0.49671837728770013	0.5065221312338849	1.4008633654016902	0.5302089571685412	8.002592160792505	5.924928921490188
12.010933242171841	11.41535254618831	0.5014428421003361	9.61609889028666	12.171668091086108	1.0702744256296781	0.8592204389218053	0.29420903127911885	0.18342456878712424	0.5032289514998193	0.5001188919701566	1.4139755007483135	0.5152589485552019	8.045110201545555	6.066275440933833
12.147842451565609	11.613941493636187	0.5272004202295764	10.03951536372047	12.100660495132688	1.1423362313330718	0.8863753404378866	0.29636178996327717	0.1910935795774386	0.49531878085991327	0.5011670643095576	1.4428927836558483	0.5099461484631262	8.017531913871728	5.8430218772182085
11.764457265989245	11.42538688637631	0.5160363605523669	9.758225309062224	12.178632890702028	1.0656846655748156	0.8628333328601653	0.2948105967794544	0.19688206635446592	0.5070970685012123	0.5441793391956351	1.433980041218175	0.5175393412591519	7.91027876306786	5.809808591565262
12.10868079522288	11.294080058028253	0.518892662384825	10.06200977765733	12.039417446114644	1.1437064141767657	0.914175400482391	0.29835761141218303	0.2004649822948552	0.507384372096146	0.5222364339492163	1.4263159789114381	0.5146574955222265	8.129032668444333	5.897261186492917
11.7635313569511	11.36783098573323	0.5219299077429141	10.231126191179758	12.172106864363323	1.0837273805005063	0.8673861746526356	0.3060859780009339	0.18883863549997001	0.5022885377711621	0.5294375892212322	1.4184196855720186	0.5103795924787369	8.117743148731796	5.928543746002443
11.855299261830956	11.447405325783892	0.5270429133532774	10.425480914475052	12.050141550350299	1.1272708580805353	0.8815206672800568	0.29524836893235773	0.19736386165146177	0.5004007872718405	0.4981448343279289	1.447068573484834	0.5046880664210437	8.338286390468575	5.816062961469107
12.153547468362127	11.372858271121302	0.5229110407807281	9.609548346445779	12.174530934588024	1.0770230163248575	0.8824773094497923	0.286801227752141	0.19090134538518552	0.5161379786226858	0.538343575249331	1.4257679885662724	0.5272221430300982	8.18986853591913	5.973759444113271
11.71981712462768	11.382594354755932	0.533136292451291	10.1944790880183	12.036484040288233	1.1064054488595507	0.8947038489647893	0.29949939163354555	0.1957574968656599	0.4912062998454013	0.4955022642576236	1.4229220078241795	0.5156481337314502	8.14149878867163	5.897618115600421
11.79858000570414	11.374901182618721	0.5334787014505638	9.952265461550915	12.142515014188325	1.0615024290755375	0.8996405223570347	0.30462574566411166	0.1758092136007671	0.5118628972189032	0.5299590658577585	1.4365439629343313	0.5071920146385762	8.132539162464232	5.8253082994951075
11.678169943691092	11.263869803976284	0.5206681203207816	10.178322223608737	12.004369247732795	1.1149663221297412	0.9403808237373827	0.29071487001098983	0.20799972874538458	0.5185349449726335	0.49370244880795394	1.4349938397716928	0.5281716065862566	8.381206674516461	5.9148586416545275
11.816490146056996	11.187651228459451	0.5121496902257331	10.16066602958833	12.210764704553295	1.071701601763308	0.8753208875570061	0.2937490157021321	0.19177195717207812	0.5108213103215301	0.5203471712885139	1.4328500455527984	0.5211506265613858	7.877989220839156	5.875645216494871
12.08014799882152	11.17689799699414	0.536719353582789	10.083063231897123	12.014464223402747	1.1327183877430098	0.8973887597808444	0.30046393905358676	0.1985412426781678	0.5015204046039987	0.5039132715701065	1.4515181153503294	0.5282033991725188	8.069743568126182	6.047944901855258
12.016511905930031	11.24894882274442	0.5031695620212234	9.86242508391759	12.111353090073239	1.055919539762865	0.8506447787266048	0.3059214913429233	0.19050698646588304	0.5151652000239062	0.5469374088306521	1.4283332839504481	0.5239976272384164	8.1531314330291	6.114715404470958
11.959899731015657	11.557522210664803	0.5065958970925531	9.837147475925038	12.011676248532181	1.1115621640256168	0.8745712577280869	0.30440696630302627	0.19315097939129972	0.4865244642550005	0.5045268169243619	1.4328980020649145	0.5113595201555172	8.022893860156737	6.049523294833429
12.16133717364946	11.428741956655825	0.518073452967682	9.962078024039151	12.132168151233886	1.0710221775463478	0.8692526250860702	0.2887659625605181	0.1813384286408768	0.5094036297821783	0.5332628111950103	1.4242017224916053	0.5194901614492843	8.307095872347473	6.068392377355175
11.92798469288346	11.642479228917951	0.5156929363238619	10.093531551181169	12.065011954361482	1.093399136778536	0.8959603629292312	0.3011515440789483	0.18469039176519056	0.5164501006481323	0.5365303758692033	1.446332435673215	0.5138768995862548	7.99777356228452	5.7975839915281195
11.665768837585949	11.23019320653971	0.516858173124665	10.395100995281673	12.008886479162847	1.1285157458880566	0.8921005391567093	0.30151308726676185	0.19861435566234814	0.5043490095413882	0.4988720306658627	1.4523324184917126	0.5164582743446711	8.069257299269776	5.880352663916787
11.955828323250905	11.40573152768639	0.5210668703413419	9.753748329782981	12.103011508245755	1.07265444863223	0.8701513687774168	0.2648894108010791	0.1875019631346703	0.5178981652844682	0.5346774391776289	1.4168990478516732	0.5198145837797311	7.934850391729093	6.041301197478305
11.628733391010979	11.242020696589632	0.5299809171749775	10.14369065820084	12.042831501695256	1.1371529213954634	0.9097578476340534	0.29235973714292013	0.1964113265694804	0.4996593026102273	0.5081490003539088	1.4539631210635444	0.5116247598276756	7.989156203309189	5.854502345988665
11.708099212920155	11.70711199178124	0.5193808646050613	10.25077241180249	12.073694995000817	1.0933015064039124	0.9034820100688825	0.2978594456162521	0.1872902554051334	0.5255466577542443	0.5232174548052333	1.415757369508104	0.4982521740797711	8.183638442760614	6.112348854644862
11.971739164798118	11.465613764842816	0.5278393576836147	10.019295711810887	12.102332494486427	1.130237068183468	0.8985582360270509	0.2927896396519471	0.19864280100158985	0.508573159351605	0.5147806744420487	1.4177195961363538	0.508711021334401	8.066140375051235	5.820360005758042
11.880444235595096	11.487025625375887	0.5200328313085949	10.029890172711163	12.10781147387172	1.0713138296437632	0.876280994667913	0.27705022938021234	0.18927775526705123	0.5098272780116737	0.5403842612152365	1.4313045329787626	0.533579301174094	8.07166077128697	6.196282341892334
11.613038452591434	11.211865438045123	0.5194754819289085	10.12368344574462	12.072837548511652	1.1104994607575362	0.9006661127021014	0.3017981114533015	0.1972238341939963	0.48462309991555486	0.5017110177732748	1.44017796849389	0.5194630880041002	8.285485244745542	5.900522410014756
11.86532184860394	11.351514056994981	0.5083180938072638	10.167448401304547	12.08562232720062	1.0567455662001406	0.8719849795855509	0.2982237898083975	0.19612011224872833	0.526107040662478	0.5021158460412619	1.4377226002868189	0.5216061651489001	8.251541290512463	6.008628222974413
11.679831608526671	11.048868514542855	0.526865959302597	10.251861751677655	12.068805633763986	1.1095026292916552	0.9198548462538078	0.3026599394814957	0.20178427068056445	0.501955397327926	0.5070857423033389	1.4453605374892373	0.5171073078127185	8.097696101604434	5.969764122287021
11.862022594712714	11.551928586539734	0.5057691824351281	10.225463132403066	12.094829436715171	1.0706234829328964	0.8779946025884866	0.28961512627768116	0.18076605098884146	0.5132699501809992	0.49198292734617194	1.4114483487373948	0.5106369482322886	8.2014190011637	5.8628800572919095
11.742509769958673	11.036215463757173	0.5099281370436082	10.119526205473937	12.04134118404275	1.1130808037829332	0.9064797965431365	0.3021838366058051	0.1946370868488407	0.4814790915353685	0.5094794919537621	1.454634500480219	0.5068826186055112	8.048022279998635	6.108088749170832
11.847215028533258	11.127608961336316	0.5208635114889959	9.911662545532705	12.122437309420556	1.0687498923937946	0.8752058254122537	0.2898453779375269	0.18260147083762496	0.5179003848798865	0.5297421763397664	1.4139026384810311	0.5251310545809557	8.436447756593001	5.9374603300698965
