1	22.75570509168837	21.34897232055664
2	21.446063571506077	21.586837768554688
3	21.26921929253472	21.4456787109375
4	21.223527696397568	21.34115219116211
5	21.18035210503472	21.224246978759766
6	21.150122748480904	21.203182220458984
7	21.139090643988716	21.169078826904297
8	21.126807318793404	21.16422462463379
9	21.096837361653645	21.054012298583984
10	21.05484347873264	21.157119750976562
11	21.04244656032986	21.162620544433594
12	21.000142415364582	21.067665100097656
13	20.993391248914932	21.06806755065918
14	20.976459079318577	21.03163719177246
15	20.945909288194443	21.083477020263672
16	20.90323215060764	21.139835357666016
17	20.879009670681423	21.071575164794922
18	20.851966010199654	20.971866607666016
19	20.822402954101562	21.014097213745117
20	20.81467522515191	21.063716888427734
21	20.78432379828559	21.06298828125
22	20.77152336968316	21.032726287841797
