mass_1	mass_2	phase	time	distance	a_1	a_2	tilt_1	tilt_2	phi_12	phi_jl	theta_jn	psi	ra	dec
7.017561603948832	8.610930888386445	0.5271674018706576	8.78907405886932	0.7573660821767062	0.6554528712337822	0.5421477460026036	0.1540507363280798	0.13642299720367712	0.5252664228638657	0.5316376980837643	0.8380674772105602	0.5233556705726763	1.3510081055824423	0.6733444858102342
7.271010759359278	8.347150816308666	0.49128673574209053	8.762562763444219	0.7582999226827588	0.6751768674365303	0.5175746763366397	0.1362463241566484	0.12577405213410386	0.5071000607106098	0.5188367909844969	0.8289416014988699	0.5262598784718917	1.2530878617729568	0.6505472509929215
7.371193221255798	8.535101275461466	0.4880271468629878	8.936877631593982	0.751076627066435	0.6727248834247029	0.5273012338728301	0.14229080898355334	0.12336474652921438	0.5133111733819568	0.5177077845101813	0.8178453860833876	0.5205937118606725	1.2339495878986744	0.6643716492619676
7.331166347694157	8.520820631219259	0.5087417767642283	8.820421532579598	0.7502604322472092	0.6814037768373532	0.5349780017236727	0.1566505027697168	0.13752766187909257	0.5063494191323721	0.5258844412035497	0.8268343130717475	0.4978188802785333	1.2102298009046553	0.6677153501627798
7.349374223892894	8.53576140914684	0.5100734356941163	8.86945125940286	0.7378101747760434	0.6527147590478402	0.5119119207858143	0.14006184885782005	0.1273816187797322	0.5134528244873175	0.5271648152224455	0.825320864395789	0.5256937856451982	1.2358254894377851	0.6681154501475974
7.339912923413787	8.487027160583377	0.5046505531721898	8.721695395037136	0.7507115356496205	0.6593242975461198	0.5244161683611583	0.14183195001219784	0.12251888215840515	0.5215736195737888	0.5169526286637238	0.8261263093727341	0.5243938232539925	1.243019099071485	0.6589785052680495
7.325833249722876	8.38547488061668	0.5123611067236271	8.836126100772635	0.7628952398309837	0.6581767612201767	0.5324686150550622	0.14046571624056048	0.1359608672560046	0.518754166889784	0.5234521961211646	0.8108378575127384	0.5169352120294429	1.246811376759865	0.6576656544918685
7.295344208880644	8.376033701458462	0.501946633738609	8.78469281408527	0.7553187305108733	0.6589710380187334	0.5363981277341339	0.1427523175480921	0.1350242230759373	0.515631021403735	0.5055926170592976	0.8221055897233511	0.5078495499651724	1.240784075908997	0.6575098121538221
7.1973430808840835	8.350866898576871	0.5034808572714733	8.698062348202132	0.7586851832254943	0.6707751312274757	0.5362829572544229	0.15737950748885068	0.13859595814027212	0.5171877260664138	0.518384457259158	0.8145718046216135	0.5111853293134735	1.2151572773948527	0.66548543205007
7.183375836247609	8.440758736934239	0.5184413248119354	8.840865945203667	0.756478197827568	0.6778990793633405	0.5430790983464322	0.15130749388934658	0.1350298696677431	0.5183175605751528	0.5042701326201433	0.8140615043022916	0.5299206344074648	1.2484728974618406	0.6515365573458887
7.28576792774162	8.470860619946603	0.5046537926898914	8.8382939601841	0.7505860153286134	0.6618184575444059	0.5353315165535891	0.1391569474251605	0.1326396392087152	0.5137409703538056	0.5215150195141854	0.8142814209711121	0.5069075063715778	1.2398811470086315	0.6684234213349929
7.226856675285316	8.496184317741259	0.4999375449004327	8.989342063156208	0.7573010958289949	0.6672237690392258	0.5413234300120262	0.14476151574411514	0.13165857553303853	0.5102924539921859	0.5087174870541379	0.8296275318909038	0.5215247797848003	1.258080526156477	0.6620692064523137
7.294531962244975	8.485861343040444	0.4975482768098007	8.945273417072217	0.7527879622529863	0.6613053970766711	0.5367031185337238	0.1441303418564332	0.1404299578754212	0.5238811036246208	0.5227441396732757	0.8144082604498658	0.509270057300992	1.240863100152373	0.6528196483956452
7.1744354756206	8.529839964659754	0.505566313363506	8.831915154168344	0.7500798018289794	0.636492050905649	0.5407057172530396	0.14604785284614744	0.12793511750706907	0.5240712801442851	0.5214019762833201	0.8065688001044554	0.5279750537410673	1.2187358716936751	0.6458933786534643
7.297079921595171	8.528521244030516	0.5137211704787169	8.880373916304038	0.7487209177331959	0.6714336019806701	0.5418034753783629	0.14242156506157772	0.13785576540843547	0.5111509479428117	0.532485249279339	0.8171789278460866	0.5296102047351308	1.2312944785281572	0.6399665133964639
7.40646859792356	8.236134923276854	0.49975682955512957	8.879080847112945	0.7390953326234997	0.6680492711542163	0.5323274021439771	0.14775147249146622	0.13115887407791424	0.5174721732267943	0.5166337895515413	0.8115355321644184	0.5344927797389162	1.231201731540698	0.661976778325273
7.282367751058611	8.445926227087725	0.5218378274961983	8.78912611491951	0.7380880955910063	0.6620731198813752	0.5215985371740494	0.15226782764568084	0.13360932099897374	0.5003570584805331	0.5669683413691574	0.8338010890395198	0.515755632882275	1.2047726126549703	0.6537034329053074
7.34480259265301	8.424296031484184	0.5037622675304008	9.06542127860895	0.7388159255477771	0.6626132395746317	0.5307554267526541	0.1361065943130393	0.14865774376151547	0.5240277011017385	0.533985935154418	0.8119190777953552	0.5067514098699535	1.22657306500944	0.6527245262812464
7.343746491080487	8.279758189776597	0.515769776154632	8.693584644902794	0.7483033914340329	0.6616399192933305	0.5269777202067795	0.14351432253951082	0.13168648817614156	0.5215503140066579	0.5431789243621289	0.8155522898359571	0.5037352124370436	1.2311420045449626	0.6649033320143706
7.336540649554987	8.433605879663412	0.5005908120230316	8.68891666952671	0.754666998173797	0.6716800186971997	0.5337070008403674	0.14692310930833707	0.13300831385194928	0.5172849098606339	0.5313255973066666	0.818023982533939	0.5168398588108933	1.2369146186532214	0.6600524935120491
7.369517801464399	8.338823366693836	0.5103703712436067	8.742427042048524	0.751427992747978	0.6690158781311548	0.5316396794127211	0.13824801478831505	0.1318151203392924	0.517840675742477	0.5283518448368566	0.8044248310214194	0.5153924876895494	1.2371635542737198	0.6600043514753651
7.332015977939768	8.39973613691632	0.5080344886609692	8.694847823581267	0.7496893951136151	0.6509900518220999	0.537866445257641	0.13412267381175283	0.128299947609902	0.524049458376414	0.5287082121205053	0.8092055217971427	0.5174100812475309	1.2435267462698743	0.6477459972706695
7.2861087548552765	8.432408099396069	0.5066703838151484	8.71644630158306	0.7391864957389109	0.6797663363792449	0.5445941539411049	0.15000853735490988	0.13498747280319978	0.5171893293719776	0.5148347337120535	0.8187720301117835	0.5193527047998399	1.224130263003096	0.6485131037329122
7.354067142094526	8.428315208777516	0.5001008885015861	8.830632369392205	0.7433988563857704	0.6656817351634984	0.5193386519426343	0.1440434801870847	0.13558351277336667	0.5118018341707887	0.5333202865395351	0.816708202707931	0.5111986214769458	1.2188703169774602	0.6485653184914315
7.263148915625323	8.356288099587118	0.5072209792057033	8.735575746028754	0.7357028486142587	0.6633097489640906	0.5275717621268922	0.14756666977989832	0.1362734663365632	0.505796913044188	0.5189992368369292	0.8309215065352247	0.5083011372029836	1.2131485737428878	0.6587987566371842
7.243812745362047	8.395146633625165	0.4824992979233359	8.806944103603259	0.735990953642431	0.6784376888878184	0.5296939097397272	0.14707373132769205	0.13304693108338808	0.5141010113570077	0.525568414870205	0.8240863813410145	0.5041298709359779	1.2323973166709836	0.6593121242595861
7.399121686740591	8.366025177308652	0.49869887098476134	8.642916311608383	0.7383382129895898	0.6761533408503483	0.5271436333444288	0.14548456874514185	0.12395034543629407	0.5310508458947442	0.522831635332354	0.8173887558020289	0.5132846384912353	1.234861156358822	0.6640352285558465
7.328088072703551	8.35479954105833	0.49522778733494616	8.9427496669424	0.7221089130753792	0.666760700652358	0.5547954876097017	0.1429911379218132	0.13901946629253292	0.5452477063969547	0.5374264955771838	0.8155555879027885	0.5106368481030464	1.2033840372977787	0.6365351228304783
7.34047919680795	8.448425784546117	0.5111078250951748	8.660502793369034	0.7246144796650669	0.6630305030173698	0.5227527753011468	0.13795408598681894	0.13152245423559705	0.4927310808330617	0.5092326945372551	0.8165374762885366	0.5253692980263445	1.2014022756572815	0.6651144980812849
7.37270449168328	8.408672418739336	0.5163307626341576	8.903875001006256	0.7337260366336327	0.6648437859659722	0.5376429823349327	0.13408225047020614	0.13666042691571828	0.5073338298153541	0.5256686963320945	0.8057055782327791	0.5127207206862805	1.1961931082933643	0.6627745073985497
7.363814453943647	8.369484882621407	0.503752093632137	8.840548453679917	0.7255788598795962	0.6826044145240682	0.5327454908681554	0.13561271635560773	0.1419985532131793	0.523231739193758	0.5254622333193207	0.8160229247294379	0.5253218783990465	1.2015557049615528	0.6580031425151643
7.332947036232527	8.354115467923485	0.5127209506169446	8.768871838581475	0.719358089868896	0.6482340452487115	0.5320705776409111	0.14797256909421672	0.13431525886211448	0.5113672085220218	0.5158633659104152	0.8139372678093547	0.5094284959479303	1.2196426611507638	0.6537689307722072
7.2830455286199305	8.305680551220005	0.4989140415431687	8.771840261049478	0.7146456520958993	0.6651410671190194	0.5229990678098007	0.14797049336702794	0.12497874214364059	0.508045448588637	0.5328597199840261	0.814607137156244	0.5190958098615767	1.2410003590184195	0.6354955277200125
7.366507394125536	8.247515222656892	0.5109018177756895	8.80917816869846	0.7128344985182006	0.6456969178656827	0.5413099542225563	0.1524193230885617	0.13149983187446823	0.5061520575947004	0.5195349724281924	0.8065586859469644	0.508259882721073	1.2316971166856119	0.6389003947159085
7.387847898756623	8.29355142762165	0.49892420600182535	8.778555768078727	0.7224405975445942	0.6487502475316836	0.5480099049160218	0.14176297063722632	0.13068015073678674	0.5103056469949611	0.5258184440099977	0.8145733354343644	0.5045096107741436	1.2287417896763093	0.6595592673000098
7.310751798827762	8.31911667393268	0.50314860169317	8.846867049627612	0.7152934851848185	0.6437503320754508	0.5195653772425258	0.14493039682958708	0.1378181622380159	0.5015100576156332	0.5180022069416006	0.8166597993033619	0.5084292838597644	1.2329744286372006	0.6529041939831021
7.450718962029058	8.239826935657497	0.5073443899153426	8.756309977300736	0.7184059812920472	0.6670015356961004	0.5284797923007951	0.14497827423201706	0.12966437643177603	0.507208254658405	0.5078433112786956	0.8230665043789299	0.4957870701128331	1.1982102679419397	0.643646295760947
7.40677664201644	8.26590044750112	0.4925735306226445	8.841840524213161	0.717185302481847	0.6642594928441047	0.5204872834796852	0.14599874619205613	0.12326009372392092	0.5183889698715831	0.5161499510602631	0.813909962650081	0.5170907759729946	1.2206085307005456	0.6408769194061386
7.361980570420894	8.259203291886646	0.5045703971789907	8.702086021430363	0.7170345862727401	0.6482832636880699	0.5297263708318325	0.1437783429602294	0.1263925263613574	0.5147354840189322	0.5391521543169402	0.8071623727846303	0.511514923903546	1.2032381878750062	0.6492552587129988
7.3995184781953895	8.371513382475094	0.5156631464170077	8.813349831289216	0.7217573760478854	0.6577097005541687	0.5395286324968925	0.14392305280869755	0.12928436237009136	0.5104765798007085	0.5240311249091264	0.8258750981092945	0.5152139635042963	1.2180741454903317	0.6297063734963032
7.370119838565017	8.273337916024456	0.4965664567223125	8.855966046985584	0.7194932550193897	0.6541761255877974	0.5233459860655888	0.14647785065266464	0.12963070266577204	0.5027785524648025	0.5163955767444727	0.8234450220852894	0.506067948431165	1.2069221474228624	0.637672803951733
7.392122492537412	8.135926063362165	0.5003776225234512	9.042314824979051	0.7317012296168707	0.6498124316684881	0.5635833497940166	0.14212517217958598	0.12886300974898274	0.4895805986574133	0.523569573075871	0.8124057766184304	0.513084769102309	1.194956095368794	0.6583405314293131
7.445149240727887	8.25097224657649	0.5014099492525721	8.766873448950529	0.7298576409343678	0.6614404760536433	0.5128949799599168	0.14443088359976441	0.1305223512677632	0.5006623490623967	0.5409435928985904	0.8151814045395191	0.5286435568900962	1.2101197258647596	0.6479600597879327
7.341961820288803	8.357964126968257	0.4876794124011633	8.898259045778543	0.7375140547618121	0.6554901958374013	0.5302370813104654	0.1480512995967545	0.13315348587300152	0.5146219189039614	0.5489452519062823	0.8155829612884945	0.5273009920437917	1.205661196469316	0.6590115922503159
7.470262894294067	8.338856256809919	0.5080432768001082	8.728255183065881	0.7448922179705565	0.6591245989133012	0.5306632827731489	0.12995678700629892	0.12920727430215823	0.5036089933591321	0.5213676751180762	0.8178386592461296	0.5061437663703882	1.2034720221279096	0.6481380202050645
7.326929918390941	8.27708214067241	0.4896715440890614	8.808952616555064	0.7576427031290989	0.6549665683041724	0.5111338341601879	0.15163098377796755	0.129570802643446	0.515889028551432	0.5208972476301369	0.8058256807756278	0.5197263008782463	1.2251166561891722	0.6483518759329496
7.430132723736349	8.200541055954504	0.4824708770335442	8.642968075034196	0.7551103941205719	0.662866716847359	0.5422633718409384	0.14175833400486823	0.13132467127001535	0.5172369391021854	0.515995576455086	0.8142656183408227	0.5221738160412454	1.205712831914365	0.6546667767258627
7.370474713940687	8.204123108178925	0.5009956545569485	8.73141354741648	0.7568231671014753	0.6737558932497375	0.5352874424001581	0.14681613706440214	0.12829370469983772	0.5268451331666859	0.5152672970259345	0.8165776786815471	0.5286147915671593	1.2296435075611185	0.6472569843998814
7.440688082788965	8.385436330881879	0.490802351864052	8.71981629901917	0.7534307015686994	0.6410672155084349	0.537544778285842	0.14316582159136562	0.13334526857675086	0.5069965175229163	0.5364490252990723	0.8165500381958717	0.5111527283240265	1.2159686032452468	0.6472114461976088
7.456164393800735	8.27649706007334	0.49908641132898823	8.652904554219305	0.77329238416298	0.6480696835164923	0.5255934505336141	0.15182988799665764	0.13777161859484727	0.5092465894770747	0.5298075098694803	0.8188507536725782	0.5213883783137637	1.1905533300284323	0.6435720104348172
7.426276935687718	8.146156193781916	0.4918252182466442	8.673565230508496	0.7667053201969303	0.6512246840321614	0.5390837030910991	0.1468588137040183	0.12325463487181762	0.5065434257880639	0.5243680841174109	0.8201927520298747	0.532195919238609	1.2024025419367113	0.6272860600001152
7.506550649503296	8.314046033925292	0.4955003709906681	8.712307707005056	0.7738088797870913	0.6490866457291424	0.5097969876013995	0.14467701422926055	0.13552301349233273	0.505347590384616	0.5433122291917069	0.8140410776968274	0.5265201087601642	1.2145921549739058	0.6432497787749859
7.503443040062474	8.286879339531833	0.5005296676989491	8.645661208192266	0.7822805978616866	0.6584190161420587	0.5342777605545187	0.13393211860106707	0.12956584328575874	0.5012288869108387	0.521363199708443	0.8266769061509068	0.5145185848610642	1.2232441160020648	0.6527241983227114
7.482751326438163	8.015709186357862	0.5000590824757767	8.810479170864705	0.7791074846493481	0.6726239574380465	0.5300300260812635	0.1357146046870591	0.13027798830493584	0.5020891090549302	0.5021597789775684	0.8175659576092656	0.5143340589442319	1.2120908484324993	0.6340489142020539
7.5247087763117895	8.218949549548771	0.49567748755761876	8.684584862741092	0.7826099670831095	0.6554436272247681	0.5451368877538058	0.14738793040847598	0.13635541792576308	0.498619916950807	0.5075155437546117	0.8082716766221681	0.5109999824268514	1.2228460251595588	0.6616842625405222
7.393544016019356	8.166503032374063	0.48700924065913687	8.655793545067434	0.7885187454841249	0.6606725067333715	0.5239683024150582	0.13853219844694645	0.13000628853824994	0.502023655667849	0.535359350443036	0.8118549501962284	0.5061874734512358	1.2158224218865765	0.6619939902771395
