mass_1	mass_2	phase	time	distance	a_1	a_2	tilt_1	tilt_2	phi_12	phi_jl	theta_jn	psi	ra	dec
4.363448486464783	3.4969240750098884	0.5137828136794994	8.15490988330318	6.07968285682739	0.5279385584200454	0.4776300521883691	1.1038922915221887	0.41177536316587415	0.49796358376694083	0.5148072726637057	0.564207750893796	0.5270470381633452	2.985344611111343	1.8782666278472426
4.011385462320062	3.685213490899957	0.49867265568206753	8.146243203681388	6.044071968296921	0.5039451901973513	0.44335793247791605	1.1436735235106597	0.43191964220046997	0.5099769058850565	0.5416007244196496	0.5463130641219638	0.521612775366448	3.0411870392267617	1.842794415657332
3.9693750772315552	3.6054312916164064	0.5050514474746212	8.363618919975059	6.014964946428571	0.48965699534834844	0.4287522244981558	1.2283325104454137	0.45979244594135055	0.5023454192933078	0.5424897231417463	0.5466405532530739	0.5018204310348439	3.0252667245453417	1.8755056508469297
3.988290989141014	3.560399511947522	0.4962664494088244	8.364329230968819	6.024590850519773	0.4787389356656379	0.4315716736686209	1.228270816889721	0.45587944130987834	0.5118990857824304	0.5097738025623844	0.5554975335819086	0.4971033968547644	3.0122185181825314	1.8264202416983588
3.979118548590745	3.5359567078483187	0.4779118931738631	8.061315789604107	5.996768409982511	0.47617134519968934	0.4298571849018034	1.25227060928885	0.45739308125263073	0.5151417800441737	0.5251073578553294	0.5566844802527506	0.5302116081169562	2.999132442832228	1.8023713024320698
4.021194660681134	3.566232217042014	0.48843301372238185	8.177667533786057	6.00318290097093	0.48430537713551186	0.4392300397617435	1.2258577235496286	0.4560957785497422	0.5192335685053285	0.530847509220073	0.5480925234637762	0.5201986121083282	3.035803615198802	1.8044272964717534
4.155394031481258	3.6532108130184002	0.5133024076720979	7.987012273437433	5.993788898728854	0.49179885597948536	0.4567821435766104	1.2266452334943263	0.45361883165191513	0.5150058581621855	0.5372628128983047	0.5504836503780275	0.5291721006143933	3.0317300409563415	1.8114924624618
4.199878309008324	3.6408938818668135	0.5158750419455851	8.11520123506271	6.014214772220214	0.48019191418253526	0.45557070579268594	1.2648605695037471	0.44675650217466284	0.5135835108292245	0.5219288248505097	0.5347460346824495	0.5182800902868656	3.058534239454828	1.8290335868572745
4.234938328679145	3.7043359106999416	0.5017530504739836	8.020591031138805	6.011224058380424	0.4826949683665163	0.4453961810559138	1.2560295105975625	0.4627459372483962	0.4953956679463191	0.5411597539681015	0.5527961790374816	0.5008096868058508	3.0298312964385725	1.8004433310928232
4.233793035718091	3.6412799010313575	0.5171544678442759	8.199463240429493	6.019713640898007	0.48103176084757043	0.43759547056581244	1.2425122480513306	0.45282427744928166	0.5070049618354137	0.5144748527924654	0.5457505431627538	0.5164989743432504	3.0280414796749735	1.8342948307810556
4.24533125020564	3.652449066192708	0.519005978456556	8.297974044942498	6.015890865760831	0.47843126360059157	0.4383662222390848	1.242825233324612	0.46725406070350517	0.5099998314088516	0.5311899476443208	0.5572872582846129	0.515757767404722	3.0117945437696343	1.8443360678763587
4.280874354040577	3.620050642276564	0.5079231460024625	8.065198226299042	6.011170011824052	0.4944821443150009	0.44138365483185393	1.236483931756944	0.46847813456455073	0.5188454533870696	0.5373146923121757	0.5518056803722866	0.5083509686468061	3.0160648981998452	1.8174788803179502
4.248180881300228	3.5786610735357227	0.5243130566819176	8.28562029249802	6.019325629861237	0.4875378863803681	0.43474654031176413	1.2411383863262748	0.4521698418068868	0.5080302643286146	0.540453807813514	0.5481067383561435	0.5080846037124501	3.0127043484296325	1.8134632712123397
4.282033624044416	3.620624807205831	0.5068249112996717	8.291791662309436	6.004782553572219	0.4795571616850773	0.43031146320217706	1.2519265511589608	0.4568233034643196	0.4974109028296106	0.5418771146542135	0.5583059142785782	0.5071653810186557	3.003940267466959	1.8332052287188279
4.09903478223622	3.633021328044766	0.5014260598668994	8.156853507330908	6.000636781896146	0.4943232369259452	0.44470296219074923	1.246649144862342	0.4553846418963077	0.5203416145101665	0.5264067615541317	0.571681617364895	0.5113438399865083	3.0050445643277426	1.8348322107317085
4.010330716455754	3.8723743121449403	0.48642671625320244	8.14312980120914	6.004268384202737	0.47706302211395446	0.4459881729213963	1.237182508741699	0.45845526414662735	0.5065150729968799	0.533581733686039	0.5640626364664701	0.5059969355182745	3.0003274788143717	1.8230158581099414
4.140219581639159	3.8138069146492355	0.5043798755971628	8.215459770112282	6.006449734437213	0.4911507067867354	0.4422082179771262	1.2445551805573347	0.46636104840677894	0.5201920760041344	0.5172893280584424	0.5612513566392212	0.5175730521954486	3.0420474552594183	1.8112708458531313
4.148170372602762	3.7915597755028108	0.5075842375717629	8.046248537273689	5.991052680462216	0.48726127158507476	0.43091151278389284	1.2462950001684987	0.46698043429105585	0.5086852522834332	0.5250571572356362	0.553190785707607	0.5124962464340084	3.0287016260726114	1.8082093525403216
4.075279124492869	3.7927766224836272	0.5012788662217604	8.116291527839829	6.00310075204399	0.47521172211543306	0.44512826386439397	1.2339312764731794	0.4544975803402688	0.5117643242791876	0.5335330988686343	0.5470436845597904	0.5098254704347014	3.020655604689679	1.803215090949794
4.1118935274705155	3.8148005834714165	0.50863609667175	8.18039581658253	5.999860924690769	0.4845172948007967	0.44425336978702834	1.2237354188922902	0.459830310839519	0.5061120930086842	0.5240208132372779	0.5520904758536173	0.5294662002533229	2.9984851903668512	1.8099974299780046
4.097155256590196	3.800578047033699	0.5263639238427573	8.365299455977452	6.002714302567142	0.49875923981501835	0.4416489872081256	1.2290890439047464	0.45932179452140565	0.5236702831973561	0.5322155803685529	0.5605141626098681	0.5029517777909178	3.0417231767036124	1.826608834931276
