mass_1	mass_2	phase	time	distance	a_1	a_2	tilt_1	tilt_2	phi_12	phi_jl	theta_jn	psi	ra	dec
6.110848082495248	5.9350588193404	0.5236547344428754	10.077701356552936	1.2321953253889935	0.5603880128446749	0.5342964848643473	0.4180144277224646	0.2666441457516761	0.5260575234839806	1.4760873847102414	3.652580535448899	0.5203165198221471	9.912878279625234	7.350324509883856
6.488365062449254	5.876305755572848	0.5284675746818108	9.705333645476276	1.2224029932388147	0.5249877518263288	0.5017839428768259	0.3793632377616825	0.24570991259047759	0.5015095320206512	1.4792342225108726	3.6758538365420104	0.5272879813295288	10.34033482560359	7.73785122009333
6.6924293617297606	6.081269427848816	0.4937048412740634	10.152063903191976	1.1999550146606455	0.507203823229697	0.51133435988247	0.335286870032779	0.22439043951220228	0.510434831307073	1.495239131539241	3.6602176699515834	0.5146889290206241	9.196277302629444	7.562889104413403
6.732891550859205	6.088876476601332	0.49623667256139115	10.121506568503545	1.1765791257025549	0.5117511470749352	0.5075863794817891	0.3273737708934657	0.229006635633227	0.5127898282090659	1.513649226998755	3.669526760751431	0.5344977355302591	10.263219127996091	7.615211208410483
6.5865785290195324	6.158251027846287	0.49155629691278474	10.09611852781513	1.19699622193306	0.5063516992051765	0.49817793493660095	0.32180195019578706	0.2319339626769511	0.49551520598223625	1.518041494769505	3.664599580910229	0.5417410476241775	9.600768002878116	7.437046311890078
6.720656829762916	6.117618086475987	0.49971757524606514	10.331399498630246	1.199816901545045	0.5205319236946678	0.5254888752406597	0.32593397476732355	0.22823845678503138	0.501946937744165	1.5111464930015857	3.630548560347865	0.5221318556978339	10.45855727750144	7.354182647661382
6.654654402257974	6.218218564714547	0.5148589346997072	9.953892563718258	1.2235983349155768	0.5117351766531529	0.5026319953566787	0.31978553794516407	0.2395787979259551	0.5143908891822135	1.5021701339242033	3.669063518665335	0.5107851211794725	10.322405171848697	7.591399736076613
6.61570457261374	6.339788709749415	0.5180445570825492	9.66744288178712	1.2106466162383533	0.4936913252968758	0.5113904004191522	0.3204377427028801	0.24568221682008906	0.5105662083193042	1.4878797334311509	3.6679062693405964	0.5174265846416082	9.725297945445764	7.61441515093388
6.551295899824699	6.441560388278709	0.49360134098458497	9.98523722524282	1.2273174201245671	0.4997300930863931	0.5110992356676342	0.3214089266326853	0.2466923630566993	0.5069990048642564	1.5113605273818638	3.653315202704889	0.5235851129478601	9.954036994648122	7.470137344180648
6.491771063900795	6.518571221118944	0.4931235217921811	9.890862778380756	1.223595482218744	0.5085138938078605	0.5154320901158352	0.319288716733473	0.2303177357155035	0.504845193010198	1.4820730974412215	3.662319103756291	0.5278302701232592	9.91544390673414	7.679964336821193
6.601989149717263	6.535838093793732	0.49068159861623717	10.058162161735094	1.2330174550502138	0.5090479223002641	0.5296441545577029	0.31679365601710996	0.241064851144739	0.5247551712737599	1.5250768680463231	3.6466126239593146	0.511650188566195	9.548328818808693	7.496171236449885
6.574961235521309	6.461665342786313	0.5041988754246031	10.114341845788111	1.2362184573716688	0.5022372416242739	0.5194394271784625	0.3216353057777593	0.22851817406678002	0.5161608899812544	1.5011400842429048	3.6566738870809656	0.5056903713129488	10.04881414263448	7.615142207487834
6.6476512101840255	6.535217505368153	0.5010066771698373	9.806195163044611	1.2249495941732158	0.49914645149635467	0.5176750305521846	0.32146036725250365	0.22830380194310487	0.5144675829807523	1.502760746464974	3.6064662925657176	0.5056381015986312	9.729672520114137	7.6413830169547685
6.496871314829195	6.471438940211489	0.5004834085564275	9.691738748757693	1.2409311315724696	0.5254766482691844	0.5083280713601427	0.33346234020817356	0.24110122042706342	0.49965346453610465	1.5228944135541391	3.6211856817188752	0.5227140487634305	9.35266193040842	7.455409393095704
6.678624689952087	6.349628315871692	0.49138815480301273	10.020563045265735	1.2367289436694189	0.5011436772372905	0.5046920574052046	0.317227997008992	0.23019231018106112	0.4990233125939071	1.5061660671093964	3.6066854128352426	0.519082149249082	10.153760920269761	7.587825701932768
6.796342921723691	6.474946048544167	0.5088707903437276	10.058592491937995	1.234675025686686	0.5104531674843851	0.5201851776822997	0.3152824868757083	0.21746347757549464	0.5134810618659701	1.513584209775221	3.6500191826310964	0.5212284275004071	9.54250071537626	7.688207092241972
6.7578549644300745	6.674306747319992	0.4982025995326742	10.019422324225815	1.2428367294290847	0.5096703314943204	0.5161738354429325	0.3187500413844418	0.23155070380952095	0.5126802344828081	1.5091749795904057	3.6211988892343148	0.5175019112443326	10.236692122483893	7.562585485667576
6.7951219773755795	6.432853567526953	0.4959304631472253	9.651516551706717	1.2414794727823588	0.5231029528305529	0.5109121181972032	0.31031977798002275	0.23431852047423965	0.5017503928134157	1.531098140531297	3.6228003652911465	0.5286104117795137	9.563006446073492	7.39343558101266
6.742487725992686	6.326367027530739	0.5018038016912743	10.222718017184366	1.2133241135929642	0.5041364088296287	0.5112055921258912	0.32100427221767797	0.23668444769203684	0.5058426667010112	1.51045118704277	3.6357470558669647	0.5257835724831159	10.180771854155463	7.424909110815706
6.884153511883247	6.499721446044452	0.5177110546469104	10.147166419745925	1.2509761369991146	0.5146564944960969	0.5189904062145757	0.31834340636210434	0.23062481140740246	0.5032363455961651	1.526386051868047	3.6260431206288817	0.49251752816346483	9.67815644432161	7.583690416077854
6.868006773980847	6.575981869975316	0.5182947362309265	10.149348326500665	1.231695366584388	0.5367344003228408	0.5131390730978288	0.31151657458951487	0.2298052394201159	0.5008075956534982	1.49470170268785	3.659086332614013	0.5228327688281391	10.183825089145609	7.645367349507011
