mass_1	mass_2	phase	time	distance	a_1	a_2	tilt_1	tilt_2	phi_12	phi_jl	theta_jn	psi	ra	dec
6.021580218640635	6.158104942653054	0.5206005385755405	9.585639489177193	0.7575497365505087	0.6108480475723591	0.5173035473594972	0.19662752120527	0.1399796808373114	0.5178340842455275	0.6789639254271337	2.98910307627452	0.521517942494659	10.452429661742368	7.4492393409585445
6.398296622974249	5.988910113412783	0.5007009424443039	10.350325226086804	0.7395205889270574	0.6159826938245452	0.5292439950178375	0.20670396229497864	0.15263058202840968	0.4981630259912315	0.6956439323730439	3.050926729022043	0.5176618501972033	10.384483350211282	7.639321002043711
6.543153886121949	6.241934226142761	0.5071921867319389	9.88309493828087	0.742405429398257	0.6133471315554929	0.5085230421637899	0.23579850671888253	0.1503733096364032	0.49283235183786106	0.7278907747132656	3.0277507872147194	0.508197310484476	10.35942592358555	7.52809748668111
6.558010510312918	6.38191455423346	0.5275892335763107	9.435036183551984	0.7370119674515215	0.6439527689114006	0.5129958000487923	0.22051264054269473	0.15962138100312873	0.4984355271225639	0.7090644543612127	3.0442266213227103	0.5346139439299454	10.379145004757627	7.355101418671293
6.53743760516896	6.4887397270959095	0.5011924641258582	9.436513204392892	0.7263395298445761	0.602105829137124	0.5223725072068464	0.2318078154585809	0.16825320848602507	0.5154791122909946	0.696964830152187	3.035784164950586	0.5231692587557079	10.429477484069734	7.299752698430154
6.553204127231194	6.470528329878736	0.5205301717951726	9.484839323936097	0.7234780249558053	0.6189938382795787	0.511928121899385	0.21614737955446653	0.16080369453698662	0.5169638638912437	0.7046240912821004	3.0317549776626396	0.5155822126909007	10.843826815859918	7.3208197486662225
6.453849147798709	6.52570537872944	0.5117127251557354	9.534997540229927	0.7393406244269012	0.5932459029697652	0.5282698693357465	0.2221665530526643	0.1541848415020149	0.5215202728661624	0.7069286598141024	3.0506549768875217	0.5304976479797666	10.343718748381429	7.2815252434797015
6.4254191521723945	6.602848348256067	0.5086595424211079	9.622099274943755	0.7543761085283678	0.6162618313455593	0.5297523379837701	0.21989270956471604	0.14404013748778996	0.514973112851316	0.6947628782333698	3.0480096189774213	0.5258698472282786	10.346021116275525	7.305667506347901
6.470296991549988	6.606569958688249	0.5058564380932842	9.446419080476774	0.7455166313782061	0.6029782889240667	0.5234263314175506	0.23091751206933014	0.16301685025460005	0.5079265463762789	0.6976454043478206	3.0302015665685382	0.529162208101944	10.439796044845895	7.308140435017118
6.41181021287932	6.724168839902674	0.5071701009314658	9.381312096875472	0.7410912900021668	0.6084577190094879	0.5409757917855684	0.22218619554359073	0.14670617236662759	0.5226102721454475	0.7024349972456606	3.0562094885028497	0.5333428533781971	10.341420386913187	7.37504553938964
6.506397418901553	6.759184895181379	0.5159108973371238	10.073092962310954	0.7396709985279355	0.6036708886057041	0.5282169366579434	0.22735697955649858	0.1636488260801939	0.5059935298462299	0.6921287976233319	3.041728543419399	0.5327540194761312	10.467124824895452	7.346197716015621
6.457043864556152	6.812743949002687	0.5020437610931016	10.415355632591533	0.7514496086176282	0.6184268609340022	0.5220883364619207	0.22857981902786004	0.16336586277126922	0.5143390796098752	0.7019908344177592	3.057129536351644	0.5341625864097274	10.383357296979044	7.322182284063403
6.495333390743544	6.785141789822694	0.509765477869333	9.898087168578796	0.7437231881242603	0.595482549565979	0.5391895147236276	0.2245103458589627	0.16092926389852344	0.5165873289791177	0.7038715581455298	3.0423619173653225	0.5301521472064809	10.682381225041672	7.32825524295952
6.364208048170406	6.7641962242549525	0.5230835392763289	9.701047284588745	0.7497212748769903	0.6071485883270791	0.5219016881994814	0.2378470366119312	0.15446640443298967	0.5179603673117172	0.7041410412159003	3.037572623894226	0.5134095809649559	10.396921834059135	7.35776417095833
6.646795538001689	6.714850452029425	0.5034192543690748	10.244457227052303	0.7404583944483545	0.6173670107220922	0.5382889074844396	0.23957722708137952	0.1551154939140466	0.5128111761697438	0.684567728604174	3.027606708792775	0.5025313625595303	10.998507689012715	7.364256610796234
6.699108349821583	6.630685364547071	0.4983316939836164	9.96733619941967	0.7384949894235001	0.6231304044940403	0.5508661310504223	0.21254772410690656	0.15777976453437786	0.5113807870815541	0.6967427963139557	3.0426235039123055	0.5258730006248393	10.642381035161684	7.33434958026753
6.725303251665868	6.936093083108746	0.5102047499828596	9.774954471017624	0.7328042564132204	0.5973641030051358	0.5288779262033244	0.22114767025320858	0.1526194188779462	0.5360547471117716	0.6981762173008786	3.0696509149259197	0.5173812754296181	10.799198008968578	7.3527698864085975
6.676074387495417	6.709404609494864	0.5068136225742441	10.214527234514431	0.72213831021782	0.6138769811627557	0.5362908729567986	0.21480153476292166	0.1622783590816052	0.49749781601811677	0.6957039087680952	3.0070403506120065	0.5203885189437647	11.002891576410198	7.3630128490287525
6.70050454926653	6.524204692774014	0.4923458239020922	9.941588469692157	0.7360589259500201	0.5951493777322677	0.5348820209989386	0.2128595756989472	0.15963283949700352	0.5033764936754073	0.6968240018445537	3.0519896801555757	0.5109375302457281	10.500413215757934	7.321110475703588
6.678263953163374	6.6139024134328785	0.5168775059612326	9.672344282790673	0.7335890127220205	0.6114943880846976	0.5293333224734107	0.22989997425883732	0.16100089414793198	0.5383440694141357	0.7218620107407552	3.0548475295139004	0.5029271856739287	11.231775309800026	7.342970558384016
6.75731734589296	6.841670983162053	0.507116412411059	9.755650279564113	0.7321493216090695	0.6042378034075973	0.5287622810388817	0.224096103095656	0.15784157102519772	0.5080117017466514	0.6970953674183007	3.0466054910475338	0.5214089465275913	10.35153401094164	7.39650264118169
6.7415900384805445	6.624612912728428	0.5024411482885747	9.649762355833328	0.7410111393879262	0.6129942954390901	0.5530133993161512	0.22663335556557873	0.166189962731729	0.5191026656738136	0.715490075963156	3.0495729396035625	0.5181529415979902	10.894066140592946	7.384204630811533
6.685056436217237	6.564291228614752	0.4901323623858263	9.542554136975982	0.7425307923392745	0.6107911716303424	0.5199376319641753	0.2276163771733928	0.15760658497373156	0.506430105126085	0.6963584364383638	3.0146652757533507	0.512083447876799	11.11936851075418	7.2333210212251755
6.710735210788708	6.53995094554288	0.49810884106967146	9.466795765113918	0.7304256527099807	0.6076650343028108	0.5296056137878951	0.22138635624022865	0.15565124739921182	0.5184056114647189	0.707191986507282	3.034787455960286	0.5172253433304983	10.40617856352903	7.243822402014053
6.664755680902712	6.692586663656425	0.4944851677522811	9.871722249135068	0.7268962619379121	0.608131979487762	0.538380218655124	0.2210681443424022	0.16004879983030293	0.5244499910149257	0.7033763939698857	3.012935066298383	0.5288673872205449	11.192288421816576	7.304110446377572
6.6333649671855	6.708524355461895	0.5066649256101916	9.77168423024485	0.7208966672239023	0.6126894889011398	0.5519609996525711	0.21922316500159844	0.15748648182400704	0.5227476946387677	0.6994181834651161	3.021828626385926	0.5355060514027394	10.367858623072433	7.289346323554309
6.81170095369632	6.754523149824583	0.49386514563442296	9.864554820970428	0.7087151476754021	0.5989425032727855	0.5285816878389604	0.2281020559759403	0.1565479243052084	0.5219557083564389	0.6909199785298772	3.053984213453254	0.5221965931076461	10.88540881884833	7.449507991926713
6.7865731942651335	6.565041456278398	0.5083276298474997	9.497981912830811	0.7063172909738324	0.6172768124563283	0.542602578889831	0.23552194107734584	0.16635423411600508	0.5253236698967526	0.6997887361270934	3.0244214770129196	0.5083826885210795	10.482889457694153	7.233233853160841
6.724916552863347	6.671521513593076	0.513296107998282	9.983811482079487	0.6991512113131394	0.6181000825760427	0.5113108725056191	0.2228182932189718	0.16706416390512832	0.48528539638290086	0.7266213556866061	3.010065066977033	0.5113923827861878	10.419439309672066	7.325134702586816
6.738966595273633	6.471283124843982	0.5161355452229791	9.589448457200673	0.712608448231222	0.6070153325202032	0.5284067718066361	0.21686739634673574	0.15577041218172627	0.5059255808261319	0.7194392647602504	3.0202919397913957	0.5263510535558419	10.719543634042068	7.377443435848656
6.762305536056233	6.599630058558801	0.5200566414270661	9.418171482961156	0.7115763486225212	0.6105725016271799	0.5199627816773574	0.2265848029413091	0.16730180504457115	0.5135263886047469	0.7129412182530568	3.032158185038534	0.5366484248475502	10.73882865386686	7.357639516372094
6.752192314076185	6.698017760711972	0.5038108165850251	9.573157708221574	0.699552549721389	0.6011419634513178	0.5242575627814846	0.2282720206864977	0.1593784102956426	0.4978012681289125	0.7019553723152049	3.0353341414010444	0.5055982868639259	10.490800550860486	7.394055975923686
6.693851039807732	6.593250042880473	0.4946676781623015	9.674488200373842	0.6773474279954002	0.5912025946326628	0.5469641426392187	0.22686438657718774	0.15865602536792833	0.5184651690897769	0.7012366569672678	3.042022318533476	0.5256889250404554	10.36023068737255	7.375741483398988
6.774993627790239	6.598602670629686	0.48965545268446425	9.382417277068013	0.6912345796297772	0.6126825283284618	0.5172536567415312	0.2232411090249517	0.1723550762951258	0.5060836829318367	0.7263393659959267	3.043301927875676	0.5373346241792236	10.407705164538346	7.38275280341609
6.77309333269683	6.5009602110001055	0.5103413256204352	9.441451770996716	0.6820147686968653	0.61524015007422	0.5368167200074445	0.21477925559963487	0.16534616072094532	0.5192946131149593	0.7149598938116258	3.014859962944526	0.5171945663066849	10.508457192578753	7.345567203891612
6.71905256449522	6.5216640139259345	0.4793199815479097	9.676721222772331	0.6926348042378577	0.6023940204185612	0.5193452365739453	0.22150787069404113	0.15850274246255674	0.5043121648283756	0.6975748163499169	3.0374580757489813	0.5051715493670111	10.462438668543141	7.358967509482255
6.9672366343221865	6.556471777309576	0.48543606259784716	9.498353178934227	0.6766678847876573	0.6228822717015144	0.5399829381938717	0.2279517890381707	0.15100307717561706	0.5279570900795677	0.7145079854965675	3.0095829547702886	0.5166901483226474	10.630576303583222	7.367793875371263
6.765220612746365	6.589216378156901	0.5211653466138466	9.540480705216334	0.6968812606190732	0.5972391827462655	0.513853622308347	0.22870103195508107	0.16104247793532392	0.5216361931957864	0.7069111122722668	3.0495141162453674	0.5218494898573398	10.594266386220035	7.285320929144383
6.768895747198217	6.593978040611642	0.49080836702254155	9.551712260443418	0.6981137226623867	0.5988545930193637	0.5159204956732599	0.2285247916521654	0.1527320911636154	0.5069335999331388	0.7125224869588717	3.0302914219119907	0.5176802734546798	11.043973282302353	7.411483588941916
6.796460622911749	6.519979741494289	0.49639653618061186	9.472302813798185	0.7030160828654851	0.6182906573261261	0.5470602403126801	0.22216639811212074	0.15986546733287124	0.4947299003476642	0.7207192996592029	3.063450676785252	0.5185509755872554	10.723328614856557	7.266619336060982
6.7397029408261755	6.621700251876533	0.5070163791599474	10.271830915755094	0.6980638469675318	0.611638539404444	0.534730178843651	0.23114140400153482	0.16519088916249083	0.5088607836695536	0.7284102279254958	3.043951342678317	0.5046358612946499	10.451671745620546	7.265291441493305
6.79544556072232	6.492362613043538	0.49955624760743006	9.880775792451216	0.698638950072137	0.6041050378272775	0.5129701273308385	0.23254889116681873	0.16098081471393083	0.5011546127089742	0.6974057239590258	3.0624080765242794	0.503678938359292	10.44186057028367	7.261003648905408
6.943739860055327	6.602872145642105	0.4912839853220321	9.822967185378324	0.7089200352251065	0.6093809036362835	0.5260238682756215	0.2302149094705098	0.14991150915547102	0.499404677279615	0.704709937728022	3.021612216846973	0.5134714140572403	10.932812798600276	7.31367709802619
6.7394242726726645	6.733768814195855	0.4968399292472612	10.034322186113313	0.7247138120117679	0.6107162720572528	0.5193822247970206	0.21810676172006288	0.15566786948922864	0.5111496326744869	0.6938279814803964	3.0661746641916654	0.5416699527979545	10.369067840073372	7.2845455259097065
6.934629470841778	6.649041651738934	0.49962792690475155	9.716376128411325	0.7264661919779039	0.6169621228570745	0.5380250369851846	0.22121744643927202	0.15389829607809408	0.504134187423089	0.7132810247283591	3.0259602750425483	0.5255780463508247	10.424506299750927	7.301444134854811
6.761594290777223	6.712841828159633	0.5051813843999571	9.524842214569501	0.7278793741095819	0.6003232088753448	0.5166386231784267	0.23316662342244968	0.1612084831483093	0.5016427901933521	0.7017657040080962	3.04768165824435	0.5303953329542446	10.392504865285732	7.288971780793294
6.899279624356837	6.748284346169551	0.501931855168202	9.458507794839846	0.7200128798087939	0.623431634573643	0.5158207570572737	0.21896923111889918	0.15515218299795203	0.5070360549745282	0.6937880870598857	3.0379983324998427	0.5258331104849835	10.402714175125766	7.185413925023175
6.859245515948368	6.468885164838605	0.4714348688162243	9.97292675782739	0.7483111767988831	0.6049666141154393	0.5214326588636262	0.22203183296007442	0.14917577971842363	0.49990122193223263	0.7106425437518681	3.021839475601377	0.5208860155921541	10.54848439249121	7.233339582558239
6.871729544928345	6.527022434466688	0.4829064171821809	9.670310769126718	0.7445658287740091	0.620267065447093	0.54045544901685	0.23271995075808505	0.16019527531176442	0.5087674226413569	0.7025026699305288	3.020741784262644	0.5214627300330533	10.501189278790568	7.361312703923715
6.895853043563291	6.549586026825436	0.5102318748189035	9.569664325217166	0.743675808436506	0.5805852343433181	0.5123418702765601	0.23593966900828633	0.17125088460160692	0.5145589227586025	0.7101682280360962	3.0137643694172147	0.5429983443634812	10.354583181034224	7.4258799804448685
6.90455942626661	6.550838679773188	0.5064577260729309	10.112880002885547	0.7407547735166566	0.6023633944689871	0.523298113078015	0.2214570649480733	0.1561998876808147	0.5014253597159877	0.7146654467042428	3.0412162512552063	0.5198202626307117	10.4364635211851	7.395962971091125
6.969162699639221	6.653145450575829	0.4958902076438292	10.04651003575702	0.7519096477088123	0.5872478196792011	0.5199744034740859	0.21500380930152824	0.148911693701969	0.487851587191283	0.7067743373761729	3.016424477691732	0.5364851070321338	10.392268732522606	7.3826652332745075
7.052367435215439	6.785136123027071	0.4997174169202734	9.623003439605494	0.7531258281794282	0.571506992262374	0.5105463317488469	0.22531626057252116	0.1467253662784084	0.5114903882454505	0.6994653650604176	3.0385853331224375	0.5265798499522937	10.43198758420553	7.346150410862451
6.891465297879872	6.531726098018107	0.5094112511279827	9.454640582362364	0.7667243142444804	0.6013412177189544	0.5294643322091898	0.22459016118633854	0.14900339020780318	0.48041423089766044	0.6962816053382804	3.036208774436167	0.529962538526259	10.411614402759104	7.3634962445194905
6.972481870129758	6.688543539269509	0.4863729353041704	9.438469466410117	0.7644693235817853	0.606086557454134	0.5380639162121758	0.22406465356060407	0.15762588319546217	0.4993269458615769	0.6937563308828412	3.033274856102521	0.5297819573613983	10.344476036718046	7.38079900209506
6.967816451074423	6.749038537505982	0.48987139421232256	9.397438828543729	0.7584281930175757	0.6050464231990561	0.5290731233276387	0.22709254218673766	0.1551749446082613	0.49189594202375864	0.6945707806708106	3.026871034382795	0.512551002636221	10.78050580270273	7.3796794627670605
