mass_1	mass_2	phase	time	distance	a_1	a_2	tilt_1	tilt_2	phi_12	phi_jl	theta_jn	psi	ra	dec
9.068673290631548	7.787997932882943	0.5272886815743002	10.338946168433063	2.2059880246801855	0.5486790972379524	0.520428721262724	0.26913819314397686	0.15536599012902905	0.50430198234529	0.9096838992091766	1.274465219552127	0.5573200328584795	10.603989569060897	7.868794650203733
9.223911693824165	7.538685471032984	0.5065268343319683	9.701305804245441	2.3487444959969817	0.5106728417689398	0.5100706211173739	0.2675923674142063	0.16666553531144152	0.5064935436462658	0.9105557128540516	1.2408425401186314	0.5502829591079992	10.654628181891317	7.917134406756927
9.160704931808292	7.76307800801922	0.5029500863792316	9.899632333853445	2.446655128855019	0.5019199848405101	0.489213136997979	0.314246379118999	0.17406090465312715	0.5099833396510368	0.9008615974940422	1.2487171162117343	0.5343478198053428	10.618394447756353	7.895784330343313
9.188814345878976	7.976306110730681	0.49207462292904963	9.858624482592715	2.493061289765088	0.5040903365891611	0.5157627532878952	0.32931580481377015	0.17196095061435823	0.4960644866519888	0.9197812528249608	1.2282081892584755	0.5328420814935435	10.68929969147805	7.85904202309542
9.20159034542884	7.998547037468661	0.5113973625865322	10.003374762861934	2.5397164748877077	0.5108301019535628	0.4904751568936826	0.3129799032020213	0.16237636537359715	0.5108575611803932	0.900981675528401	1.2387197539056576	0.5277633523009032	10.893720960643714	7.685425613600984
9.110041491753284	7.893667639418401	0.49213649570184986	10.008297710317537	2.553311830533658	0.49878033752088713	0.5139484360504535	0.3122896268574308	0.16541702303723999	0.5173531692225225	0.8911795435561451	1.2512093115982432	0.5215591931932447	10.378772389904293	7.72692477953688
9.185534186952196	8.126564840747605	0.4970018546851108	9.811354282183911	2.509723733251278	0.4968070213851193	0.5054360058885505	0.3077274985334289	0.16808423845664375	0.5182655236642094	0.92236796997973	1.2425549133575469	0.5524056070668206	10.629880198557903	7.8081257690354
9.239954312723038	8.052956269891865	0.5069392181999056	9.919764369069705	2.4988268177921267	0.49446283375424477	0.5049165907273634	0.3037996255676435	0.1693467739769384	0.5177083457095965	0.9137462420216792	1.2377261371507886	0.5356106814309114	10.44242523096708	7.798056709266688
9.062657978660946	8.008976896744292	0.5046426446749269	10.095758330259576	2.497602406908427	0.49792921723870087	0.5056686819810147	0.32958160605038783	0.16679971609453437	0.512098991888294	0.8969106797812695	1.2306480276344458	0.525100522024284	10.673743347761382	7.782162926899446
9.041316224586733	8.146954808563386	0.5272802097403891	9.947777102283563	2.5078097251000697	0.5175372399495296	0.5205856204940735	0.31665692556935865	0.16312077243102063	0.5156942308953086	0.8882815236805753	1.2286644729980642	0.5485752894901751	10.617634007525163	7.73792599527309
9.091397489365574	8.198551018098588	0.49490070295439464	9.891913584064488	2.522947630570371	0.49648538251278224	0.5090009320276899	0.3140457515425298	0.16944219661895132	0.508296316918269	0.9064885456318363	1.2512871566517232	0.5330937411229837	10.476128941067211	7.758104805139103
9.19371059770807	8.17815693954409	0.5025733494877718	9.737823732634952	2.512507302855153	0.5042648491528039	0.5134342128694949	0.30859521621499975	0.16705817352222227	0.5155023737505604	0.9130492353418922	1.2293503724910666	0.533151698971414	10.847173253191269	7.735906382906918
9.05629214636399	8.12414476610838	0.5149386407753385	9.626453944167782	2.514062651954012	0.4988655524478686	0.5167609821229846	0.3111902037377911	0.1643446657372219	0.4994140218797115	0.8897989774504297	1.2304242240224805	0.5269715922910003	10.62527124979308	7.767447370248018
9.048940562102631	8.225004004097205	0.5121358549923278	9.758877601636485	2.521839650724618	0.49860748289762813	0.5305179433796833	0.30939059024877136	0.1622643915518525	0.5351613562776173	0.9136275651870067	1.2431166132015923	0.5213171092483505	10.670252692855598	7.846333617258639
9.329254752426094	8.127182092262213	0.514826070083208	10.041906734620923	2.549478858638851	0.5067128154222407	0.5004190017583435	0.31398835634493494	0.16945105452639608	0.4996254848559986	0.9018192359207974	1.2522772561929298	0.5343479475472872	10.685425793894817	7.765036910510454
9.31260712515949	8.094290876066461	0.5109456986253822	9.796407211376485	2.555006166930888	0.4962975558816923	0.5149133260934866	0.30894413579893043	0.17062133072476626	0.5131266731643211	0.9341233457677908	1.2421663843546924	0.5421834305298726	10.497362995108052	7.8599948353441444
9.343189008730876	8.19467772794525	0.4993683049942958	9.902328387649312	2.5585878788207843	0.5026953000071803	0.5106331713151907	0.3189109025897275	0.16724333138775702	0.5108350791217701	0.9096999096729694	1.2236309137711805	0.5320312873352837	10.646470525176339	7.797529795869797
9.134201442895506	8.089429567136811	0.5121082839302896	9.925676246391069	2.5966184940499204	0.5069632834110517	0.5180362749738596	0.3139978639568127	0.16333098655879316	0.5096798686396069	0.9029782722752457	1.2451693310393934	0.5465246138971928	10.869019852765856	7.791232285658155
9.325828986833669	8.05474256100874	0.5143829987101344	9.826075856231675	2.6069386962076457	0.49079745865147906	0.5314843464488034	0.31683004049154545	0.1682256628798258	0.5199473176234012	0.9083471005186873	1.2322570877929113	0.5132381890244397	10.584902448999063	7.855815444071673
9.170491938997344	8.110259667298436	0.49762510927020104	9.98889845659747	2.5635843023851868	0.49148912619132684	0.522116500515029	0.3117903537692303	0.1668227469923151	0.5193701374121945	0.9056461336028272	1.244797804175322	0.5177887356899901	10.499141844126779	7.784359015968924
9.152996288452442	8.161064843343144	0.4952467856211075	9.614781170244148	2.5783875091414243	0.49744165475331925	0.5008064818957895	0.3050764210826996	0.17613509410082995	0.4980098136515154	0.9037167659415513	1.2325860876889405	0.5269011213971628	10.373049599742249	7.87429498749991
