mass_1	mass_2	phase	time	distance	a_1	a_2	tilt_1	tilt_2	phi_12	phi_jl	theta_jn	psi	ra	dec
9.239367007491962	7.703355939540665	0.5089842094411309	9.65268738501577	9.328203960283602	0.6774597323136667	0.6047273276279048	0.20996355517276735	0.22529061561130398	0.5160207739294227	0.5635784930493652	2.4984408816423858	0.5380619282939633	8.17101757292082	8.067964307591629
9.556473569902515	7.866419336213271	0.5189240875516846	10.09108043073386	9.602679101234033	0.7008219967824771	0.5918062088790412	0.1944234125054566	0.20964788286994257	0.4962083029512487	0.5639261434374697	2.5432873380120338	0.5018781526619076	8.25954908029865	7.911797267465921
9.54170028947124	7.965966078054027	0.5114197438854157	10.070827062434715	9.74330453219452	0.7027364342475715	0.602307969394966	0.18522647481630977	0.18937787085936497	0.516708529005878	0.561527286886496	2.534145239901173	0.5096898653382039	8.257646984494944	7.961390715133189
9.616945337187353	8.144060926704393	0.4896169970582451	10.169660165274182	9.85892553602451	0.7054077486131051	0.5785805727025877	0.16051364663905873	0.20005052470959536	0.5047618940745879	0.562687760439718	2.5595445810249458	0.543901371196766	8.478011868092496	7.837047939569908
9.559413933961311	8.086651712974605	0.5336068287929564	9.696564131149424	9.899432788687767	0.7210168967680214	0.6014215692392914	0.16113375128620536	0.19840592472468774	0.5123374947731576	0.5647086963292337	2.531157087955748	0.5198334779729218	8.49759229565558	7.828855729759709
9.5502248438287	8.214019435546719	0.5042486906863874	9.809461958412312	9.862798064689668	0.6978151494255498	0.5933593077577324	0.15882266326061362	0.18694059443381222	0.5305844181281395	0.585227498398332	2.5607659906645712	0.5360953528141897	8.330313489377351	7.9256874781752575
9.485798203695078	8.102994006307036	0.5060705709574193	10.142111971577926	9.822852307086315	0.6714292782698378	0.6100567733966801	0.16335874545419282	0.2060038869316531	0.5212097777690745	0.569255538678951	2.5471819626556873	0.5193002595583666	8.328846480149169	7.910283165088785
9.382994971425044	8.30946932367229	0.49746170437934745	9.966963914839456	9.771140092480119	0.6961272313453396	0.6082202878545544	0.1657897799646029	0.19469499121056807	0.5154910790573676	0.5912581200247548	2.541729023900391	0.5392813954432747	8.405077058309443	7.817421305228272
9.40842523625116	8.254753642054535	0.49354865715965907	9.826306908639376	9.811636215784853	0.6956043745386871	0.6003725107457718	0.16062238932776493	0.19885637660768102	0.5124965791173778	0.5813787650163718	2.535054508041028	0.5178159821782253	8.370726431604737	7.949778592728042
9.274642388495387	8.206744854123142	0.4861642338324062	9.718140833535786	9.790834712122683	0.6906244557493745	0.6242662558619582	0.17657713124338517	0.20161717179077235	0.5215085895191888	0.5787989062436294	2.5425451484001744	0.5107462939573866	8.400404107440254	7.9590649191869485
9.452483435031724	8.412301216581413	0.5057969249994331	10.037174875392706	9.747777411113006	0.6846394397848837	0.6124994130701076	0.16567725060497807	0.19551310754259635	0.510757973998174	0.5746463397559646	2.5205706717474703	0.5105093683199574	8.498971705778292	7.92223616982786
9.311432942913301	8.36790167091797	0.5117604520657606	9.702761623248806	9.767279367720649	0.6952530905601197	0.6279457358788081	0.15956918074155008	0.20147796798359568	0.5192825627036831	0.5809291989658573	2.539713133699469	0.5254077273369159	8.359187709845125	8.060974240237382
9.364585592990721	8.380675882552973	0.5105578662478549	9.690451804622755	9.74483808598072	0.696128237543006	0.604638637380586	0.16819196491870894	0.19264841323720275	0.5129159927874779	0.5761446139597559	2.5527171279915857	0.5084712241533768	8.422519603134663	7.808622089578549
9.278246193899342	8.303911831488943	0.5108943558419742	9.868305811189936	9.698231992955776	0.690693603334574	0.6226579168283377	0.17111927471603222	0.19810740659549514	0.502531003953764	0.5844690562896807	2.533224498207007	0.526931954982475	8.440230560429988	7.838413846616002
9.521039146636753	8.241016717880996	0.518578853000478	9.64881626898605	9.856325511497054	0.70153073597457	0.5964857950604052	0.1615922952385362	0.1910169086670622	0.5082331759098613	0.5923617408356806	2.524939508669056	0.5089409442585099	8.362737856840166	7.89197113842956
9.702632105400006	8.303852694308812	0.5287176244707376	9.683873038009155	9.779349164043436	0.7040640710849309	0.6100642844986468	0.16220245027482708	0.19645775393793155	0.49925574960262287	0.5605307405907266	2.5467572257063025	0.5233782460789829	8.40609082203089	7.934332935373772
9.612240675287108	8.42106005020605	0.5249627825557617	9.622194238280718	9.744213769127866	0.6968360332048449	0.6161087476478875	0.162750180148277	0.2035919940348563	0.5063822074664909	0.5720491862944359	2.5361964192569286	0.5103493205872442	8.403558374766728	7.78433983956189
9.565481329499773	8.187618745640407	0.48387496185275236	9.84895247746108	9.794770820863882	0.6992256511349197	0.6269638330203832	0.16168188543809092	0.19123105662448608	0.5010324997166844	0.5747658565376417	2.535321330862816	0.4958962004622152	8.335577502809798	7.9146959276370055
9.58980244633674	8.277141479868183	0.5146911808435999	9.947332923865122	9.83160593611313	0.6818429936722187	0.6109232959614775	0.15961610111743596	0.19022137334252412	0.5206113504695694	0.5621699620342739	2.5484490904495107	0.5127686453150305	8.275278282946195	7.886229020641151
9.60460144318211	8.319290323079343	0.49358221764946864	9.632378342466541	9.764914655373364	0.6986094361022431	0.631956447095817	0.1586409593310431	0.1891710061103597	0.5201902373919741	0.5596416001471836	2.541588689242379	0.5085725475273466	8.308613606065478	7.844804618734197
9.586088666462759	8.411175013180735	0.49549915851369697	10.024564699942658	9.776052914166941	0.6887981046127466	0.6339505095893935	0.16463626050933078	0.19021007412509705	0.5044658551117279	0.5752387437658405	2.5449401484405283	0.5182826093292461	8.406435578180377	7.871584322267268
9.738148505474383	8.270243053644426	0.506842783219682	9.643758481198004	9.764693420706294	0.7055582269591874	0.6121915798344681	0.15564478072418259	0.19434792164929007	0.5055135785131307	0.5833878680936021	2.5419806729761034	0.5058910600825985	8.421669288237455	7.860627190387803
