mass_1	mass_2	phase	time	distance	a_1	a_2	tilt_1	tilt_2	phi_12	phi_jl	theta_jn	psi	ra	dec
12.061610092728099	11.716610334270886	0.513483814477849	8.937088726461823	6.096783321957834	0.8885592246349969	0.8169769098537627	0.9842141730545719	0.2694992327834898	0.5151170820799352	0.5099147508795645	0.908371178631225	0.5395878355052578	1.0532494754607007	0.6957262209339181
12.164512565430083	11.503868566333402	0.5170514919949171	9.130456757940543	6.385072228532364	0.8788272434969104	0.7806374773558913	1.0111974504924737	0.27514421275719664	0.4985312929793537	0.5307648593801572	0.8895842535195756	0.5172071848644716	1.051144977105808	0.6871656224153224
12.12374721033102	11.558165416893267	0.5109249571351154	9.045863946074357	6.5177928511166865	0.8592562465666803	0.7713277676258499	1.12165228827192	0.29340638721115303	0.49538775099748017	0.5017747394480013	0.8691171193034491	0.5333823979307353	1.0300948534598762	0.6788376910954199
12.184955595201796	11.49251781861409	0.48322842969744895	9.005660327483186	6.687264061080598	0.8667688814407007	0.8064086387167426	1.1320155312535582	0.2939205848569991	0.4914819130862835	0.5072866606016335	0.8755363385415691	0.5075805523721452	1.061711175108569	0.7060762088865324
12.241719004675884	11.679871911201605	0.5177122392639513	9.123566197835506	6.752821692869927	0.8520895894672854	0.7975481562787339	1.1353911850225038	0.296123024967291	0.522802521866893	0.5292839227026958	0.8771733119011375	0.5148315169559361	1.0546446098186555	0.6877088247588218
12.126183075259359	11.75413373000474	0.511949580053309	8.972259955195463	6.784958754815553	0.8506795304317228	0.7716061135896183	1.1146986192745811	0.2997564950319909	0.5096709266296753	0.5213837435484295	0.894890570352014	0.5186014657941267	1.0469217590792352	0.6807900626148203
12.141751043925677	11.693577662499628	0.5181925318241328	9.104669488842093	6.704258275515826	0.8468991568550782	0.806336796381864	1.1085764631629773	0.2938656250208236	0.5019088153671564	0.5232763829979553	0.8635576400434576	0.5234146026290666	1.020267429442559	0.6959936460525734
12.201429972669962	11.702249161166215	0.511866515076304	8.999249988388035	6.660985594247869	0.8466838721280596	0.7888983734543843	1.1395493259356497	0.293870155289997	0.5079625758006614	0.5429008387879205	0.8624492082993985	0.5159564796631043	1.042655911717366	0.706777728565083
12.060902461147187	11.548908239202083	0.5011388979073563	9.009667020666251	6.672631346008896	0.8358836632184522	0.8084604719325101	1.1448864126865017	0.28932806273529943	0.5211454322869989	0.516820370937068	0.8545430579419143	0.537663664782034	1.0507933428808125	0.6848465530653327
12.06899177727863	11.559144604753376	0.5187093704649205	8.981763861544366	6.682092822029313	0.8239907266075904	0.8201477032491512	1.1254236720973898	0.2973733646082623	0.4938995334072995	0.5198108024608808	0.8643949221305679	0.5147036700885644	1.0494499874536345	0.7044017855032352
12.080009607303072	11.463281859942644	0.497853471223906	9.244423118667163	6.686155660921069	0.826800290978502	0.797597497101619	1.144986804502664	0.2906667168680457	0.5022951730866126	0.5153475093364903	0.8700689579756976	0.5328511708352682	1.0448928427897963	0.6895225141589252
12.123904651812145	11.684057580397118	0.5115039581874736	9.24371122921521	6.708400025118488	0.8194214813140623	0.8126257289195522	1.1245795661269502	0.2945072137346584	0.5141192595755719	0.5123119337829131	0.8628781934145408	0.5152112374576446	1.040070987423221	0.6768765776963821
12.12952527315034	11.647869582947125	0.5165303479599774	8.896847040401516	6.656446285000435	0.8632793981094151	0.8138413284909176	1.1266224049596827	0.29650776669762746	0.510992908336904	0.5250366307688643	0.8877994111335634	0.48245415487059307	1.042664816202304	0.6982128336404826
12.091291922935689	11.487088661099898	0.5085241423906015	9.088821289272769	6.679395798293694	0.8481695563210384	0.7923243606764236	1.1176107366606571	0.29403662477230164	0.5010878249070799	0.5292666742921895	0.8713215127014059	0.5196378567463156	1.058624194597295	0.7009398985728832
12.039371103077302	11.609100835392043	0.492356002244848	9.039374530176637	6.6972276764922505	0.8546588361907079	0.8086668555673227	1.1366890952095614	0.2869110038748684	0.5214347689146943	0.5143662794750786	0.864787837031044	0.5091012423048055	1.066112745700581	0.6971389353595365
12.168655769453263	11.596062441988535	0.49145858696253564	9.049003020954535	6.680455472339443	0.8652977012875679	0.8223261024327598	1.1195730237429131	0.30244382071725734	0.5055590239516776	0.5199112378960483	0.8728125165742556	0.5228979728364492	1.0423358751474912	0.6872882779919439
12.024593895725475	11.574202281411116	0.5095713864490938	9.192629503906339	6.72063095423789	0.8624618272231159	0.7910820779135074	1.139224602715507	0.2945791070794293	0.5175620488884161	0.5190533469974001	0.8650851752890343	0.5013273344694833	1.0585801403966868	0.6793585855081365
12.083270604340367	11.63394831895761	0.51988286384293	9.173451350497881	6.749172736810299	0.8637242368165807	0.799297927651526	1.1252231201802856	0.30057662647942507	0.5018033376569149	0.5257503259464631	0.8478621863474375	0.5307038561861335	1.0407175060472338	0.679267255767162
11.938959189333861	11.58439002635648	0.5028441519252344	8.821699752884589	6.800867453735759	0.8660853621709621	0.8314609931714123	1.1215241524282842	0.29744681117607846	0.525897029863809	0.5152015703313384	0.8767518071125852	0.5298586430611505	1.0734443963388975	0.6745298622076703
12.034081720757241	11.604339885718797	0.5108531228999117	8.935528410445142	6.760839875138081	0.8376176931791083	0.8356974530408378	1.128131316850221	0.30780887392553025	0.5052177224385002	0.5281999805588116	0.8692482655831736	0.5116834018355584	1.085625790066914	0.6836771951714914
11.926679338968894	11.552170524323536	0.5087799401338623	8.886730788863362	6.842622103237262	0.8423369522635651	0.8141205059912741	1.1231497575707696	0.2883644138272603	0.49919752833795056	0.5367373821747662	0.8549852096867044	0.5194076970809007	1.0397745691864062	0.684112621915455
11.915667790216412	11.627418146803358	0.5174072970814559	9.205052594745073	6.754610023833049	0.8298772650864589	0.8106703266983979	1.121802124743937	0.29065714092927564	0.5003769465158642	0.5315986990750093	0.8774332532708922	0.5008306272831411	1.0542885096965764	0.6971914231035564
12.063198295677834	11.52191142252195	0.5025504206425585	8.956126612057082	6.794035028284047	0.8557225833931669	0.8155973416692875	1.1288780488037715	0.288947317408724	0.4940483637207183	0.5147025663194701	0.8499176608953141	0.506407949476783	1.054992532159587	0.6678978323727455
11.948255349500629	11.643323338870106	0.504756938942626	9.125876419205037	6.860432113637295	0.83158462581752	0.8113546836333323	1.1363442904531211	0.3072465484222704	0.5085039540399141	0.5138682198258354	0.8621763055486832	0.5176687642312691	1.04727989167645	0.6856402762464411
12.020481766789759	11.605444311121243	0.5140096821721793	9.008030466337756	6.860649701781958	0.8573423270621837	0.7969268889506946	1.1374326567903632	0.29489275453265995	0.5241848293327327	0.5396069251770664	0.8677536777319073	0.526997114559224	1.0732618653895873	0.6956775206312787
11.919611791197628	11.454068105462214	0.49079064491649405	9.09643832466728	7.004004774296414	0.8425883434584795	0.7905448087803584	1.1398923044463796	0.2999394404928451	0.49877574776361694	0.5313763901256212	0.8588632288339513	0.5295399918540532	1.0455165120138306	0.6952647655325221
11.926850753548456	11.576986437064612	0.5079484400132185	8.874933390981537	7.021127551676325	0.8510913326759847	0.8101800831023219	1.1344392470509446	0.30828507443417175	0.511708955598905	0.5063805935598606	0.8692100130883651	0.5086267178770679	1.0501600639956339	0.6972088557408281
11.935032793050057	11.3568530237222	0.48175981931089634	9.106100819741474	7.064195546839978	0.8546273428932143	0.7751251067859608	1.1513331466157835	0.3029226144691035	0.5027895564637541	0.5421916718651417	0.8560949130520337	0.5167965715417396	1.06778990969959	0.6944721927459541
11.997960772583053	11.628041179403755	0.5142325985188557	8.825016332716308	7.041318606381758	0.8301561707767364	0.7936780657112624	1.1299505768262497	0.28873695955069784	0.5004742700739039	0.5044002859294977	0.8534025748341949	0.514530510797368	1.0371684344873218	0.6665101401906012
12.00779733498325	11.647766914721963	0.49178840557426967	8.915627391568785	7.017922073061257	0.8575259517092187	0.815175922499833	1.1198812435100252	0.29203455729386174	0.5191564130646729	0.5111323216451921	0.8700729082471587	0.531798625489947	1.0487335137566198	0.6869720488666148
12.070264854031432	11.3479487526846	0.5004103557258457	9.10140273438661	7.003590378673638	0.8291417039435318	0.8082629800124953	1.1173191290875033	0.2943068964955727	0.5168814555063942	0.5303861054882251	0.8605454890373808	0.5101828036223057	1.0208296332126756	0.6913478243952754
11.889944766458568	11.459913337693967	0.48606988155228975	9.083682913792895	7.075010796545525	0.8525898961848817	0.7953183631797655	1.1485533362660498	0.29578637826107224	0.4872756053398809	0.5041419901594111	0.8614982157479495	0.5049668636245992	1.0495476974119118	0.6889903330774134
11.954912756578679	11.362331475588254	0.5148978590009827	8.926842090902852	7.121175004171597	0.8341534918321717	0.7968312474278071	1.1472575582823514	0.2880676414390621	0.4859309568116766	0.5032550520717518	0.8634450516838215	0.5091342288001108	1.0465977565918452	0.6890303814182538
12.039568873749769	11.613728177957116	0.5050309143037996	8.945338822934207	7.233944085514373	0.8261136205808449	0.7940038762160496	1.1285463348140752	0.29822476978940315	0.4994437057926176	0.5134980596282207	0.8730176760119865	0.5230048433138569	1.0618878381920502	0.695254810248537
12.027544740630313	11.650328089713062	0.5150979469679813	8.883366274465768	7.242115452465965	0.8766532610558206	0.7764293581377385	1.111466381700781	0.30400374515950385	0.5146950985930847	0.5338788179463375	0.8597565279177214	0.5082137015521265	1.0583251850532254	0.689103311502059
11.958968463140627	11.571593272978676	0.5033557188607505	9.100754117865458	7.212667461678366	0.8118696051541765	0.8232978723745048	1.1352938551736542	0.30015282523176506	0.5056776880052463	0.5223493598235818	0.8588573456025497	0.5003417631284021	1.0458231393891975	0.6906291303153355
11.96913533343738	11.502503122060325	0.5157734258915948	9.152391526251602	7.215762400713548	0.8304998426317325	0.8120438736207255	1.143058610732386	0.2959079042368241	0.5091797497211414	0.5071798557479101	0.8807676565359621	0.5115406397708877	1.076400415142916	0.6744006406186552
12.10228020853023	11.493992149205615	0.5020523226624299	8.99890565014738	7.220380340211203	0.842186543367629	0.803372878523966	1.1379075435502093	0.2845092531999696	0.5137321093611942	0.48602734850434837	0.8784369329159357	0.5145257292352059	1.0697513908512601	0.6942344331386726
11.967198783529875	11.693283002544813	0.5001106852234541	9.005416199724506	7.246898071855256	0.8502225509391871	0.8231852631424601	1.1409265233438606	0.29807809663193213	0.5069637786511233	0.5292583554058967	0.8698018820485172	0.5093752173672405	1.0512075072485623	0.6855265677245335
11.988668632460751	11.645006091711883	0.4755175857792698	8.831169799308164	7.195155913861477	0.8351431346428897	0.7913875374056748	1.129551260714803	0.2860393672635652	0.5076955874321445	0.5023906041225172	0.8629554235393434	0.5157954964495707	1.0704619515796752	0.6745575811022524
12.00244369917014	11.39640534562771	0.5002064162463467	8.869542354115287	7.202481196498333	0.8230212511351175	0.8277727497592781	1.1137677224062301	0.2894755256881219	0.5044101144385538	0.5249470560557885	0.8656650872797458	0.5087874505591702	1.0489761621470906	0.6724314971641078
11.9639781595587	11.550691603090604	0.494866573865911	8.871425146155678	7.272133726838996	0.8278286158225584	0.7871027684092494	1.1638457440749006	0.2905963175954219	0.5129214209034159	0.5159140617802681	0.8683587041639819	0.5152898038913193	1.045648680954296	0.6787617185452678
12.061556599434379	11.639430041838335	0.49511324834717	8.990697484946361	7.241458551265483	0.8690610855067655	0.7807306625820829	1.149512490743985	0.2960077913600211	0.49994139282612393	0.5188456080938291	0.8610897548067529	0.4964966412945046	1.0348166809843358	0.687695614533122
11.994077391463724	11.594887179175663	0.5143569203033541	8.969275417198222	7.24733934747793	0.827337736542331	0.8155004618774762	1.151556170754878	0.28739762626297954	0.4900896176696061	0.5395366024298517	0.8762867800565456	0.5145279737305913	1.074295363820829	0.6821894791920523
12.05177502202397	11.386762808550593	0.49409915145945055	8.950207372668165	7.262214014393893	0.851689286602194	0.8159335521958367	1.1364352561456865	0.2989623930930563	0.49730281169628376	0.5136014713336328	0.8766537473420545	0.5132900186599796	1.0887161994074552	0.6813930044699593
12.155052943760355	11.615999646291948	0.507527987648307	8.949243485101672	7.247992522866431	0.8536009554737866	0.7781564827392886	1.12832629650061	0.2997000004136074	0.5077471772338688	0.5332223606420897	0.8628915899006004	0.5227680783965637	1.061987678600087	0.6742383525299424
11.981545497791135	11.399120531720511	0.47347370467631594	9.071574723895521	7.227059625772217	0.8313366016294823	0.8005328959824152	1.1034315603412865	0.29744527204903387	0.5262539919319964	0.5187188701026639	0.8657181784761359	0.5408301017183319	1.059053794751244	0.6751006931162512
12.195915069030224	11.672185184746018	0.5050366031892097	9.129336388662798	7.225396589933102	0.8666959250960503	0.7953872622372405	1.138862068276018	0.29135042263706845	0.5037968442998301	0.5096989345599134	0.8827511354073005	0.5205304855254033	1.0478134932580114	0.6716440974746091
12.142886790277784	11.67835849495111	0.49525987329774784	8.961579615222503	7.178065230971931	0.8549997038731936	0.7878534719395931	1.1204367041008745	0.28946393184052666	0.5000169150036363	0.5089553503936981	0.8669304037891716	0.5157962352774715	1.0565073863263688	0.691132656933157
12.02326671142474	11.646882280909457	0.4946482596693057	8.820408615072555	7.175492101417016	0.8501084480068605	0.7944260803265147	1.1518325619777954	0.29049902383338244	0.5034440361178281	0.5188876060433906	0.8715077679561213	0.5233218291314229	1.0413220779405008	0.7052644143702776
12.004818796194936	11.601953960326451	0.5048951151515773	8.842573215605283	7.231263864440077	0.8174856289289812	0.7949688664589246	1.1369854073777717	0.305643783377293	0.5091030041345064	0.5303716557235155	0.8646694673106932	0.518084241409997	1.0412763075140592	0.6806916392391175
12.106689597608678	11.580861439275232	0.4983934736384147	8.83841728754785	7.146585166303874	0.8462134756815544	0.7923876177381562	1.126363424406564	0.2949996509130201	0.504825098248349	0.5149028132068912	0.8671507108286235	0.5160556628999164	1.0371654157894101	0.6801443220134307
12.175193249905531	11.609393610194195	0.49157694646775374	8.81293324660679	7.230886001623094	0.8586633111399978	0.7993621017128789	1.1352602436961508	0.29563948179114347	0.49533339660830195	0.531975781822837	0.8591296759903857	0.5207834577735228	1.0639499004505706	0.6828127215625956
12.054068689260486	11.650811551392023	0.4951362271889793	8.875416578065526	7.118748464155816	0.8481504555356972	0.77715412562232	1.120541665008368	0.29275516611033775	0.49464810417062266	0.5124363624846999	0.8553569837232964	0.5088722703797335	1.057221861272794	0.6824537127551701
12.041942423254532	11.564733786363828	0.48875105332559865	8.969085586482857	7.114436527348607	0.8269293222600463	0.7708539922822669	1.1347010758201004	0.28833693774099206	0.5056600112352858	0.5179171184582981	0.8624936324560968	0.517742489327522	1.070899616188225	0.6867555308341038
11.966195883579886	11.604586757024636	0.47978716729700627	8.866535973313821	7.151233266253358	0.8303193427054827	0.8095572041906071	1.12411676232954	0.30158048602764387	0.495071532177506	0.5106717344277795	0.8584021687084821	0.5196508634427444	1.057988579084903	0.688544934357195
