mass_ratio	chirp_mass	luminosity_distance	dec	ra	theta_jn	psi	phase	a_1	a_2	tilt_1	tilt_2	phi_12	phi_jl	geocent_time
0.24588	0.4337	0.31298	0.77538	0.5558	0.23288	0.12435	0.15782	0.16814	0.19817	0.19408	0.30257	0.11181	0.11606	0.8634
0.44654	0.44734	0.34085	0.70492	0.57542	0.63519	0.13553	0.16553	0.25095	0.15465	0.16878	0.2452	0.12663	0.09531	0.84741
0.28196	0.43624	0.29568	0.78533	0.51949	0.68125	0.14861	0.1283	0.15521	0.19107	0.20372	0.23902	0.15625	0.11529	0.85283
0.29493	0.42465	0.27456	0.88892	0.55265	0.29824	0.20223	0.12672	0.18427	0.2454	0.20642	0.29847	0.21485	0.11187	0.84066
0.3395	0.43985	0.31621	0.78571	0.50811	0.37237	0.15958	0.20511	0.17205	0.22523	0.18676	0.21934	0.12263	0.12913	0.80815
0.24239	0.3972	0.28703	0.75222	0.51143	0.34478	0.12098	0.20139	0.19847	0.21757	0.23445	0.199	0.12914	0.1219	0.8452
0.27033	0.37949	0.29405	0.76864	0.49791	0.50979	0.16433	0.12788	0.18226	0.22388	0.17001	0.16701	0.12012	0.1108	0.80002
0.29338	0.43931	0.26544	0.80551	0.56137	0.27536	0.13048	0.16572	0.22481	0.22117	0.18331	0.23314	0.12532	0.09021	0.7903
0.33353	0.44691	0.27068	0.75124	0.52381	0.45911	0.17315	0.18408	0.18924	0.19715	0.2453	0.18103	0.11568	0.11024	0.84208
0.27731	0.39564	0.27707	0.71048	0.51768	0.41463	0.14725	0.12581	0.19535	0.22074	0.18953	0.22561	0.13256	0.12547	0.85919
0.39293	0.41753	0.24726	0.79945	0.56265	0.30905	0.15771	0.13803	0.19603	0.18896	0.19765	0.16503	0.19656	0.10717	0.83884
0.34601	0.4868	0.29411	0.71433	0.52777	0.46548	0.24888	0.12442	0.20689	0.19169	0.26132	0.26773	0.15548	0.10962	0.78926
0.26862	0.42969	0.3188	0.8866	0.55827	0.64385	0.18506	0.19046	0.24332	0.21089	0.17396	0.23616	0.11847	0.09886	0.83825
0.44104	0.47669	0.28395	0.74292	0.55434	0.19546	0.18087	0.10965	0.18002	0.159	0.19144	0.45205	0.11659	0.1094	0.8458
0.40774	0.42124	0.27428	0.84571	0.55366	0.52937	0.14761	0.13958	0.2013	0.21629	0.20599	0.32286	0.19103	0.14405	0.8666
0.77497	0.49001	0.28987	0.72229	0.58476	0.29082	0.14844	0.11415	0.18179	0.17437	0.23661	0.1845	0.14742	0.12876	0.81832
0.54254	0.44442	0.25092	0.81131	0.54484	0.43489	0.14537	0.25133	0.23372	0.30599	0.13744	0.24342	0.09596	0.10092	0.84326
0.67063	0.42237	0.29886	0.79603	0.50067	0.5178	0.09927	0.15343	0.21732	0.16684	0.16146	0.28513	0.12785	0.10416	0.8239
0.28706	0.44182	0.28835	0.79166	0.54809	0.4824	0.18132	0.21225	0.18645	0.18519	0.19453	0.19541	0.11685	0.09043	0.79071
0.21042	0.42711	0.27336	0.77976	0.5209	0.48781	0.16214	0.13629	0.19852	0.1477	0.17122	0.2229	0.12091	0.09358	0.83057
0.2204	0.43563	0.26856	0.74322	0.58382	0.416	0.1806	0.12627	0.20099	0.18852	0.17734	0.17036	0.11752	0.11758	0.80839
0.2808	0.44387	0.26374	0.8174	0.54571	0.40613	0.15175	0.10811	0.18964	0.26603	0.15777	0.19892	0.07884	0.09151	0.86325
0.41767	0.41229	0.28865	0.80159	0.55838	0.44448	0.15134	0.21278	0.23555	0.16363	0.19658	0.22233	0.15208	0.0916	0.86808
0.25494	0.43382	0.27461	0.74911	0.52277	0.56801	0.13918	0.12192	0.18864	0.18769	0.24858	0.21781	0.11455	0.09611	0.80102
0.39977	0.40106	0.26406	0.78122	0.55247	0.48127	0.16931	0.13222	0.21862	0.17437	0.2047	0.24042	0.12969	0.10069	0.84925
0.267	0.46543	0.26866	0.71033	0.52949	0.42142	0.13069	0.18919	0.22127	0.18165	0.16603	0.27842	0.10073	0.10501	0.83041
0.42631	0.37899	0.28328	0.78669	0.51601	0.4512	0.14117	0.1307	0.18379	0.20012	0.16008	0.20809	0.15547	0.07917	0.8207
0.49147	0.45284	0.2403	0.75082	0.52962	0.49991	0.1451	0.16553	0.23694	0.21926	0.20541	0.21803	0.12258	0.0989	0.78296
0.1648	0.3812	0.28127	0.70701	0.55091	0.4383	0.17797	0.09747	0.18408	0.13702	0.17732	0.1618	0.12307	0.11193	0.80731
0.2018	0.4479	0.33119	0.74336	0.5421	0.44647	0.1585	0.17779	0.17763	0.16684	0.16234	0.19481	0.09067	0.10478	0.78062
0.28841	0.41809	0.24378	0.82235	0.57775	0.39376	0.13651	0.12134	0.18551	0.13586	0.1378	0.18745	0.13232	0.09512	0.90123
0.24504	0.4423	0.26981	0.85132	0.5503	0.4936	0.11864	0.10891	0.17719	0.19718	0.20724	0.1608	0.13271	0.0943	0.82398
0.22296	0.41624	0.33993	0.73331	0.57295	0.37604	0.10575	0.26316	0.20291	0.17258	0.14788	0.17576	0.11513	0.1218	0.81422
0.25227	0.40917	0.26587	0.84682	0.54658	0.41517	0.12761	0.08725	0.17625	0.20733	0.17268	0.21477	0.11378	0.09478	0.79257
0.21099	0.41594	0.26607	0.78734	0.56847	0.40875	0.13011	0.1196	0.19256	0.16087	0.11189	0.20509	0.14766	0.11218	0.81588
0.24513	0.43051	0.24716	0.77721	0.48703	0.45083	0.11065	0.11993	0.19152	0.18485	0.15773	0.19123	0.09575	0.11131	0.84685
0.24142	0.35457	0.24173	0.82572	0.49916	0.4522	0.10604	0.15241	0.2115	0.25108	0.13555	0.23616	0.1142	0.10649	0.83535
0.27128	0.41609	0.34447	0.7975	0.5128	0.41026	0.13058	0.10439	0.26255	0.16859	0.13095	0.16097	0.0858	0.10504	0.87907
0.26439	0.38308	0.28374	0.80698	0.53139	0.37725	0.10121	0.11213	0.18658	0.15599	0.17569	0.16617	0.13383	0.10728	0.86754
0.22981	0.41432	0.23254	0.78831	0.51647	0.5215	0.12675	0.13437	0.26105	0.1846	0.13177	0.21176	0.11675	0.0843	0.81151
0.22719	0.36496	0.2735	0.81131	0.53632	0.48849	0.11804	0.12086	0.19424	0.16973	0.15045	0.19907	0.15175	0.09931	0.82333
0.24606	0.41707	0.26512	0.82791	0.57187	0.45168	0.09872	0.12764	0.18677	0.1883	0.15054	0.21341	0.11446	0.09946	0.85017
0.26854	0.41353	0.26357	0.8136	0.52076	0.4295	0.13806	0.08734	0.18813	0.1768	0.17362	0.16277	0.10422	0.08797	0.8192
0.25188	0.42561	0.29214	0.81184	0.53316	0.42902	0.13229	0.11622	0.22063	0.16895	0.18634	0.1684	0.08151	0.06782	0.82921
0.21537	0.39908	0.30336	0.82516	0.47702	0.46904	0.09099	0.19537	0.16757	0.17223	0.17372	0.21203	0.11322	0.10316	0.84252
0.27206	0.39056	0.25675	0.85783	0.53848	0.37289	0.11119	0.1697	0.18669	0.14055	0.15386	0.19918	0.09284	0.10356	0.81795
0.2322	0.38031	0.24226	0.82965	0.53995	0.40192	0.13578	0.13829	0.20998	0.18161	0.17015	0.16818	0.10797	0.07864	0.79956
0.22253	0.38305	0.28767	0.84117	0.49397	0.37364	0.09987	0.18486	0.21269	0.17113	0.16317	0.18529	0.14399	0.10556	0.83051
0.27297	0.39328	0.27989	0.79705	0.5703	0.45253	0.09132	0.12363	0.22017	0.22238	0.13288	0.18246	0.10581	0.09285	0.82899
0.23026	0.38027	0.22738	0.79058	0.49089	0.45253	0.11671	0.08912	0.17929	0.13301	0.18111	0.2457	0.11417	0.08913	0.83336
0.20178	0.38254	0.25494	0.81732	0.52707	0.45221	0.13824	0.14838	0.13256	0.13232	0.1482	0.17247	0.1145	0.09917	0.82674
0.21067	0.36545	0.25899	0.79225	0.5749	0.47253	0.11963	0.10107	0.16459	0.21624	0.16014	0.19754	0.11777	0.10906	0.81183
0.2396	0.41666	0.29962	0.81293	0.53043	0.41223	0.11477	0.11597	0.18258	0.19248	0.15898	0.19569	0.10353	0.09775	0.80424
0.25334	0.377	0.28236	0.78723	0.51737	0.39812	0.12163	0.09468	0.18071	0.20211	0.14074	0.1946	0.12336	0.10268	0.84623
0.24223	0.39148	0.26536	0.83186	0.50902	0.4292	0.1103	0.1386	0.19541	0.21109	0.15621	0.20263	0.14247	0.06664	0.81947
0.25013	0.39496	0.26004	0.80994	0.53768	0.49441	0.11388	0.11677	0.16978	0.12077	0.15261	0.18379	0.08697	0.10872	0.8265
0.28599	0.44131	0.27285	0.81871	0.50878	0.47692	0.12028	0.11656	0.18828	0.23674	0.15555	0.20521	0.1111	0.11195	0.81018
0.21286	0.41705	0.26271	0.82361	0.55625	0.38682	0.10861	0.13881	0.178	0.21137	0.18191	0.1801	0.09661	0.09989	0.81201
0.2587	0.43387	0.2218	0.78783	0.54886	0.42827	0.15746	0.12087	0.2218	0.14112	0.14948	0.16509	0.10454	0.09292	0.82021
0.24363	0.39812	0.26659	0.81716	0.54822	0.34397	0.11975	0.09711	0.17284	0.17356	0.13621	0.15607	0.11792	0.06721	0.83252
0.25717	0.39301	0.24021	0.78404	0.52965	0.45048	0.09223	0.19452	0.16555	0.20925	0.1543	0.15228	0.11468	0.09487	0.80877
0.24094	0.41888	0.24336	0.78867	0.48343	0.4208	0.13662	0.09669	0.16473	0.1585	0.14444	0.20002	0.06995	0.10793	0.8393
0.22859	0.38926	0.21958	0.80592	0.50884	0.41025	0.10951	0.10614	0.19333	0.17069	0.11823	0.20784	0.10035	0.08886	0.82544
0.1866	0.41861	0.28755	0.82697	0.5458	0.44891	0.09597	0.113	0.17017	0.1479	0.13171	0.26342	0.103	0.10047	0.83593
0.24529	0.45059	0.27186	0.80631	0.55368	0.46345	0.1028	0.12521	0.18876	0.16564	0.17439	0.20012	0.11492	0.09916	0.7948
0.24778	0.46795	0.2137	0.80367	0.52832	0.46321	0.12682	0.09372	0.20329	0.17204	0.1528	0.21087	0.10088	0.07502	0.81899
0.27014	0.43408	0.2523	0.79757	0.52579	0.44901	0.11138	0.12328	0.16534	0.17259	0.16747	0.2022	0.09882	0.0786	0.81638
0.279	0.39363	0.23677	0.84051	0.5638	0.51089	0.09511	0.09089	0.17484	0.18642	0.14495	0.18291	0.11689	0.08104	0.83997
0.24217	0.34854	0.28121	0.80429	0.54432	0.44507	0.11124	0.1142	0.19327	0.174	0.11622	0.22493	0.12272	0.0992	0.80185
0.21189	0.36405	0.28266	0.79924	0.52206	0.44799	0.12036	0.12718	0.17138	0.18542	0.15436	0.21658	0.07362	0.0977	0.97357
0.23509	0.39298	0.33206	0.82639	0.53425	0.45475	0.10683	0.1125	0.16834	0.16638	0.11705	0.22218	0.11894	0.07217	0.76144
0.2332	0.45749	0.25437	0.79611	0.48135	0.47044	0.13014	0.08543	0.17516	0.16941	0.16374	0.20217	0.12484	0.07608	0.7749
0.2488	0.42086	0.23913	0.79143	0.51787	0.41155	0.10224	0.11985	0.15318	0.16301	0.14339	0.1707	0.12777	0.08376	0.75988
0.24217	0.41278	0.2628	0.80231	0.52598	0.37411	0.10859	0.13229	0.17398	0.13849	0.13744	0.19095	0.12724	0.06615	0.76084
0.23774	0.39346	0.24658	0.78957	0.50857	0.50469	0.11012	0.09847	0.15825	0.16184	0.18163	0.19797	0.0975	0.06571	0.78965
0.233	0.38591	0.27769	0.80626	0.51074	0.43901	0.07414	0.10523	0.13618	0.1917	0.15742	0.20743	0.10495	0.11087	0.74363
0.21386	0.37217	0.24486	0.83238	0.54352	0.42743	0.11161	0.09869	0.19216	0.15355	0.21135	0.2362	0.09811	0.05499	0.75699
0.21505	0.40566	0.24559	0.78461	0.48809	0.40945	0.11669	0.10728	0.17638	0.17885	0.17972	0.18903	0.11667	0.0861	0.77351
0.18067	0.38039	0.25498	0.82473	0.51843	0.40447	0.09227	0.11018	0.18678	0.15534	0.11377	0.21796	0.09608	0.09401	0.74963
0.40914	0.38851	0.25312	0.80565	0.46592	0.52968	0.11646	0.10483	0.19174	0.17838	0.15596	0.19454	0.11308	0.11846	0.75718
0.28273	0.41231	0.3068	0.81518	0.49785	0.50969	0.11089	0.08846	0.17442	0.17247	0.13113	0.18071	0.07992	0.09246	0.75375
0.23397	0.39615	0.26582	0.79271	0.54439	0.34752	0.11439	0.09994	0.17188	0.14706	0.1537	0.18446	0.12429	0.08094	0.73256
0.52779	0.38348	0.28132	0.84076	0.51484	0.52384	0.12237	0.0928	0.19986	0.1499	0.13895	0.20791	0.089	0.0753	0.74548
0.3184	0.42067	0.23792	0.76887	0.5093	0.40988	0.12575	0.08975	0.12594	0.14741	0.14172	0.16917	0.11116	0.08356	0.75947
0.15445	0.44406	0.24012	0.82875	0.4957	0.33862	0.08425	0.12135	0.17826	0.18752	0.173	0.20629	0.11964	0.09455	0.7791
0.44093	0.38291	0.29704	0.78447	0.51751	0.42251	0.14784	0.11509	0.18915	0.18649	0.11847	0.20078	0.07537	0.07184	0.76818
0.42657	0.42267	0.30404	0.81299	0.55161	0.36669	0.14045	0.08367	0.22815	0.18738	0.16575	0.11959	0.09367	0.08383	0.77268
0.3088	0.41453	0.2254	0.78732	0.49011	0.43841	0.1418	0.13947	0.1888	0.17608	0.17746	0.16827	0.10431	0.07101	0.76381
0.43269	0.44266	0.26164	0.79244	0.52628	0.47512	0.11764	0.12675	0.18601	0.14598	0.13959	0.21846	0.06991	0.06872	0.73361
0.19875	0.41232	0.2561	0.808	0.51061	0.41575	0.1016	0.10652	0.16669	0.17012	0.15838	0.19163	0.09574	0.06271	0.76526
0.48566	0.42203	0.25634	0.80303	0.49323	0.4372	0.1022	0.10922	0.19331	0.12837	0.10524	0.1896	0.09595	0.0657	0.76211
0.23193	0.42527	0.24516	0.79959	0.52608	0.39859	0.11292	0.09283	0.16873	0.14017	0.12792	0.17862	0.11696	0.07966	0.76508
0.35772	0.38549	0.26378	0.8232	0.53526	0.34791	0.1232	0.10416	0.20822	0.1639	0.14396	0.17694	0.12489	0.09403	0.76131
0.31034	0.39483	0.21743	0.79671	0.48505	0.44619	0.12408	0.12973	0.15232	0.14161	0.15668	0.17787	0.08298	0.07499	0.75189
0.32082	0.37243	0.25584	0.80026	0.56033	0.39297	0.09549	0.0785	0.15289	0.23389	0.22358	0.21296	0.0935	0.09026	0.77445
0.44647	0.36734	0.23368	0.80551	0.53478	0.40037	0.1087	0.09694	0.17723	0.13946	0.1195	0.22122	0.08113	0.10113	0.77291
0.23118	0.38366	0.27051	0.83699	0.51951	0.4187	0.11419	0.11688	0.14326	0.16476	0.12477	0.19163	0.09689	0.08953	0.78464
0.42111	0.4089	0.25413	0.82328	0.53872	0.34024	0.10355	0.09121	0.22018	0.14896	0.13643	0.15077	0.12766	0.08574	0.72064
0.27303	0.39695	0.26534	0.79818	0.52764	0.31867	0.11058	0.08163	0.16991	0.17634	0.13038	0.15666	0.10239	0.06924	0.76573
0.34487	0.39423	0.27181	0.8302	0.53079	0.44631	0.11867	0.10301	0.16027	0.14636	0.14959	0.19086	0.08675	0.08573	0.73567
0.27787	0.35365	0.22151	0.7997	0.55079	0.37023	0.08732	0.11197	0.18639	0.13041	0.15408	0.15617	0.12307	0.0765	0.75133
0.30096	0.37915	0.21273	0.79172	0.50186	0.32496	0.09827	0.11054	0.20844	0.18392	0.16054	0.18025	0.11115	0.08575	0.73409
0.27021	0.35493	0.20261	0.79774	0.53376	0.38296	0.08628	0.11452	0.16023	0.12412	0.12008	0.19247	0.07453	0.08813	0.75177
0.45314	0.41073	0.25597	0.83523	0.47599	0.41645	0.10325	0.09015	0.23219	0.17984	0.0922	0.17515	0.08891	0.054	0.73315
0.25389	0.34852	0.27222	0.78368	0.51325	0.33984	0.11875	0.11825	0.21893	0.10799	0.09955	0.17348	0.10768	0.0976	0.74374
0.36229	0.4104	0.23502	0.84573	0.49249	0.38949	0.10946	0.10453	0.17369	0.16909	0.16938	0.17899	0.10541	0.08401	0.7731
0.27213	0.38253	0.24878	0.81209	0.53962	0.43473	0.1149	0.09576	0.18796	0.17079	0.15224	0.1998	0.06671	0.05329	0.78465
0.2969	0.37029	0.20952	0.73841	0.51497	0.38175	0.13959	0.09595	0.16361	0.18182	0.17097	0.20505	0.18688	0.06964	0.76069
0.36958	0.39936	0.21324	0.77836	0.51374	0.37258	0.10108	0.14163	0.1692	0.19637	0.09342	0.22016	0.08724	0.07086	0.74213
0.29238	0.41402	0.29586	0.81181	0.5053	0.35916	0.12324	0.11947	0.22534	0.1498	0.14074	0.19402	0.12298	0.07856	0.75361
0.27864	0.40244	0.23079	0.8289	0.51047	0.38542	0.11003	0.10251	0.18341	0.19513	0.10947	0.19924	0.08596	0.06428	0.75683
0.32308	0.40775	0.24907	0.80156	0.51215	0.41827	0.12246	0.13552	0.20344	0.15177	0.15473	0.20352	0.09367	0.06889	0.73922
0.26597	0.41095	0.25434	0.80192	0.51981	0.379	0.09379	0.1355	0.13225	0.16705	0.13297	0.15586	0.09115	0.06588	0.75294
0.23866	0.34355	0.22576	0.7848	0.52548	0.37884	0.09766	0.09306	0.18498	0.14868	0.16992	0.15867	0.08524	0.05387	0.75246
0.36763	0.36589	0.22979	0.79483	0.50345	0.36231	0.11095	0.10521	0.1871	0.20957	0.15655	0.17931	0.08996	0.06493	0.73014
0.23556	0.37541	0.22492	0.76863	0.49881	0.4044	0.10323	0.11383	0.15214	0.16198	0.11335	0.16365	0.10483	0.05712	0.77242
0.35517	0.33812	0.25918	0.84367	0.51313	0.42168	0.11009	0.09919	0.1846	0.13787	0.12864	0.19264	0.07813	0.09332	0.76103
0.22677	0.43473	0.24766	0.82062	0.49544	0.40873	0.1012	0.08663	0.13549	0.13315	0.18315	0.14269	0.10064	0.06332	0.75173
0.32463	0.41655	0.28496	0.8484	0.57692	0.37093	0.11615	0.09097	0.15403	0.16445	0.11656	0.17152	0.12033	0.07939	0.75392
0.21251	0.37797	0.22477	0.79107	0.50619	0.52807	0.08871	0.11292	0.16767	0.16111	0.10641	0.18104	0.09598	0.06464	0.7605
0.37077	0.42491	0.2037	0.82192	0.50427	0.41528	0.1054	0.10591	0.16905	0.18776	0.10165	0.12543	0.07465	0.07399	0.75022
0.24186	0.38689	0.22978	0.77695	0.48678	0.41736	0.1088	0.09777	0.1673	0.17329	0.13195	0.1835	0.12045	0.06066	0.74934
0.55755	0.37764	0.23071	0.81203	0.47656	0.51751	0.11242	0.0581	0.13348	0.16907	0.11893	0.15326	0.12783	0.05751	0.76945
0.38172	0.39949	0.2349	0.83209	0.47153	0.43129	0.11244	0.08679	0.22443	0.18363	0.13847	0.21523	0.12592	0.06383	0.74033
0.23342	0.34423	0.2534	0.83241	0.52354	0.45273	0.13505	0.1123	0.16865	0.17052	0.13049	0.1223	0.09397	0.06829	0.79313
0.40324	0.35348	0.21928	0.80523	0.55449	0.40449	0.13303	0.09445	0.12584	0.17905	0.13703	0.28637	0.09974	0.06994	0.78162
0.22845	0.38717	0.26188	0.83175	0.48624	0.3758	0.121	0.11099	0.1371	0.17511	0.14741	0.14612	0.07981	0.06374	0.76472
0.24743	0.37839	0.27073	0.805	0.52326	0.25715	0.08422	0.09645	0.14507	0.16346	0.12993	0.15857	0.08607	0.07228	0.76539
0.24352	0.32168	0.26169	0.78115	0.51786	0.5105	0.10166	0.08684	0.14242	0.15295	0.11469	0.22596	0.09319	0.06733	0.73516
0.30535	0.33699	0.24643	0.76376	0.50923	0.38109	0.10415	0.09075	0.18988	0.21554	0.11764	0.2017	0.08378	0.05879	0.75019
0.27114	0.40239	0.2034	0.81072	0.51299	0.38189	0.09536	0.12163	0.14839	0.17541	0.12618	0.18474	0.08689	0.08622	0.7232
0.32104	0.34403	0.26218	0.78154	0.49327	0.39086	0.10668	0.08687	0.19016	0.15375	0.13346	0.15859	0.08609	0.05859	0.75273
0.26265	0.35788	0.26987	0.8058	0.49173	0.41584	0.08838	0.10952	0.20434	0.15955	0.14318	0.18792	0.08128	0.08405	0.75439
0.37002	0.39431	0.26975	0.80438	0.48393	0.52024	0.09831	0.11612	0.14021	0.15521	0.13674	0.19014	0.0922	0.04309	0.7414
0.20626	0.37379	0.17291	0.74014	0.49191	0.35157	0.08771	0.09807	0.11799	0.17422	0.13986	0.17548	0.12994	0.06001	0.76151
0.38346	0.41428	0.2566	0.81756	0.50862	0.47383	0.08715	0.13315	0.15444	0.17456	0.1419	0.20341	0.09686	0.05058	0.73299
0.29314	0.45187	0.26558	0.80987	0.50551	0.41479	0.10034	0.09307	0.18498	0.15184	0.1415	0.16087	0.0946	0.0721	0.77206
0.242	0.35661	0.22959	0.80383	0.51707	0.48063	0.12331	0.10755	0.18476	0.23503	0.15772	0.16278	0.12551	0.06435	0.73714
0.47092	0.36322	0.19212	0.785	0.49659	0.39472	0.0988	0.12387	0.18073	0.13522	0.12487	0.17332	0.08416	0.076	0.76585
0.22554	0.40124	0.27037	0.81198	0.49378	0.32382	0.11279	0.08766	0.1361	0.15032	0.10202	0.18073	0.08195	0.06435	0.76232
0.36275	0.31554	0.23889	0.78909	0.50986	0.39161	0.10225	0.08135	0.14154	0.20603	0.12167	0.15862	0.09854	0.07068	0.75387
0.35505	0.42578	0.28481	0.81411	0.56081	0.43851	0.10797	0.08909	0.20997	0.12713	0.1004	0.18975	0.11059	0.10102	0.75622
0.3176	0.35017	0.26485	0.83059	0.48041	0.29327	0.11532	0.09768	0.17918	0.13593	0.15213	0.16846	0.12484	0.07042	0.74979
0.30969	0.39716	0.17869	0.78779	0.45979	0.32911	0.11677	0.10015	0.14406	0.20076	0.15057	0.20532	0.11216	0.0556	0.75413
0.38652	0.38068	0.27001	0.78098	0.49054	0.38231	0.1159	0.13498	0.16088	0.16897	0.1254	0.18202	0.11358	0.04181	0.74604
0.34551	0.41382	0.22966	0.78056	0.56111	0.42321	0.11425	0.07791	0.18614	0.14819	0.12474	0.13211	0.1038	0.06945	0.72874
0.24047	0.37256	0.24108	0.76616	0.50582	0.38296	0.11705	0.09095	0.15463	0.16496	0.10898	0.18607	0.07883	0.07301	0.72156
0.42972	0.33149	0.23681	0.83123	0.50564	0.42121	0.0886	0.12262	0.1431	0.17126	0.15872	0.17765	0.12046	0.05664	0.73577
0.28076	0.36761	0.22039	0.78297	0.49736	0.36049	0.08894	0.18299	0.16374	0.15616	0.10732	0.1762	0.11437	0.04828	0.74462
0.33684	0.33771	0.24202	0.81645	0.49908	0.40173	0.08549	0.11789	0.16225	0.14419	0.1335	0.22742	0.06845	0.07072	0.74235
0.33121	0.34025	0.23235	0.83006	0.5309	0.48087	0.10875	0.09082	0.14598	0.19363	0.11279	0.17504	0.08886	0.04203	0.78166
0.29843	0.38005	0.18859	0.80268	0.54849	0.43702	0.08834	0.11234	0.17951	0.16096	0.11616	0.18117	0.08298	0.05901	0.7619
0.31867	0.39433	0.19314	0.80161	0.44459	0.42522	0.08706	0.07859	0.15855	0.17395	0.10614	0.20131	0.12675	0.07521	0.78343
0.24849	0.32902	0.17844	0.8294	0.52288	0.38652	0.11822	0.09883	0.14752	0.20314	0.10313	0.19743	0.10877	0.06028	0.75095
0.31812	0.40963	0.23133	0.82771	0.51648	0.41586	0.08888	0.11	0.1472	0.1174	0.08961	0.20293	0.08711	0.04068	0.75759
0.32432	0.32691	0.2315	0.80813	0.50125	0.45228	0.12245	0.11671	0.14968	0.16919	0.08111	0.18443	0.07344	0.047	0.73551
0.23461	0.35484	0.2884	0.76775	0.48554	0.38025	0.1033	0.10804	0.11731	0.11858	0.12785	0.17343	0.06619	0.07701	0.69774
0.23364	0.31158	0.27205	0.78448	0.48182	0.42639	0.09271	0.14925	0.15161	0.13914	0.11148	0.10681	0.06168	0.0547	0.72174
0.2297	0.32461	0.22767	0.82025	0.46088	0.44155	0.08094	0.10494	0.12689	0.13318	0.12342	0.15435	0.13124	0.07025	0.74724
0.29254	0.32765	0.22365	0.7788	0.48261	0.35722	0.11392	0.09608	0.13483	0.13431	0.11791	0.15319	0.08257	0.06848	0.72394
0.27839	0.34865	0.23163	0.83064	0.55027	0.38863	0.11547	0.10905	0.13124	0.14884	0.13448	0.2068	0.08	0.07193	0.77692
0.19314	0.37508	0.23344	0.81393	0.48701	0.40642	0.09999	0.13155	0.15379	0.14503	0.11704	0.22366	0.10363	0.05486	0.76831
0.30635	0.36478	0.26624	0.79155	0.4649	0.37058	0.06438	0.12264	0.14219	0.13574	0.13669	0.19527	0.06702	0.06522	0.74125
0.27062	0.38375	0.20868	0.7599	0.48272	0.40005	0.09683	0.13968	0.17262	0.14922	0.08767	0.19235	0.07926	0.05277	0.77138
0.3574	0.34183	0.24607	0.80731	0.53046	0.42682	0.10318	0.11602	0.13704	0.15171	0.12031	0.20464	0.13094	0.08603	0.74533
0.31001	0.36805	0.20281	0.85943	0.5233	0.46518	0.10368	0.08732	0.14295	0.20021	0.10993	0.1643	0.10656	0.04744	0.79535
0.37141	0.36546	0.21944	0.7905	0.50662	0.34581	0.09451	0.08531	0.12746	0.13826	0.10583	0.17249	0.08307	0.06419	0.77381
0.28185	0.3591	0.20581	0.76529	0.50454	0.32239	0.10836	0.10972	0.15542	0.19698	0.12293	0.20447	0.08408	0.05783	0.77156
0.33253	0.31792	0.25127	0.7773	0.49535	0.38079	0.10445	0.10541	0.153	0.16091	0.09531	0.20509	0.10222	0.04494	0.73146
0.27881	0.36305	0.20626	0.81276	0.50819	0.41152	0.10743	0.08894	0.14024	0.18093	0.09093	0.13365	0.09976	0.06132	0.77339
0.2517	0.36617	0.2232	0.76272	0.47783	0.37184	0.09914	0.10632	0.12745	0.18199	0.10951	0.15442	0.05373	0.05544	0.75531
0.27653	0.35294	0.24539	0.78445	0.52398	0.41054	0.07487	0.12059	0.15906	0.13854	0.11219	0.19161	0.12746	0.05868	0.76042
0.38376	0.34956	0.22776	0.70148	0.4696	0.38022	0.09854	0.12166	0.14627	0.18613	0.10127	0.1369	0.08836	0.05533	0.76614
0.22682	0.40124	0.21473	0.802	0.50224	0.30609	0.09915	0.10698	0.14778	0.14196	0.09961	0.20054	0.09993	0.09647	0.74717
0.41162	0.39508	0.23185	0.82029	0.52321	0.49917	0.10172	0.11587	0.16415	0.17146	0.11285	0.1919	0.09348	0.04338	0.73638
0.26622	0.35819	0.26809	0.77713	0.48043	0.43928	0.09657	0.0583	0.12423	0.15196	0.11374	0.21581	0.09897	0.05862	0.74464
0.31027	0.41407	0.23448	0.81115	0.51665	0.32366	0.0784	0.10684	0.1534	0.11136	0.12422	0.17082	0.06766	0.06414	0.738
0.3481	0.35935	0.17557	0.84451	0.49811	0.435	0.11588	0.10207	0.13887	0.19298	0.12179	0.23133	0.11399	0.06469	0.73594
0.31182	0.38292	0.24553	0.82578	0.50832	0.59417	0.08848	0.13027	0.13364	0.13462	0.0871	0.1477	0.06754	0.04943	0.75319
0.27738	0.38379	0.20653	0.82119	0.45045	0.48738	0.08714	0.10156	0.13858	0.23801	0.12447	0.17495	0.0874	0.05745	0.76664
0.28239	0.33702	0.23128	0.75649	0.45241	0.37498	0.08708	0.0705	0.14906	0.09405	0.1746	0.2211	0.10156	0.06845	0.72008
0.32114	0.36128	0.17782	0.81372	0.498	0.35494	0.10892	0.11358	0.10386	0.13833	0.11617	0.19116	0.05241	0.05774	0.76652
0.42494	0.40985	0.248	0.82106	0.50551	0.39092	0.11438	0.10627	0.14337	0.15496	0.1703	0.20708	0.0712	0.07354	0.76674
0.25011	0.33416	0.20288	0.79305	0.5354	0.3705	0.1256	0.06928	0.18346	0.16619	0.09156	0.13032	0.07253	0.03257	0.75912
0.20643	0.29951	0.1939	0.79654	0.4773	0.43573	0.09796	0.11994	0.14166	0.14758	0.12196	0.17793	0.09012	0.05836	0.75801
0.28297	0.33291	0.26291	0.7859	0.50074	0.3765	0.11355	0.06028	0.17314	0.15549	0.08901	0.16759	0.08549	0.04367	0.71709
0.18786	0.32337	0.24455	0.79653	0.50469	0.35401	0.14455	0.09914	0.12422	0.13251	0.08652	0.19127	0.11443	0.0391	0.75669
0.35047	0.34709	0.23392	0.81092	0.48256	0.47178	0.07472	0.11602	0.16058	0.15812	0.099	0.17075	0.09341	0.04937	0.75306
0.21879	0.38372	0.22093	0.81517	0.4551	0.45335	0.09993	0.07776	0.15689	0.1616	0.12965	0.20577	0.12758	0.04452	0.73531
0.39347	0.36884	0.22868	0.80819	0.46932	0.46314	0.06635	0.09372	0.14234	0.14079	0.11409	0.15923	0.08514	0.09058	0.75671
0.35186	0.37085	0.211	0.78654	0.47196	0.36113	0.10373	0.08181	0.12251	0.14669	0.10581	0.17891	0.0838	0.05722	0.76219
0.27571	0.34395	0.22976	0.77408	0.4728	0.37745	0.10598	0.09894	0.18178	0.16787	0.12934	0.12873	0.13514	0.04424	0.72128
0.29301	0.39433	0.19365	0.76851	0.48982	0.39811	0.1022	0.0851	0.16088	0.17007	0.08771	0.1541	0.08093	0.05918	0.72347
0.32576	0.36901	0.23636	0.81124	0.45516	0.45329	0.10433	0.06795	0.1507	0.12614	0.09449	0.16256	0.07583	0.05894	0.73604
0.30437	0.38668	0.25843	0.78554	0.49293	0.3934	0.10746	0.10956	0.15287	0.19791	0.11408	0.15867	0.09016	0.0678	0.73648
0.24537	0.35598	0.20845	0.78196	0.50071	0.4588	0.10287	0.09583	0.15246	0.13481	0.10932	0.1702	0.09143	0.0533	0.74924
0.27616	0.34561	0.1498	0.75925	0.50148	0.34331	0.07611	0.08534	0.13447	0.17644	0.09126	0.1451	0.06298	0.05348	0.74528
0.25943	0.32455	0.20782	0.74518	0.46742	0.26765	0.06244	0.10575	0.16449	0.15747	0.10736	0.14605	0.07971	0.06713	0.7677
0.57745	0.36859	0.21516	0.8486	0.46854	0.44784	0.15927	0.09203	0.12342	0.15997	0.12584	0.16851	0.09092	0.0654	0.73904
0.14552	0.33712	0.20378	0.85885	0.51096	0.45104	0.15846	0.12845	0.15727	0.1335	0.13275	0.17707	0.0679	0.04772	0.73779
0.33432	0.31691	0.25636	0.69823	0.48734	0.34761	0.12698	0.08186	0.14909	0.11457	0.14071	0.16323	0.06717	0.06714	0.73789
0.31455	0.39624	0.23317	0.71732	0.53804	0.39454	0.0957	0.10482	0.15624	0.1585	0.21871	0.17089	0.06282	0.05244	0.7495
0.22043	0.36915	0.26738	0.70173	0.49035	0.42199	0.07102	0.08854	0.15473	0.17126	0.12648	0.17319	0.07587	0.08049	0.74095
0.36058	0.32627	0.22723	0.70721	0.47424	0.45244	0.07733	0.111	0.15475	0.21725	0.12147	0.19183	0.06443	0.05848	0.74021
0.21184	0.32271	0.25085	0.7125	0.50343	0.39682	0.1225	0.11903	0.15362	0.19986	0.13108	0.17104	0.06474	0.05657	0.74333
0.17651	0.30517	0.22	0.71736	0.51123	0.42215	0.10226	0.08275	0.15341	0.24361	0.10717	0.20879	0.22019	0.05279	0.7133
0.15607	0.3327	0.22961	0.67556	0.51617	0.41919	0.09104	0.09355	0.16133	0.17745	0.10764	0.18743	0.31485	0.05151	0.75003
0.36374	0.3476	0.20093	0.69285	0.49395	0.6297	0.11677	0.11068	0.0877	0.23488	0.11036	0.14695	0.25238	0.05571	0.76092
0.18133	0.38428	0.21425	0.68567	0.47836	0.36285	0.10405	0.12295	0.1382	0.1118	0.08512	0.19879	0.33223	0.04128	0.72577
0.24794	0.35893	0.23065	0.70361	0.51706	0.37997	0.07732	0.11195	0.1581	0.17153	0.11575	0.4932	0.2535	0.06407	0.7304
0.1284	0.38393	0.21643	0.69812	0.4964	0.34781	0.08967	0.10111	0.12873	0.17783	0.0882	0.17783	0.25563	0.05998	0.73683
0.2311	0.37093	0.20184	0.68318	0.49035	0.48138	0.08232	0.08699	0.12691	0.13165	0.12655	0.15507	0.17481	0.04891	0.74984
0.19789	0.36358	0.24079	0.69002	0.47114	0.3609	0.08437	0.13384	0.13567	0.16698	0.09865	0.13947	0.09394	0.04507	0.75976
0.21756	0.34806	0.21986	0.71467	0.51924	0.49678	0.12142	0.09953	0.11093	0.30718	0.10872	0.14141	0.07763	0.06828	0.75217
0.14926	0.34444	0.25632	0.6962	0.47273	0.41568	0.12891	0.08795	0.14981	0.25738	0.09292	0.1576	0.10445	0.05088	0.70612
0.23191	0.34547	0.1531	0.69742	0.50947	0.4119	0.11046	0.08457	0.15493	0.22881	0.11227	0.13912	0.10453	0.04426	0.74204
0.19689	0.37596	0.20192	0.69963	0.48639	0.38914	0.09028	0.0835	0.1799	0.2543	0.11312	0.12643	0.06531	0.03726	0.75603
0.25763	0.32113	0.21367	0.68311	0.50356	0.39873	0.10643	0.09705	0.11488	0.24776	0.12721	0.14252	0.05731	0.06071	0.73412
0.2537	0.38091	0.21646	0.71714	0.45285	0.30958	0.09398	0.06063	0.17955	0.27044	0.10255	0.14448	0.112	0.03872	0.75987
0.15228	0.33429	0.23925	0.70639	0.4725	0.45598	0.09882	0.10659	0.11208	0.14453	0.10508	0.19513	0.09422	0.05661	0.71772
0.19574	0.29614	0.1562	0.70694	0.51102	0.37312	0.08012	0.07288	0.18538	0.20348	0.08569	0.16435	0.10488	0.05478	0.76739
0.32269	0.35848	0.22274	0.70332	0.52246	0.45552	0.09504	0.09087	0.15849	0.21442	0.1637	0.16466	0.09384	0.05005	0.74436
0.36033	0.3213	0.20413	0.67775	0.48875	0.42879	0.08443	0.15923	0.18546	0.21376	0.10612	0.33814	0.06847	0.04281	0.77175
0.28678	0.37876	0.19693	0.65485	0.47494	0.36205	0.15172	0.17264	0.14155	0.19507	0.14364	0.20636	0.1549	0.04749	0.79813
0.46318	0.38924	0.2255	0.79616	0.46571	0.31633	0.09337	0.1699	0.19167	0.17385	0.08037	0.11481	0.08441	0.05396	0.84362
0.691	0.39258	0.21455	0.70127	0.44181	0.43297	0.12813	0.26372	0.16255	0.29041	0.10699	0.11862	0.08887	0.05115	0.81757
0.64724	0.33007	0.21179	0.71879	0.50496	0.71746	0.13682	0.09062	0.18426	0.17386	0.0766	0.13596	0.10271	0.05512	0.81935
0.13256	0.34985	0.26741	0.71085	0.50404	0.50346	0.08342	0.07605	0.11272	0.15761	0.11653	0.12102	0.08107	0.05707	0.82396
0.14596	0.31143	0.16011	0.71402	0.49159	0.52773	0.13705	0.08839	0.15666	0.16258	0.13745	0.12071	0.10172	0.06039	0.7824
0.08317	0.3043	0.23476	0.72236	0.51638	0.51203	0.11861	0.06326	0.16748	0.15099	0.09695	0.14402	0.09583	0.04672	0.81652
0.12302	0.36488	0.17703	0.68068	0.47233	0.48852	0.09986	0.08551	0.11819	0.17677	0.11251	0.12894	0.11691	0.05176	0.80996
0.13163	0.37225	0.23785	0.72405	0.52217	0.54951	0.10238	0.09624	0.14283	0.15767	0.09618	0.15031	0.05447	0.05627	0.82732
0.14724	0.35559	0.19699	0.70366	0.49049	0.53249	0.09687	0.07433	0.14335	0.16418	0.11522	0.15822	0.10845	0.06699	0.81712
0.16578	0.31139	0.20417	0.71503	0.541	0.51254	0.12134	0.11842	0.11931	0.15423	0.09999	0.12683	0.08097	0.0491	0.82964
