1	18.451200485229492	18.368610382080078
2	18.469507217407227	18.875991821289062
3	19.025331497192383	18.324525833129883
4	18.43887710571289	19.232677459716797
5	18.291017532348633	18.116016387939453
6	18.07925796508789	18.4295711517334
7	18.066410064697266	17.927282333374023
8	17.37455940246582	17.337535858154297
9	17.677196502685547	17.96375846862793
10	17.47748374938965	17.331024169921875
11	17.955997467041016	17.941190719604492
12	18.20912742614746	18.70750617980957
13	19.45635986328125	18.94366455078125
14	19.709062576293945	22.44448471069336
15	20.266525268554688	20.043203353881836
16	19.202991485595703	21.390390396118164
17	22.731651306152344	21.342212677001953
18	21.14137077331543	18.832975387573242
19	18.545391082763672	18.006610870361328
20	17.8715763092041	18.261085510253906
21	17.634408950805664	17.883420944213867
22	17.722166061401367	17.949703216552734
23	17.54267120361328	17.325645446777344
24	16.931215286254883	16.915700912475586
25	16.938304901123047	16.989120483398438
26	17.200910568237305	17.31998062133789
27	17.256669998168945	17.02865982055664
28	17.919700622558594	17.57884979248047
29	17.549789428710938	17.201507568359375
30	17.648853302001953	17.84534454345703
31	17.521629333496094	17.65228843688965
32	17.025833129882812	17.200288772583008
33	16.8131046295166	16.82762336730957
34	16.61711883544922	16.574609756469727
35	15.929826736450195	16.49694061279297
36	16.517742156982422	16.574750900268555
37	16.428974151611328	16.22320556640625
38	16.67747688293457	16.912689208984375
39	16.699016571044922	16.979381561279297
40	16.29914665222168	15.907147407531738
41	16.342605590820312	16.200931549072266
42	15.968436241149902	16.170896530151367
43	15.851045608520508	15.643569946289062
44	15.907808303833008	16.110631942749023
45	15.873858451843262	16.254432678222656
46	16.162683486938477	16.158113479614258
47	16.034839630126953	16.08033561706543
48	15.965152740478516	16.05875015258789
49	16.01934814453125	16.24744415283203
50	16.372339248657227	15.905604362487793
51	15.974691390991211	16.075727462768555
52	16.207401275634766	15.9534273147583
53	15.839195251464844	15.862277030944824
54	16.014453887939453	15.632575988769531
55	15.752193450927734	15.692715644836426
56	15.979355812072754	15.911365509033203
57	16.146129608154297	15.804254531860352
58	16.075368881225586	15.840850830078125
59	15.785637855529785	15.918038368225098
60	15.880182266235352	15.637600898742676
61	16.078062057495117	16.61722183227539
62	16.12413215637207	15.734302520751953
63	15.94491958618164	16.03826332092285
64	16.161693572998047	15.63294506072998
65	16.055917739868164	15.70412826538086
66	15.750134468078613	15.740667343139648
67	15.733344078063965	15.649019241333008
68	15.69570541381836	15.934452056884766
69	15.817708969116211	15.957290649414062
70	16.966068267822266	19.007091522216797
71	18.21371078491211	16.551620483398438
72	16.848552703857422	16.32018280029297
73	16.271909713745117	16.369144439697266
74	16.367294311523438	16.314361572265625
75	16.113855361938477	16.63176918029785
76	16.903894424438477	16.074630737304688
77	16.63248634338379	16.54258918762207
78	16.876846313476562	16.510557174682617
79	16.489177703857422	16.494834899902344
80	16.560869216918945	16.299055099487305
81	16.227792739868164	16.174318313598633
82	16.09300994873047	15.999149322509766
83	15.963842391967773	16.342323303222656
84	15.747692108154297	15.573837280273438
85	15.681112289428711	16.327781677246094
86	15.745170593261719	15.792837142944336
87	15.871829986572266	16.06155014038086
88	15.727384567260742	15.950492858886719
89	15.931516647338867	15.85776424407959
90	15.899402618408203	15.958723068237305
91	15.83267879486084	16.02991485595703
92	15.51243782043457	15.896963119506836
93	16.227741241455078	15.841761589050293
94	15.577644348144531	16.022645950317383
95	16.20537757873535	15.707488059997559
96	15.978452682495117	16.001399993896484
97	15.887758255004883	16.057933807373047
98	15.972877502441406	15.928110122680664
99	15.780045509338379	15.890233993530273
100	15.748920440673828	15.759626388549805
101	15.929780960083008	15.971423149108887
102	15.540209770202637	15.821236610412598
103	15.727731704711914	15.53294849395752
104	16.003707885742188	15.938850402832031
105	15.815133094787598	15.818231582641602
106	16.003116607666016	15.659401893615723
107	15.76282787322998	15.954282760620117
108	15.655131340026855	15.996441841125488
109	15.882353782653809	16.061161041259766
110	15.702091217041016	16.16234016418457
111	16.186992645263672	15.757380485534668
112	15.357365608215332	15.620759010314941
113	15.61588191986084	15.3819580078125
114	15.906521797180176	15.504807472229004
115	15.561938285827637	15.993867874145508
116	15.8292236328125	16.164756774902344
117	15.485433578491211	15.551716804504395
118	15.69865608215332	15.735851287841797
119	15.328536033630371	15.992374420166016
120	15.178214073181152	15.904650688171387
121	15.800848007202148	15.717148780822754
122	15.457056999206543	15.780782699584961
123	15.758877754211426	16.07564353942871
124	15.981157302856445	15.358258247375488
125	15.821041107177734	15.35759162902832
126	15.628705024719238	15.979591369628906
127	15.468640327453613	15.674398422241211
128	15.40755844116211	15.663595199584961
129	15.23309326171875	15.591151237487793
130	15.541626930236816	15.991242408752441
131	15.456229209899902	15.50155258178711
132	15.744363784790039	15.689608573913574
133	15.439950942993164	15.024822235107422
134	15.585131645202637	15.207499504089355
135	15.468070030212402	15.518738746643066
136	15.61330509185791	15.882669448852539
137	15.5112886428833	15.526987075805664
138	15.583211898803711	15.435162544250488
139	15.594257354736328	15.849275588989258
140	15.580799102783203	15.899443626403809
141	15.343907356262207	15.202207565307617
142	15.411453247070312	15.594425201416016
143	15.600640296936035	15.409152030944824
144	15.523236274719238	15.347037315368652
145	15.39596176147461	15.46413516998291
146	15.043075561523438	15.580036163330078
147	15.525962829589844	15.31804370880127
148	14.952213287353516	15.925140380859375
149	15.286805152893066	15.578865051269531
150	15.919857025146484	15.363343238830566
151	15.387075424194336	15.91794204711914
152	15.41739273071289	14.801809310913086
153	15.251092910766602	15.481925964355469
154	15.304683685302734	15.347618103027344
155	15.438370704650879	15.245209693908691
156	15.547988891601562	15.402825355529785
157	15.00896167755127	15.497838020324707
158	15.092586517333984	15.36429500579834
159	14.868276596069336	15.111419677734375
160	15.028175354003906	15.058661460876465
161	15.271686553955078	15.469159126281738
162	14.950409889221191	15.251716613769531
163	15.265127182006836	15.194480895996094
164	15.475446701049805	15.363717079162598
165	15.378824234008789	15.322265625
166	15.248239517211914	15.46929931640625
167	15.401490211486816	15.15555191040039
168	15.172382354736328	15.407464981079102
169	15.294058799743652	15.139429092407227
170	15.590343475341797	15.494424819946289
171	15.472782135009766	15.209964752197266
172	15.148630142211914	15.355120658874512
173	14.961657524108887	15.223695755004883
174	15.647149085998535	15.14267349243164
175	15.606842994689941	15.098767280578613
176	15.715875625610352	15.543391227722168
177	15.84078311920166	15.396020889282227
178	15.309198379516602	15.847789764404297
179	15.377925872802734	15.278777122497559
180	15.389434814453125	15.181657791137695
181	14.925244331359863	15.278897285461426
182	15.209774017333984	15.152985572814941
183	15.26867961883545	14.8809232711792
184	15.241366386413574	15.042121887207031
185	15.298072814941406	15.676745414733887
186	15.052421569824219	14.909194946289062
187	14.80896282196045	15.404932022094727
188	15.373636245727539	15.273942947387695
189	14.93488597869873	15.486512184143066
190	15.204900741577148	15.197551727294922
191	15.401528358459473	14.879772186279297
192	14.963872909545898	15.293839454650879
193	15.091495513916016	14.637454986572266
194	14.652433395385742	15.251449584960938
195	14.64172077178955	15.31786823272705
196	14.849958419799805	14.965221405029297
197	15.318221092224121	15.483339309692383
198	16.216032028198242	15.89598560333252
199	16.362865447998047	16.763877868652344
200	16.165782928466797	16.384645462036133
201	16.878803253173828	15.08974838256836
202	15.023221969604492	15.275418281555176
203	15.725775718688965	14.969361305236816
204	14.923866271972656	15.213212966918945
205	15.335551261901855	15.40411376953125
206	15.660235404968262	16.175992965698242
207	16.70572853088379	16.772329330444336
208	17.01622200012207	17.561534881591797
209	16.38762855529785	17.0407657623291
210	17.21147346496582	21.77499771118164
211	19.123031616210938	17.11332893371582
212	17.796506881713867	17.460451126098633
213	17.333406448364258	17.465688705444336
214	16.90747833251953	16.856155395507812
215	17.19135856628418	16.94809913635254
216	16.592159271240234	17.178333282470703
217	16.852802276611328	16.547494888305664
218	16.79278564453125	16.39109230041504
219	17.112403869628906	16.783367156982422
220	16.034578323364258	15.80667495727539
221	16.70531463623047	15.837347030639648
222	16.159486770629883	15.970609664916992
223	17.388595581054688	17.63641357421875
224	20.01532554626465	19.90572738647461
225	21.045963287353516	17.583724975585938
226	18.569801330566406	19.561819076538086
227	19.657012939453125	18.528339385986328
228	18.18248748779297	18.871252059936523
229	18.81064796447754	18.60776710510254
230	18.203235626220703	18.861936569213867
231	18.829715728759766	18.683696746826172
232	18.30111312866211	18.162010192871094
233	18.075990676879883	17.738548278808594
234	18.695127487182617	18.342493057250977
