1	22.379720052083332	21.598773956298828
2	21.346188015407986	21.354007720947266
3	21.273805406358505	21.302488327026367
4	21.247887505425346	21.161863327026367
5	21.204571194118923	21.231407165527344
6	21.20795355902778	21.142425537109375
7	21.184580485026043	21.128969192504883
8	21.168211195203995	21.034189224243164
9	21.154056125217014	21.209407806396484
10	21.130264282226562	21.186302185058594
11	21.114427354600693	21.053089141845703
12	21.10134039984809	21.07925796508789
13	21.073699951171875	21.088764190673828
14	21.074559529622395	21.228717803955078
15	21.055192735460068	21.047582626342773
16	21.039576212565105	21.057104110717773
17	21.020919799804688	21.007854461669922
18	21.01189507378472	21.05108070373535
19	21.009707980685764	21.036479949951172
20	21.00316704644097	21.005783081054688
21	20.99355740017361	21.031606674194336
22	20.983573065863716	21.001815795898438
23	20.974950154622395	21.031457901000977
24	20.945415920681423	21.021808624267578
25	20.956297132703995	21.08190155029297
26	20.944488525390625	21.0757999420166
27	20.92937554253472	21.037433624267578
28	20.927083333333332	21.03247833251953
29	20.893997192382812	20.9273681640625
30	20.8941650390625	20.99393653869629
31	20.876568264431423	20.972326278686523
32	20.862569173177082	21.076169967651367
33	20.842885335286457	20.981426239013672
34	20.839675903320312	20.86147689819336
35	20.802322387695312	21.016590118408203
36	20.816180759006077	20.999351501464844
37	20.81500752766927	20.851749420166016
38	20.800091213650173	20.937402725219727
39	20.779705471462673	20.955821990966797
40	20.772291395399307	20.87413787841797
41	20.759838528103298	20.9412841796875
42	20.761450873480904	20.938549041748047
43	20.76029290093316	20.843719482421875
44	20.745534261067707	20.931930541992188
45	20.734944661458332	20.905292510986328
46	20.731984456380207	20.819791793823242
47	20.717117309570312	20.86134910583496
48	20.71170891655816	20.913593292236328
49	20.71252950032552	20.867328643798828
50	20.689685397677952	20.907142639160156
51	20.690658569335938	20.85099983215332
52	20.696492513020832	21.131925582885742
53	20.68740505642361	21.021465301513672
54	20.689441257052952	20.856212615966797
55	20.672698974609375	20.847707748413086
56	20.668165418836807	20.886363983154297
57	20.671861436631943	20.801361083984375
58	20.663062201605904	20.83190155029297
59	20.631245930989582	20.805274963378906
60	20.64483642578125	20.90671730041504
61	20.614317152235245	20.934249877929688
62	20.598180135091145	20.997575759887695
63	20.605085584852432	20.900043487548828
64	20.593448215060764	20.89992904663086
65	20.569446139865452	20.93507957458496
66	20.588214450412327	20.970922470092773
