mass_1	mass_2	phase	time	distance	a_1	a_2	tilt_1	tilt_2	phi_12	phi_jl	theta_jn	psi	ra	dec
0.25445	0.29936	0.04575	0.6864	0.89916	0.07511	0.06452	0.23508	0.09294	0.04686	0.05018	0.12171	0.04735	0.44054	0.33777
0.26429	0.30927	0.04469	0.68509	0.89985	0.074	0.06314	0.23052	0.09246	0.04688	0.04798	0.12364	0.0464	0.44071	0.32982
0.2692	0.27874	0.04489	0.6791	0.89914	0.07381	0.06507	0.23285	0.08999	0.04667	0.0489	0.1234	0.04535	0.43784	0.3292
0.27114	0.30355	0.04505	0.68516	0.89944	0.07413	0.065	0.23804	0.08599	0.04674	0.04973	0.12423	0.04537	0.43861	0.33616
0.27885	0.31095	0.04552	0.69114	0.89859	0.07665	0.06696	0.23623	0.09047	0.04702	0.04873	0.12566	0.04688	0.44099	0.33617
0.275	0.29054	0.04414	0.68699	0.89847	0.07533	0.06641	0.23879	0.09206	0.04783	0.04974	0.1263	0.0475	0.44148	0.33324
0.27369	0.2995	0.04543	0.68797	0.89862	0.07484	0.06646	0.23564	0.08679	0.04621	0.04883	0.12464	0.04704	0.44527	0.3361
0.2708	0.30634	0.04525	0.68841	0.8983	0.07545	0.06497	0.23377	0.09022	0.04744	0.0493	0.12488	0.0456	0.43912	0.33976
0.27546	0.29649	0.04541	0.6846	0.89879	0.075	0.06634	0.2381	0.09002	0.04574	0.04846	0.12266	0.04594	0.43768	0.33213
0.27684	0.29279	0.04356	0.67542	0.89939	0.0757	0.06617	0.23346	0.09035	0.04621	0.04944	0.12449	0.0463	0.43815	0.3303
0.27544	0.29309	0.04431	0.68286	0.89842	0.07684	0.06708	0.23485	0.08877	0.04782	0.04954	0.12402	0.04458	0.43802	0.33189
0.28193	0.28937	0.04564	0.6739	0.8989	0.0738	0.06337	0.2312	0.08898	0.04521	0.04905	0.12485	0.04563	0.43968	0.33307
0.27844	0.28969	0.0449	0.69272	0.89873	0.07699	0.06599	0.23576	0.08898	0.04598	0.04906	0.12336	0.04722	0.44029	0.33138
0.2768	0.28905	0.04474	0.69149	0.89926	0.07437	0.06799	0.23471	0.09068	0.04655	0.0502	0.12412	0.04594	0.43891	0.3344
0.28023	0.29308	0.04544	0.68644	0.89909	0.07593	0.06697	0.23668	0.09027	0.04592	0.04846	0.12683	0.04434	0.43857	0.32934
0.2865	0.29361	0.04574	0.67952	0.89889	0.07592	0.06534	0.23507	0.09058	0.04793	0.04972	0.12463	0.04667	0.44342	0.33205
0.27744	0.2871	0.04562	0.68	0.89882	0.07483	0.06655	0.23678	0.0903	0.0453	0.05101	0.12185	0.04491	0.43952	0.33352
0.27781	0.28671	0.04448	0.67999	0.89787	0.07426	0.0669	0.2345	0.08941	0.04645	0.0492	0.12227	0.04621	0.43782	0.33434
0.2824	0.2826	0.04578	0.68138	0.89943	0.07545	0.06617	0.23535	0.0919	0.04678	0.0519	0.12546	0.04625	0.43883	0.33236
0.28931	0.28815	0.04538	0.6846	0.89949	0.07529	0.06479	0.23843	0.08744	0.04627	0.04859	0.12466	0.04454	0.43914	0.33522
0.28252	0.28498	0.0449	0.68918	0.89955	0.07511	0.06566	0.23824	0.08962	0.04539	0.0478	0.12403	0.0456	0.43979	0.33776
0.28885	0.28834	0.04599	0.68389	0.89852	0.07774	0.06781	0.23658	0.08992	0.04424	0.05	0.12352	0.04513	0.43691	0.33209
0.29294	0.28241	0.04509	0.68602	0.89928	0.07647	0.06742	0.23572	0.09098	0.04588	0.04899	0.12707	0.04549	0.43886	0.33251
0.28025	0.27861	0.04541	0.68881	0.8987	0.07519	0.06617	0.23675	0.08829	0.04648	0.04928	0.12479	0.0458	0.4366	0.33136
0.28095	0.28173	0.04504	0.68057	0.89883	0.07492	0.06555	0.2377	0.09263	0.04611	0.04817	0.12452	0.04508	0.44134	0.33151
0.27838	0.28281	0.04541	0.68882	0.89871	0.07713	0.06757	0.23649	0.0898	0.04694	0.0484	0.12604	0.04598	0.44004	0.33385
0.28766	0.28217	0.04406	0.68476	0.8981	0.07825	0.0678	0.23878	0.09206	0.04594	0.04828	0.12365	0.04483	0.44258	0.33045
0.28637	0.28347	0.04579	0.6763	0.89903	0.0762	0.06759	0.23832	0.09102	0.0464	0.04904	0.12676	0.04556	0.44111	0.33138
0.28952	0.27828	0.04465	0.6769	0.89871	0.07604	0.06732	0.2381	0.09345	0.04556	0.04879	0.12721	0.04511	0.44004	0.33218
0.26741	0.27833	0.04692	0.68998	0.89958	0.07586	0.0669	0.23678	0.09056	0.04609	0.04959	0.12506	0.04459	0.44126	0.33195
0.26625	0.28291	0.04502	0.67942	0.89972	0.07402	0.06831	0.23261	0.09225	0.04531	0.04838	0.1268	0.04664	0.43953	0.33007
0.25745	0.2959	0.04427	0.68672	0.9001	0.07697	0.0672	0.23615	0.09216	0.04586	0.04836	0.12573	0.04559	0.43767	0.32745
0.2634	0.29789	0.04496	0.68557	0.90074	0.07527	0.06617	0.23626	0.09092	0.04627	0.0487	0.1274	0.04683	0.4394	0.33026
0.27637	0.30119	0.04394	0.68439	0.90044	0.07642	0.06708	0.23893	0.09309	0.04636	0.04783	0.12536	0.04581	0.43786	0.33149
0.28075	0.30573	0.0455	0.68165	0.90125	0.07574	0.06663	0.23719	0.09304	0.04697	0.04873	0.12821	0.04602	0.43926	0.32809
0.28232	0.28684	0.04438	0.67954	0.90211	0.07602	0.06643	0.23887	0.09161	0.04524	0.04992	0.12564	0.04556	0.43976	0.3262
0.2833	0.28606	0.04453	0.68246	0.90143	0.07583	0.06731	0.23463	0.09168	0.04672	0.04888	0.12485	0.0448	0.43763	0.32915
0.28484	0.28101	0.04421	0.68748	0.90159	0.07504	0.06787	0.23698	0.09246	0.04728	0.04837	0.12515	0.04573	0.43695	0.33363
0.28045	0.28602	0.04423	0.69527	0.90289	0.07606	0.06832	0.23607	0.09286	0.04616	0.04839	0.12677	0.04534	0.43658	0.33172
0.27813	0.2848	0.04323	0.69251	0.90305	0.07662	0.06739	0.23621	0.09286	0.04616	0.04979	0.12385	0.04488	0.43892	0.3283
0.2806	0.28135	0.04547	0.68409	0.90305	0.07426	0.06716	0.23589	0.09048	0.04501	0.04837	0.12465	0.04485	0.44089	0.3315
0.28911	0.28484	0.04372	0.6858	0.9046	0.07562	0.06789	0.23881	0.09063	0.04638	0.04831	0.12577	0.04576	0.44089	0.33312
0.2796	0.28122	0.04463	0.68677	0.9046	0.07536	0.06733	0.23498	0.09037	0.04549	0.04924	0.12713	0.04587	0.43878	0.32801
0.29349	0.28963	0.04415	0.6824	0.90564	0.07722	0.06626	0.23711	0.0893	0.04562	0.0495	0.12395	0.04576	0.43593	0.33002
0.28966	0.28554	0.04418	0.6793	0.90578	0.07649	0.06585	0.23607	0.08977	0.04508	0.04874	0.12565	0.04583	0.43674	0.33418
0.2745	0.28552	0.04596	0.67627	0.90668	0.07644	0.06837	0.23623	0.09118	0.04622	0.04977	0.12539	0.04574	0.44046	0.33241
0.28722	0.28928	0.04561	0.68104	0.90736	0.0744	0.06524	0.2358	0.0896	0.04652	0.04827	0.12543	0.04582	0.4404	0.33182
0.29142	0.28659	0.04446	0.69084	0.90774	0.07709	0.06586	0.2364	0.09057	0.04548	0.04889	0.12515	0.04572	0.43606	0.33368
0.27783	0.28715	0.04495	0.68702	0.90835	0.07626	0.06651	0.23645	0.09025	0.04682	0.04995	0.12585	0.04517	0.4353	0.32977
0.29916	0.29025	0.04362	0.67842	0.9093	0.07541	0.06731	0.23633	0.09026	0.04611	0.04881	0.12561	0.04527	0.43453	0.33262
0.28366	0.28186	0.0447	0.68601	0.90989	0.07648	0.06743	0.23593	0.09344	0.04638	0.04874	0.12644	0.04599	0.43664	0.33065
0.27258	0.28134	0.04469	0.6888	0.91025	0.07707	0.06657	0.2393	0.09166	0.04621	0.04803	0.12395	0.04592	0.43274	0.32511
0.29146	0.28796	0.04427	0.68656	0.90985	0.0759	0.06759	0.23576	0.09082	0.04587	0.04928	0.12245	0.04493	0.43619	0.32665
0.29269	0.28747	0.04452	0.68245	0.91035	0.07659	0.06839	0.22972	0.09202	0.04523	0.05031	0.12735	0.04627	0.4373	0.33019
0.28035	0.29056	0.04384	0.68569	0.91124	0.076	0.06571	0.23409	0.09142	0.04553	0.04823	0.12595	0.04634	0.43648	0.33532
0.28898	0.29718	0.04498	0.68836	0.91199	0.07582	0.0675	0.23382	0.09189	0.04569	0.04921	0.12337	0.04448	0.43657	0.33303
0.28492	0.28855	0.04461	0.68498	0.91277	0.07582	0.06705	0.23735	0.08964	0.04472	0.04978	0.12273	0.04474	0.43441	0.32976
0.28237	0.27664	0.04392	0.6834	0.91311	0.07573	0.06634	0.23159	0.09355	0.04475	0.04903	0.12365	0.04526	0.43784	0.32976
0.28013	0.27721	0.04594	0.68515	0.91292	0.07525	0.0689	0.23521	0.09236	0.04609	0.04947	0.12623	0.04706	0.43863	0.33094
0.29433	0.28258	0.04398	0.6922	0.91299	0.07647	0.06622	0.23628	0.09107	0.0458	0.04957	0.12532	0.04569	0.44042	0.33595
0.2817	0.28843	0.0455	0.68524	0.91366	0.0771	0.06701	0.23405	0.09084	0.04693	0.04904	0.12526	0.04502	0.43659	0.33074
0.2897	0.29431	0.04431	0.68311	0.91412	0.07557	0.06819	0.23409	0.09046	0.04577	0.04997	0.12349	0.04484	0.43878	0.32761
0.28683	0.27473	0.04432	0.6852	0.9145	0.0755	0.06673	0.24056	0.09047	0.04736	0.04953	0.12633	0.0441	0.4366	0.32813
0.28222	0.29148	0.04493	0.68359	0.91481	0.07525	0.06667	0.23912	0.09284	0.04679	0.04777	0.12579	0.04641	0.43543	0.32586
0.28478	0.29359	0.04505	0.68754	0.91446	0.07677	0.06685	0.23229	0.09235	0.04511	0.0492	0.12624	0.04448	0.43428	0.32988
0.28287	0.28913	0.0434	0.68851	0.91605	0.07597	0.06602	0.23523	0.09269	0.04498	0.04861	0.12591	0.04404	0.43565	0.33006
