mass_1	mass_2	phase	time	distance	a_1	a_2	tilt_1	tilt_2	phi_12	phi_jl	theta_jn	psi	ra	dec
7.64516600521247	8.358265163063328	0.5130688688140974	8.950436623151948	0.7375018232815385	0.6750561300209907	0.5854397425427467	0.15314560674287184	0.13463330960658262	0.5157070869392587	0.5021323455214032	0.8231413305835962	0.5068600143560013	1.2934875468243745	0.6600965577240007
7.588943113954249	8.084691439900274	0.5187742013982152	8.611079910287613	0.7359588655710881	0.6687923247441926	0.5576807658781284	0.13983790492462053	0.12524587081638863	0.5146014665822111	0.5150996710581284	0.8097088635362599	0.5168727142630184	1.2367714476465708	0.646250071750341
7.464805780676869	8.673536677352594	0.5058432999262642	8.569908099864206	0.7309237649326782	0.6726948593415404	0.5612275126225625	0.1414093618556985	0.13718813148067457	0.5034108320058788	0.5123591147026135	0.8285916769738905	0.5111290926534997	1.2335921272904156	0.6649724792478614
7.450558105096036	8.285045811215921	0.5158694584676337	8.868612603545428	0.7380067419746011	0.6741794091079604	0.5632781472668752	0.13818715672147575	0.13747684660049253	0.49378016219760307	0.4994769324728585	0.8239508058536651	0.49871561301751516	1.2105159038797266	0.6494621043603902
7.367512399164541	8.11434426328504	0.5127059273918935	8.927401260919012	0.7367327630999281	0.6950595918917551	0.56444332618601	0.13857910073298738	0.13099896580175086	0.5130529519027215	0.4992543652798197	0.8195339468249051	0.5214821955681334	1.2479663025685015	0.6594958084919822
7.42343517671759	8.461121012317763	0.5226720199697863	8.791646906638428	0.7366329210735842	0.6738338950923495	0.5230487764860448	0.14497472989274474	0.14097565225729755	0.4897972249464779	0.49324896240376165	0.8163945097394608	0.49702144605583615	1.2382536314179564	0.6648610552707502
7.457950444044665	8.337116116455368	0.5097221015805579	8.769771061183892	0.7445084404268684	0.6773438599028216	0.5418531677551999	0.13808877510953207	0.13047745829879256	0.5019966891370213	0.4848110205752505	0.8319659031714239	0.5283340604610166	1.1951296679140144	0.635762197923136
7.47443171052498	8.20073125739738	0.5158015095981516	8.80569841261919	0.7492002019244917	0.6590425506105425	0.5477392698529301	0.1431698234359868	0.12606360470653927	0.49642888871528684	0.4907521036321803	0.8186494811309664	0.5162490752849352	1.204837474356209	0.6395735093926607
7.44366886776137	8.323659462208955	0.5135656222248157	8.695982710698408	0.7501948190342188	0.681041357494265	0.5352675063552762	0.14333891583056546	0.13005036560008115	0.5005306462700841	0.4906838829296166	0.8142436775600016	0.5112076926487582	1.2329505888262258	0.6389330372743814
7.3768517002721286	8.362831709017666	0.5035367514619279	8.752040223500279	0.7584332580890175	0.6655575057590125	0.5441717494928022	0.13771168279183527	0.1322909748371665	0.5021008486081827	0.47863133066675584	0.8131869918695676	0.5025683937850376	1.2163881658864943	0.6421014425760332
7.473783110281383	8.40812059612456	0.5150323705034874	8.917989371939004	0.751925979617258	0.6762922057389753	0.5421676467512491	0.13704149542619912	0.12613203892164065	0.51362142719764	0.5030753866636067	0.8163519133177977	0.511198234768418	1.225146803464542	0.6572170132815637
7.3581636985697685	8.438634869341907	0.524707484974775	8.898156180981262	0.7541535757101809	0.6674510041063738	0.547510515086481	0.142556068455504	0.12837734284450375	0.48564393818512513	0.512423872941708	0.8084768183169784	0.5279724725545774	1.2134666422122284	0.6561908776044787
7.404320564766403	8.405129379223915	0.5277081118828716	9.04533527150636	0.7461027331146345	0.6634650453845183	0.554389995310794	0.148043140789353	0.11813471499137357	0.4904798102185566	0.5055515249953113	0.8043038451039543	0.5212495025237448	1.207046527828954	0.6440656502791786
7.396073651576077	8.375728906583396	0.5243715388010715	8.728760906500378	0.7561807351817559	0.6588537581863497	0.5309642485871691	0.14957104876297736	0.1296565865819596	0.5268285513000365	0.5196164508835218	0.8278740294351536	0.5401451276036924	1.2169853372027863	0.6593607266506709
7.336225623764934	8.411126538446517	0.5077466231124651	8.855789435758822	0.747575085689152	0.6680876856363732	0.5547547252280216	0.14309613889190378	0.13711387705421987	0.4813352033387005	0.5103255201215953	0.8182678316762975	0.5195988408379221	1.2163773559084214	0.666692311190518
7.24823551540225	8.265608492261018	0.506016389633874	8.787221214766493	0.7434218117251322	0.6658053214347098	0.5383984833397051	0.13866714260203544	0.1304988747353216	0.4904269465625462	0.5033541088629965	0.8296047254948264	0.5163351280831346	1.1870167764841744	0.6531472558795046
7.38077018704143	8.299602839406203	0.49982128648722995	8.860543323012164	0.7381140636705141	0.6719274755201219	0.5339030175850927	0.14985432374952612	0.1307772984502113	0.484244760454406	0.4780024136661586	0.8240958575714841	0.5082380365608256	1.2208400749280075	0.6546688650019176
7.409551488849866	8.408732469386598	0.49436162610905204	8.7547987644715	0.7382500135594423	0.6792487292027188	0.5311144652949964	0.15089466074858118	0.13022803678181702	0.5096765319874076	0.49779133369085066	0.8186247741008434	0.5318762280624436	1.2375033089364054	0.6533871963616751
7.306785584628755	8.470520536218093	0.49888566743680113	8.787060616054179	0.7349017866400536	0.653783585412375	0.5471780392117758	0.1468662179555415	0.13288971573995054	0.49648674652287567	0.4750640095826856	0.8255867197285918	0.5117111160852571	1.229986037224393	0.6360609482434207
7.225155651618764	8.36011819106056	0.5020278554811639	8.911653770799349	0.7484077294041958	0.6611983998022439	0.5334507322904153	0.14519694225581467	0.12350566971702899	0.5017938532954214	0.5079406005505589	0.8154797382131049	0.5323849240550559	1.2103732930285171	0.6437996269018618
7.253809871558559	8.341072079636032	0.5157603574999609	8.67096548858336	0.7488751679405834	0.664388315510906	0.5394480415638541	0.1486240241153087	0.1336167725760363	0.4976167829494475	0.5055977149844183	0.8244388902435005	0.5148942486674363	1.2174718194470537	0.6521306937743988
7.277985479587423	8.366579714749715	0.4999903144599326	8.689611384629027	0.7475037822076801	0.6385275464020821	0.550272574919388	0.13814375855219468	0.13901687202268256	0.49572115061317606	0.49917524784763323	0.8175173740720455	0.5284862818466347	1.1992489209798607	0.6623102718002902
7.108368424144578	8.385520026740387	0.5028427304890953	8.767042185488778	0.7376134068315959	0.6752514192159136	0.5204820493493768	0.14934068104977039	0.13449714068844215	0.5041175670081057	0.48047799556342163	0.8171099179459552	0.5370125280710043	1.2386632628268548	0.6431642148572515
7.322365641498045	8.390776954643021	0.5288882815937578	8.773639669789844	0.7441571371115603	0.6643995207770433	0.5129420427033187	0.14035408184057688	0.12787285539506474	0.4997740498281743	0.4856070863275924	0.8122871069003835	0.5226631822393764	1.2382877076015701	0.6637720617666204
7.317950432067438	8.314777726129966	0.524770358120892	8.834052488186472	0.7428092080728943	0.6578085942129406	0.5227577169569343	0.13830285452159655	0.12420056095115797	0.5127149932316761	0.5000980772874777	0.8235956516029199	0.49614430547837085	1.229484006518781	0.6506127338592202
7.319710368959994	8.272846758223858	0.5238617443737982	8.758521333659672	0.7396558143314576	0.6721770686279478	0.5282088465895183	0.14340463104942172	0.13674728690816185	0.5077611431107694	0.5039440060824677	0.831486583515782	0.5170062663995912	1.1960045403194473	0.6385522821551387
7.181535837127683	8.35009356416115	0.5066371236956887	8.717090276609753	0.7336784747462652	0.6694881211841807	0.5306647123622896	0.14636023950427055	0.13235077896199557	0.49361465582882486	0.5011344338460741	0.8232277481429511	0.5265786222728951	1.1876408216087546	0.6860890672460283
7.261296724882826	8.285172474359975	0.49169789761045546	8.832818404742575	0.7313507621258263	0.6468043137921516	0.5270822898140126	0.13907537699285985	0.12601964900001614	0.4937291925534587	0.4955242307033496	0.8187546463386741	0.5228592604492021	1.2279884453971326	0.643483179018501
7.206980408513092	8.399250920211426	0.49505518613812355	8.694956153463542	0.7295286903657541	0.6578724790447351	0.5220022084198663	0.14259395557802176	0.1300150551474984	0.477192643574746	0.48514677692629893	0.8254890864068304	0.5138589783712127	1.223138339641167	0.6556589668363418
7.480073696260131	8.37944636832008	0.5153509130532573	8.739675940895362	0.7298780903122516	0.6596549453757737	0.5210809330874171	0.13959810499089667	0.12584222942011125	0.48158721245700015	0.496820331635571	0.8106909541208994	0.5307271314595807	1.1849005812187172	0.6533454675724185
7.508649213421839	8.346610624011786	0.5044660541897898	8.772309079411016	0.7456323835381434	0.6724248432482453	0.5083904508052375	0.1457966701218806	0.12329792232463592	0.49129623592619953	0.49873341274184313	0.8186973021035008	0.5240018586630427	1.2002747768411104	0.650978603991266
7.575277418350212	8.007103320297869	0.5133622421826559	8.732207621003809	0.7413999235401264	0.6512581021497277	0.519394513335646	0.15056331078178697	0.13182382408827162	0.4822904244392328	0.49680138130094886	0.8160743810823896	0.521698515799359	1.2074551797703468	0.6706543396896137
7.570553705931598	8.128319112195586	0.5127753212582354	8.625800313144929	0.7377384990895829	0.6592844665568737	0.5341802840048734	0.14716632016970854	0.13160137925346266	0.5082192130035522	0.5005734482943528	0.830906918781252	0.5216143744941761	1.2212718672455316	0.6422328090508461
7.449816482225803	8.223503590572687	0.5131677152315725	8.958459402850563	0.7400678497750747	0.6743891479035734	0.5562916049938398	0.1412772734775262	0.12228235363258227	0.5025891097635259	0.5136879874797908	0.8290496730031744	0.5078381548024156	1.2159301004888787	0.6468976236836262
7.339115894686797	8.172242225341304	0.5053134469035029	8.715725095662016	0.7490226700164507	0.6476000943620902	0.5338625541896732	0.1445827578138197	0.13084628672142895	0.5076459850222405	0.4848093390443023	0.8398008714629436	0.5231201131581026	1.2210890751263843	0.6549676275262045
7.283070734348035	8.272158497572006	0.5097631637972891	8.758371807236058	0.7563189762414141	0.6501033103013438	0.5449933875033821	0.15053308178987654	0.11919600059251312	0.505744082949169	0.490121029756845	0.824903176587419	0.5061424116135197	1.1975606068132114	0.6456582027602171
