mass_1	mass_2	phase	time	distance	a_1	a_2	tilt_1	tilt_2	phi_12	phi_jl	theta_jn	psi	ra	dec
11.835774071653953	11.44296246856992	0.5178206513933885	10.149315272042767	12.186701289236252	1.103341142718977	0.9508319654977806	0.29846697887359175	0.1877262185110375	0.5109399672842483	0.53174501503755	1.451858458788202	0.5097363058347174	8.302993607237926	5.5707736159438195
11.782492861109487	11.17723622667074	0.5283382099466846	10.493029550053551	12.221274001639442	1.1072610493630695	0.920660511991848	0.2970096548715743	0.19639528886381277	0.5277559425935987	0.48291629432915095	1.439010522033166	0.49965248371528287	7.962932717414327	6.042455052417001
11.823455368315232	11.194035953948655	0.5104393323439037	10.068325565223978	12.136480833027653	1.0922422833726757	0.9113937360604539	0.29784531493353744	0.19787363647071748	0.5058700638773548	0.5092600314614908	1.4488852204486213	0.49553311230508745	8.01429759698301	6.0736590466001985
11.822024167402782	11.12966928511227	0.5138532121416493	10.068365003923216	12.089305032107205	1.0706076273131346	0.8955424248342572	0.31051717162485853	0.1778878335526817	0.49953209982280133	0.4950048563020855	1.4359632808911034	0.5014423744611672	8.154707647583791	5.6885254742159725
12.107872279332673	11.182371728565442	0.5263162655733412	9.69578653408763	12.084719307967061	1.1040522467783267	0.8833120622614997	0.3017342853971176	0.18734184473743837	0.5079056912556682	0.4909932183267766	1.4433470039652039	0.5078197891924751	8.414066691592279	5.651018921789462
11.734150278752896	11.22119455635863	0.5073006589294727	10.130433859946955	12.16011079848223	1.092181150925632	0.897646927451802	0.3087453777213749	0.1899561263954768	0.5114765171807386	0.4873636313029357	1.436623088417806	0.5232689008127647	7.9686513236740995	5.876048446963459
11.761146181228856	11.642230086062707	0.5098471230859715	10.194409516186669	12.065117144550356	1.0848015636155794	0.891830208077983	0.2955779720473782	0.1826303578971278	0.502053486384656	0.5012130411412662	1.4569885243389984	0.541550895652457	7.989129688349318	5.857174769914878
11.790958563538993	11.541491328505256	0.5166670951810048	10.141323062101526	12.021256609086482	1.093397578760874	0.9238263865755731	0.30127926631238	0.18444980518178344	0.5122426005692515	0.4957633242566432	1.4287725250853787	0.5221478274151389	7.9344632207270545	5.737297187155316
11.741144969405077	11.23118908981539	0.5189815730968054	9.90605228948965	12.092518176820683	1.0744637374436463	0.9107929782906851	0.29158466321866033	0.18849195289867657	0.4934528111611215	0.4909603144421567	1.4358228789897713	0.5322872160143243	8.027301854111451	6.016324817490708
11.835513537374961	11.095448662694356	0.49216331910065203	9.933012141804289	12.006279957187823	1.0955254160845453	0.8994387072869695	0.29502200664060546	0.1860379127346915	0.5071367959789049	0.48729578181255984	1.426581179899143	0.5061775217879649	8.348796977336434	5.856853795888413
11.77939245853228	11.293275367972992	0.4934568798733582	9.85522528073142	12.06443962551826	1.0651521245888789	0.9159087941170453	0.2942896531264624	0.176805523808029	0.48517042330619653	0.5155516414899083	1.4459034465715839	0.5241624036741288	7.992599617562377	5.903368346512842
12.007991864921566	11.132001104275089	0.5130864674754813	10.117655993020804	12.0371864013929	1.1024870497651287	0.8863123836605367	0.3006564228425113	0.18260530281239234	0.4800112212834108	0.49204005084211727	1.425022723923743	0.5187248012963833	8.422342553210726	6.0189556653912115
11.897102286446016	11.649635801081272	0.5157064603719212	9.99380526067347	12.08805670861239	1.0846104149430709	0.9030611619898056	0.2845031170651151	0.1834820661750753	0.4761282553348927	0.5036359818509554	1.4179563930435033	0.5427272111218938	8.197267222165648	5.8771456696026965
12.188493952487384	11.466408099720141	0.5267331644815486	10.168076604739694	12.057113567974696	1.1237379067341555	0.8744934683152983	0.3069746272995727	0.18346040165506391	0.4940493331614071	0.5079127927643261	1.4528101299657767	0.5362905875853772	8.18554016786669	5.8359830421283325
11.87180442673417	11.292400272347754	0.5221222763367055	10.198148208440925	12.065129963024685	1.0760224998774197	0.8735309362865854	0.2947708661535998	0.18342831251457448	0.4952231756405333	0.4894572304126533	1.4583340226104315	0.5332463003550216	8.106247966618037	5.94262903577805
11.741720490521068	11.28225699696186	0.5231307474135225	9.897260243938309	12.039840002615009	1.0747108840337616	0.8997983362952476	0.3011723099456394	0.18702911701241873	0.4968277806084618	0.49465900581423794	1.4393258829678437	0.5131037868917308	7.936677070094124	5.883687751056661
11.929217363421015	11.129263978830695	0.5247228928066398	10.359116133611044	12.094628178546241	1.0674067239181688	0.9131641348033875	0.31074295307399447	0.18450615319809524	0.49207456256962007	0.4820142825662517	1.4462207670173843	0.5200680781362371	8.029923153268328	5.832653731854501
11.790832543789454	11.386784233590221	0.5071439398279601	10.132477923392225	12.045065551230266	1.1075569492007136	0.867001520007129	0.304224241445388	0.19727818093182292	0.49794772849251584	0.5097693368842872	1.4378389237669171	0.5201405888648616	8.087672949184379	5.9224110049920755
11.825612137552577	11.450453383415681	0.5157081250337144	10.430432398311025	12.000713310742679	1.0678993046475953	0.8942434559057989	0.30614166874855586	0.18796920396438546	0.49174241708172695	0.4975323168493101	1.4537856990632358	0.5266254835685724	8.318138504625109	5.944532206676033
11.963874504120168	11.130136574328311	0.5150459507631739	9.840901382707816	12.063495646653864	1.0684403784496483	0.909492814487339	0.3026732712084826	0.19831943456693973	0.5004986605937869	0.49784859710841783	1.4504088882077082	0.5198886884472572	8.019989653460115	5.918950528033216
11.70394690313082	11.141415142294015	0.5161528297795173	10.011779298491339	12.083018300657853	1.0678747648798557	0.8937466188287229	0.2953965571831175	0.18595453546362994	0.4998010452808674	0.49781002085587656	1.452666851065782	0.5191783690833057	8.202065146402267	5.862440563129433
11.736276894098141	11.137308005667784	0.48984912236370975	10.274665801544115	12.050985166606088	1.1049155029694684	0.9103606494283181	0.30355470888072256	0.18338170720829788	0.5068775340977755	0.5027423120385138	1.448254992906792	0.5228039866637364	7.93309034519902	5.8453866231434075
12.061227033559875	11.486305140585227	0.4990676216160234	10.370007439624276	11.949832637665377	1.0894818159697184	0.8866257659236507	0.2940511146667438	0.18214020593617378	0.48357167108600796	0.49775024416697056	1.4478092948791548	0.5163858848291077	8.227509690061497	5.852136629801391
11.971698375187481	11.316626729945494	0.5159017806559995	9.931140173760214	11.972862638819477	1.0902367268155904	0.8632095459313613	0.2878556726149198	0.18585165714799076	0.49367114018004565	0.4939061733372349	1.4329207628340555	0.5301317870515011	8.007324876632213	5.825276441323049
11.720737600400833	11.290361278747852	0.4932214496347592	9.996658171148692	12.008063332253217	1.065158476190123	0.8737562951944002	0.28938190672644326	0.18752264870162	0.4763601413371399	0.4903301999047665	1.4329111640040229	0.512872022844822	8.282719987978732	5.780560179958701
11.773418658114121	11.333257008255316	0.4920805851760914	10.014433776494268	12.011196493877664	1.0853942429984655	0.887210333923012	0.29941467235085933	0.1894968078007353	0.5011302282160307	0.5061902542036731	1.4438935916072584	0.5333619170046736	8.082805838629278	5.883721008335921
11.704570589549022	11.181226908688162	0.4995467646267542	10.185933161937934	11.980664996599758	1.0589881421114142	0.884045765237128	0.3001111925563162	0.1928771065422185	0.5017685518504869	0.4983582089873214	1.4542480006790677	0.5335522921923067	8.343626912082163	5.878234791886728
11.775900420494239	11.292129825962903	0.5025172224635731	9.975703429719829	12.031687873319541	1.0575315670642014	0.877822552358364	0.3011109029154261	0.19293374987708412	0.48864386496323886	0.49945335053797546	1.4548079879693592	0.5251504013941108	7.962564980177484	5.954684023284334
12.049552235430104	11.182039566461809	0.5029635846233974	10.04580504083695	12.030410396789003	1.0570733098755767	0.8787088219140444	0.30273919410469174	0.18401137286115557	0.47954920558086145	0.5182110007191434	1.4260557729595513	0.5205880182913443	8.230127628865226	5.916259814886811
11.83834625723315	11.334043252865477	0.5114540634800576	10.109563662319374	12.007499618739017	1.0403936243792027	0.8844761712016718	0.2975660960747146	0.1839749286265413	0.5037328924580049	0.5100241426585137	1.4380341470930948	0.5373312783108216	8.113703562209226	5.845487143124588
11.685048624625816	11.15281482770538	0.5005202781215279	9.931736069578585	11.949324707387692	1.089195529986067	0.8628750363140958	0.3054581547327345	0.1838804034050686	0.49341739735863044	0.4859061797115379	1.4371289777414984	0.5006437764916456	8.10718574976497	5.999324512122274
11.63464051795313	11.037366234482947	0.5127007313699952	10.314875955837694	11.991660599712224	1.0690748235044683	0.8802186648656741	0.2931352744432966	0.18362576462200372	0.4813288326380986	0.47216033740012237	1.4421309001279732	0.5387966025810991	8.14625493866185	5.995962287008947
11.945365670489236	11.187933701461679	0.49343514153759105	9.96112339354984	11.959025733981314	1.0646279077633205	0.8695549890417995	0.2967927639765665	0.1910215661958225	0.47541167748844443	0.4928132360347999	1.4503595474824846	0.512167407600042	8.060468674813642	5.930890291379344
11.851860063290507	11.315058658306771	0.49380558367511485	10.223762498428652	11.898538872617225	1.0798375123473236	0.8653521436593005	0.3157957141474016	0.19004481478421098	0.49944680678849085	0.48124080809972675	1.4809739975750162	0.5214977387211348	8.396602260871278	5.867658242899412
11.659582982499773	11.029364335327825	0.5204881410036094	10.10385160757682	11.918585402679241	1.1104288174010288	0.8850922158637418	0.2953712282280142	0.18507988303887601	0.4856323046812875	0.5049522393194931	1.4426866428633156	0.5114555885473793	8.018794637740159	5.955705453966146
11.67458232850538	11.24394104074018	0.5078828797426296	10.020679162069781	11.919060908108035	1.099701108552109	0.8729923713940871	0.30682684291134416	0.1898534563705258	0.5051072898415768	0.4816597198239351	1.4392826688576965	0.5089640382600492	7.978570481732357	5.974463733902296
11.909376826901099	11.321805788115666	0.49605045719146496	10.150597438661043	11.856257104022879	1.098346702898291	0.8876499850352495	0.2983770530526628	0.1844299617707391	0.5058356390742249	0.49864895113936614	1.4369051926701204	0.5327049660647838	7.938826413527641	5.927400795046641
11.792288770636919	11.409189649349027	0.5040916939479171	9.793010985228575	11.92837047025994	1.085014196137946	0.875797714428456	0.2957758037236409	0.18435667521567073	0.49033438947183966	0.4869425320522121	1.4382207983745816	0.5334661724825596	8.318154840448926	5.829829059956663
11.676398737534846	11.009852954087345	0.4973655364775547	10.053021084544552	11.871788897452054	1.0531788623906628	0.8694179635149951	0.30152482992286955	0.18736604887199632	0.5045345810962862	0.49790147704721405	1.4536460979563728	0.5047595159192222	8.18146080993878	5.98763957664637
11.663704027540168	11.486358474644074	0.5038413775606173	10.05033277998852	11.845428516642212	1.066820804137413	0.8795349378167308	0.30723103102330507	0.18025989087610783	0.4978725014797204	0.49221476892404775	1.4312019731171772	0.5281175024934557	8.029017754095316	6.02028256582039
11.95922897209691	11.031938581912918	0.5130447953308508	9.979197634251356	11.823530107209153	1.0477947834444392	0.8918513765021053	0.3070287560531146	0.1902150905702389	0.49793020290114454	0.4853328910620688	1.4347029372254552	0.5255401547470792	8.375983246348078	5.914265039568466
12.083466578015083	11.045002977894333	0.5146814862825081	10.170393801618365	11.82424838215526	1.0606830078901421	0.8636720085437427	0.3141518529906488	0.1870946653596549	0.4960881075521134	0.4849386061023553	1.4317579420206121	0.5284455989870521	7.982292764133238	5.848377641296631
12.01507858105334	11.471363713156848	0.5043812905830607	9.77658533350049	11.847756388266571	1.072512506945599	0.8801685182311603	0.3048575677000555	0.1753135123114355	0.489307739811003	0.5106879728070166	1.4364383444993625	0.5339087767706575	8.137376737413206	5.898614564526745
11.753888156272822	11.028194095741362	0.5018344900331403	10.185435671508163	11.78558657150913	1.0666089754442474	0.8879750624091806	0.304001488788283	0.18211789302189282	0.503582664927609	0.4972497059955006	1.4324945212503686	0.5203600774834454	8.296867470615275	5.884256090892671
11.62030621005028	11.30688019971957	0.5099110885790942	9.968777917337883	11.81667698658731	1.0466903229496658	0.8703035839242913	0.30141050422320503	0.1808053493508473	0.4983427752393171	0.4953176359490864	1.4288457683326632	0.5257105123474983	8.027365687880877	5.822328688741912
11.633823955336362	11.227755434205793	0.5154726359299421	10.12228987308308	11.787052574704388	1.0782364873925718	0.8655735856065285	0.2933821530469237	0.18227365706875429	0.48696794389447096	0.49043688842553657	1.425846758322108	0.5446698158366203	8.004953410507296	5.812396879325779
11.826509503180578	11.06385944259584	0.5170264719327426	10.052770853227232	11.758210912285511	1.077633422435137	0.8619136836626743	0.31130329575339694	0.18628289609844428	0.5092218903202342	0.5086541238023748	1.4526369390761826	0.5229909544966604	8.13483206094154	6.025406690538779
11.93337863997039	11.26209829440371	0.5107070693416764	10.063063539019582	11.74733085562829	1.0567217721097628	0.9065631060510654	0.28843716181167744	0.18830503088474856	0.4870272337148107	0.49347487319169475	1.4461539280559432	0.5203603582846409	8.436872729466046	5.927571145819821
11.769585748263431	11.467349049974548	0.4970022704425571	10.489785830116464	11.780611009969897	1.0746292763337424	0.8810782693892589	0.3161801088677388	0.19178692597270258	0.4913028903595064	0.5113464662320907	1.4200997524858723	0.5100707879712074	8.39438338515874	5.863145184911325
11.800734096408075	11.453453036792492	0.5022053169647989	10.068945980396078	11.76851464744665	1.0410393393318322	0.8799223092400699	0.29094866615819964	0.18470567879836702	0.5166376343123544	0.4877607443534249	1.4433061130298181	0.5437328160417482	8.19168660991141	5.911245401576773
12.012770625876295	11.295632822892848	0.5119387473434776	10.184859425143012	11.793703248049491	1.0681900504889277	0.8801202253733356	0.29747139884371954	0.18020879712206478	0.5095972221246784	0.49226531546891716	1.444136057221234	0.5148255035847638	8.05947414374722	5.9018178121799085
11.789401805982239	11.401228335223708	0.5013216468608528	10.367229524743406	11.760204970142517	1.039202236995189	0.8774557727753097	0.30784024797932336	0.19047861036328076	0.4964685660859897	0.4988496398225227	1.4416940534534328	0.5148023563460338	8.127454226080975	6.034010730588529
11.616044442565602	11.080390120973556	0.5054151860194913	9.967991222227845	11.753415740959316	1.0733657106886978	0.863275260419059	0.2977993268258571	0.18549686200035737	0.49385200132385526	0.49229491141674886	1.4532273126495223	0.5112500197577794	8.32253096161786	6.055111989092093
11.688164495345168	11.420679242112117	0.5279597560102762	10.068147007361448	11.75026316902541	1.0937114270707908	0.8476936356602273	0.2967978641603662	0.18769141723203492	0.5085896079272065	0.4879311111399522	1.4255761985939692	0.5180952555972067	8.226070724363558	5.929822992078584
11.674773566810272	11.259366146737849	0.519138651568956	10.149620929135017	11.791659893080501	1.081610194571401	0.8929657025170298	0.2944486175274274	0.19672661036110356	0.4833876501908816	0.5056109446133035	1.4565841849388463	0.5194394648949651	7.966063502689249	5.804200951631692
11.681299516178251	11.454730665500765	0.5036514165652711	10.21706749307695	11.71619688494858	1.0709637814747281	0.8562899475062126	0.2982570101838623	0.1919704285623196	0.48435953900825657	0.4993370451076696	1.446052157739862	0.5152869943887453	8.29120572348931	5.86000845872294
11.70772711242057	11.487812238768612	0.5272079722033644	9.999031739238768	11.741267415456772	1.0391487787509501	0.8784131192730101	0.28922867139071157	0.1890863890394996	0.48629885486177143	0.49742238451511256	1.4126642341255822	0.521388424474355	8.175619909117886	5.963978944553874
12.010211083732655	11.064086111196538	0.5052961501460899	9.93733074444696	11.649188740400739	1.0630661608094876	0.8566070269649853	0.2965315785946072	0.18769799071800258	0.5106906358039534	0.500958187864762	1.4300725283867382	0.5104261422785422	8.074293473291139	5.928970775303659
11.669858084130377	11.487658756589504	0.5074709629811943	10.048132704931561	11.696824937490478	1.06038350071904	0.8569067778506024	0.2967355818188498	0.181912788079637	0.49183270947071206	0.4939267871830395	1.441939743367749	0.5398255292435461	8.34505845419886	5.8381421852584845
11.7199516588453	11.06082855717478	0.4994186373893151	9.845920860213777	11.634779331725255	1.0503221677326244	0.8648933012150045	0.3116228927240733	0.18077514383959992	0.49444253905063923	0.47968105046049675	1.4316034814477423	0.5420094287799764	8.334988494424156	5.839057941158613
11.680276373017694	11.343776752041638	0.489546784886156	10.207754285449772	11.762493326296955	1.0592419652500942	0.8804367549514777	0.31549141357183114	0.1874872085627643	0.49799765595386125	0.4903364202588216	1.4541948219926721	0.5327023053770653	7.9950470228809705	5.9274584228533715
11.624916910686611	11.275301121936925	0.5091128758278423	9.91705999425034	11.713111419119397	1.0354308841777957	0.8672251462569062	0.3055295374536289	0.19444614245022074	0.4913340957610004	0.47744871974904884	1.4551525551442717	0.5048296193708991	8.136770770969079	6.06457627752624
11.797450426433164	11.171301387608992	0.4938145982449546	9.986375186937654	11.65868062931987	1.0495707996924717	0.8609114348843654	0.28624070347805397	0.18686870054320837	0.49172243418957573	0.5003664251705894	1.4504497145892874	0.49735347804999963	7.984679259568984	6.003784071188064
11.906872307059812	11.16309311222639	0.5039921408514586	10.132957724786461	11.68205243841458	1.0562194013487378	0.8641221380828588	0.3017787372429265	0.18507507759127445	0.49386526737758635	0.4891799389113334	1.4304090785546704	0.5119911639793363	7.892488724335745	6.040376930471451
11.697290954120502	11.44463423816478	0.48667613572494695	10.49150424890285	11.73263650797515	1.0522398860392195	0.872143526887925	0.30190799024346543	0.18258289231422514	0.4949339126136136	0.49032875997390946	1.4332251894641312	0.4974639031512355	8.009909428982949	5.882331957559885
11.676586678691987	11.385711212443377	0.5074221762096981	10.014072995383982	11.699409793519623	1.0430128504188956	0.8597348973531997	0.3032769457670261	0.18693295228816798	0.47868380430829327	0.4970715078677164	1.4371392038025315	0.5164409999597483	7.940681694703129	5.798525391555961
11.92945971068726	11.057100178762367	0.519157574739402	10.147292061303524	11.654521300302571	1.0471328397269364	0.8768606130300067	0.2971153376267104	0.18784261145124584	0.4867502223132565	0.4941659003018984	1.4347452068598863	0.5184067051442317	8.374798181265355	5.976648839072863
11.784274664902274	11.16122842844089	0.5152250527098381	10.208612898006729	11.655149891060903	1.0506546307255082	0.8884092226909179	0.29990356609336516	0.1814078099099685	0.48701190935787225	0.5045818792616381	1.4218273361636156	0.5218644334895906	8.218454815866494	5.958578677670793
11.692780755207004	11.51061887717754	0.5090156615661545	10.155966371920877	11.664087960048777	1.05445988968866	0.8668602311055356	0.29890635449278513	0.19933093491771647	0.493219040609374	0.5034066800460419	1.4313822686343662	0.5333789950110114	8.283155206904205	5.885560393726412
11.603700647875964	11.308083152741244	0.5096151677412956	10.03971406877354	11.642737099665041	1.0666884414866074	0.8791325739806483	0.2875803941137941	0.188558075094509	0.49378681948285336	0.488988328408631	1.4347148110194072	0.5096956911175968	8.386882591890005	5.809451487269122
12.181922260070682	11.565169077763409	0.49794610481117596	9.728668404187042	11.62150648775739	1.0531838749010196	0.8577433751110995	0.3052322469090919	0.18116996686026918	0.495603876021043	0.4901022460476973	1.4290207180688315	0.5042156715838653	8.007855130711917	5.890020581256761
11.887779468703725	11.55550499890067	0.5072011779558759	10.136747820848935	11.63369221174527	1.0554841252552656	0.8722940191593315	0.3013001392465676	0.18056665708214464	0.4799350219603978	0.4826691387884516	1.4425866584897393	0.5089102490686455	8.138560767874887	5.949741980006562
11.88976328870465	11.503005306569554	0.4906376996408497	10.00311891479227	11.630364695719809	1.07130665672215	0.8626559868820436	0.2924898012677513	0.19325905856601408	0.49064884521919605	0.49529874387837125	1.4202771405582524	0.5028970752286938	8.061186221409383	5.953222015996143
11.92034697373959	11.450028879044343	0.4990315774529214	10.195557936110347	11.605183048057922	1.0599913411452282	0.8633216416349698	0.29430600811088725	0.19771904776288982	0.4842567556634369	0.4887719704887056	1.4493504826964125	0.5030434120887297	7.911209251498598	5.965570829177426
11.711228758878928	11.442928828730158	0.5177563817006082	9.850078440031885	11.653149468530879	1.0565535990585941	0.8734568793338751	0.2926392805153542	0.1793159616158627	0.49462522701212	0.5095952546351749	1.4329314655391578	0.5341738945042053	7.96180147401151	5.919277138466504
11.90214338510277	11.151784070826988	0.5020408020642909	10.141180197462566	11.657614676527572	1.0203833743209594	0.8707125441672997	0.3008673185966252	0.18550414258929143	0.504301140785809	0.48955894469265704	1.4394797558198267	0.5170831929521986	8.202931750717578	5.901405193114047
11.876764882621451	11.459358091030916	0.4906144155756744	9.842222374529674	11.614679368415672	1.0601814818370963	0.8511962794732143	0.3051464909125008	0.1894536927851746	0.47434627798395507	0.49752049458040365	1.4399455347837458	0.5102094316593515	7.943473136294604	5.9104058587242525
12.055361935947989	11.173458642692934	0.5257562610952479	10.255222367323354	11.574848566536971	1.0613705465523013	0.8571307993953483	0.2931511182857169	0.17601565097996874	0.4863145388051126	0.4940282176815687	1.4545662847645733	0.5082480471923013	7.971048776253331	5.895293541024124
11.661829803519803	11.591204064190233	0.507748274171885	10.164695041947798	11.567577764328123	1.0670105134739445	0.8381913671565865	0.28871887444201233	0.18961504700385282	0.48648273031914097	0.5045892869365696	1.4522181101112313	0.4996727722828637	7.958424449843306	5.8404869276121945
11.84637555772802	11.488496430406828	0.4901955169791583	9.839057952625877	11.573385084226533	1.0857658062451703	0.8713579629493512	0.30933405506945355	0.18977906529154542	0.46647749802500377	0.5126724031977812	1.4441107571614613	0.5115476626765436	8.054928299666507	5.940961087371946
11.865888435546891	11.161744681443853	0.5040039168782349	9.91423370714795	11.580865201843244	1.0487844450562698	0.8639600278515106	0.2962094336818872	0.18307449379099286	0.4874361985025548	0.4932425500835791	1.4413109271084723	0.5234011193876763	8.099967940932983	5.934099508750824
11.740357650885729	11.324982151988936	0.5064121986989197	10.42431931340099	11.623426347982916	1.0474296579142004	0.8682748393139642	0.3001263290424213	0.1948170672061227	0.4881471001741889	0.5023436744388686	1.438482683183782	0.5092166484657235	8.249305215157625	5.933942551979745
11.655004736539846	11.384812326293439	0.49343595898528414	9.74212344281914	11.610307089045344	1.053834396230617	0.8491477101907137	0.3027514439833808	0.17832239082527465	0.49485395027766543	0.4771056788514798	1.4362575120304366	0.5104093166953548	8.21450613635073	5.930743153964761
11.626592847818607	11.095124257825743	0.5109397542281808	10.151192472168148	11.541114580604162	1.0580283672487976	0.8325658460966736	0.2931682761621698	0.1880865675740799	0.4918360265213301	0.48567506431774327	1.4528699214144798	0.5010238371837888	8.26706200182867	5.903354702821236
11.691506889913926	11.279855424353345	0.4988898708899074	10.177353777398963	11.587236108827673	1.0635754873367043	0.86131608288664	0.3049653294533392	0.1800137415881033	0.5147962799741906	0.4980349678779166	1.4451812221270215	0.5181478428574164	8.026569660232099	6.034853151540445
11.919222021902717	11.161444516022076	0.4934214725407076	9.952004062303935	11.581446927233959	1.0691575087077418	0.8692681883566539	0.29748052713687506	0.1795149996183316	0.4796505968796942	0.50398648884925	1.439170727601133	0.5216204094682022	8.229703046920571	5.997576033083944
11.68857113399151	11.184101947156119	0.49164607891762013	10.129578232863219	11.555786580555736	1.0429545012096186	0.8853057121610052	0.2930874171699375	0.18858747077847526	0.4828719547165062	0.48780526939966434	1.424686998733117	0.5076586661832821	8.30895218590178	5.8760803730844575
11.934035284492007	11.490850920955594	0.5036540949673963	10.239639311921742	11.51455558775029	1.0621719808730201	0.8644101810201744	0.3066103022980661	0.18972377664984585	0.4746637934619174	0.4912908493967347	1.4368382926058356	0.502461691428804	7.996950016419465	5.929507801985298
11.641309227445898	11.248763549716712	0.4933021536303584	9.8786062824531	11.614448613684909	1.0632746681424043	0.8498616921069525	0.2877976112581829	0.1794968162655346	0.4684336377210235	0.4980116697704747	1.4426891494054621	0.5085659361222353	8.081748358422024	5.858229528313636
11.846525212036084	11.382064672014403	0.501090473250556	10.236834317859202	11.59075161846512	1.046879928503106	0.821842769189887	0.30371782615780796	0.1769415252398654	0.4772243352557103	0.4893829841091612	1.4392295120319722	0.5172400614861352	8.084015227010063	5.889326257615893
11.784906634269275	11.595459208850746	0.4831104205097826	10.075382852297889	11.622157986963794	1.067092417442643	0.8430289099306406	0.3079930146174068	0.1836317828132448	0.4897327504040832	0.5055712573243007	1.4376351943852397	0.5027451722939028	8.333475147862885	5.898276627838909
12.147182342536178	11.33765914094201	0.5218763909205039	10.170944000747266	11.592781826008629	1.044700995082351	0.8310806503111421	0.29245163026588133	0.19294326886473556	0.47985418228232957	0.48811436954189197	1.4459190519251588	0.5327025915272952	8.008625957662694	5.95555079358242
11.715256146396083	11.768167031170035	0.49476427244762056	9.669065667671456	11.668874739299275	1.0675240673205462	0.8614896821713302	0.2818159534042062	0.18959215739197935	0.4790371208396249	0.5079465815738322	1.430940439036363	0.5166757168639422	7.997972264653587	5.9526382527958726
12.10675066959109	11.147757686422667	0.4899343545650275	10.144749391893452	11.583562432817358	1.0533431155385249	0.8736714950287738	0.2789101628086728	0.18727269429749246	0.4711678695235372	0.5031430482908129	1.4362838015005484	0.5019827397984935	8.098537350737404	5.905589021714417
12.0084987459827	11.378679109919993	0.5044266420670174	10.374136594835655	11.620665685940294	1.0720002756673228	0.8253761790762638	0.2917660205706561	0.17831336005029286	0.5035047464258341	0.4979872847414429	1.4290406311413055	0.5121703766852929	8.144434239418612	5.817510703064782
11.864637883922285	11.530888392887716	0.49609022754762794	10.0651701517851	11.523246796425957	1.0600605774404035	0.8538961662174482	0.3004496673808079	0.18646991023154438	0.4653431202772588	0.4879455428351928	1.4387347758564057	0.5181864924934915	8.110256869378205	5.865410670715273
11.91506704502591	11.106578774066884	0.4715930060031496	9.94009129921918	11.538926884113087	1.054320081031804	0.8654129943491677	0.3037451680820007	0.17807295493474032	0.47513924370296157	0.4983450710618171	1.442616579299026	0.5284312339065165	7.861427676980766	5.9184142216824975
11.786447167075478	11.435515693098086	0.5024642021973876	9.935877157232342	11.611778109259847	1.0517821854117346	0.8642464195157132	0.300943121845767	0.1942370480438949	0.4840901537473944	0.5049953642989612	1.4343387741610736	0.5293902472640472	8.244538778687875	5.922471075590486
11.653180360847783	11.18830896702767	0.5064129645155475	10.249968916617958	11.545259437752513	1.0791421279903486	0.8546647638184177	0.2824575528404237	0.19316485962743116	0.4608047105304431	0.4937644441297135	1.432750419260105	0.5135203524307324	7.902324708142562	5.9447609047005825
11.95553122235037	11.079125831424127	0.4968257876454516	9.996547577450368	11.52583799190739	1.0746057507597786	0.8608884076549563	0.2971868779175364	0.17967491562435484	0.48308113772899297	0.5036367811779859	1.4477810755547704	0.4934988562299173	7.968883165513021	5.964415954961689
11.929732441162384	11.344783250355922	0.5059201692440592	9.953639464382467	11.60717591783693	1.0664697449502365	0.8807194120647918	0.3027442870413822	0.19025404673232243	0.49026479148309815	0.496512299909134	1.433843691778457	0.5105262937212012	7.907275908880912	5.996313551274023
11.679731272269533	11.139187828357466	0.5010806509151744	10.156223423608662	11.511943714692043	1.054988542184532	0.8651469824026197	0.3057913754022189	0.1838982650178372	0.503771452641214	0.48058856320203663	1.4184461662953087	0.5042093080266634	7.838379459690816	5.8851973289518655
11.991543951200251	11.532335945153084	0.48790989207263347	10.278349544520507	11.565872377741128	1.0474660046645032	0.8716449112806549	0.28934072539187383	0.1805482994154855	0.4856365481963005	0.5095998323670616	1.441900213050953	0.50019211536024	7.88263130849361	5.988140177770183
11.993404103607162	11.297412354077105	0.4807578003785449	10.010142125464164	11.57133437170585	1.0734630928781606	0.833385144840675	0.30863472515841434	0.19133181997168197	0.4884221430416529	0.5009156796851796	1.4481372223655908	0.5207604143798533	8.16618584276879	6.0575435913973195
11.638773209003569	11.577250178920004	0.4948011323227038	9.913895814419107	11.482163220835114	1.0453718862364738	0.8532220271808625	0.3060058913109817	0.18476043746729365	0.4777314408143729	0.4845339973357305	1.4521887664971358	0.49467217762833776	8.074726654360521	5.928102808639879
11.780763559837292	11.539938486857489	0.5021337537917516	9.92913522160344	11.585770742535333	1.0359939360860912	0.8554306544525595	0.2789819495354329	0.1825187807159684	0.5074250463003624	0.48460825121371764	1.4407737433857397	0.5175724790739803	7.925361161112362	5.9503384047696875
11.862452026255754	11.443877123629184	0.49784462125964285	9.712339477531202	11.609367389297569	1.0519919432985432	0.853291671250156	0.2955274016412146	0.1840629016621941	0.4875960843200513	0.5177856417856652	1.4356184194386816	0.4877367742180368	8.042920386599848	6.051711089427035
11.730576089159259	11.42638186809793	0.4792166774931511	10.05242324420608	11.618054328773152	1.0374910098898609	0.8598066643980952	0.2912221718703239	0.17885634418881932	0.4892439227952673	0.4865188023715318	1.4400691492965099	0.5023034213288634	8.171346334531714	6.042080017039501
11.715751005528354	11.129495055385012	0.5061110870081968	10.092726161993847	11.588421108843344	1.0596904068815878	0.8602733272201856	0.29950580882407074	0.19018392205308085	0.48763214943084365	0.4912256471823082	1.4534876020412848	0.4890205997893459	8.13218342741931	5.912030634233333
11.651353466415362	11.07492355054506	0.4885137457548633	10.098151019788459	11.559885091203132	1.0369177433605674	0.8499650565131935	0.2919583976767843	0.1847631285177097	0.47656279577680843	0.49287086554608106	1.4540224176889538	0.4942762531918853	8.123424291938246	5.7951431777737845
11.651915428619938	11.478190520499247	0.4903599509259445	9.985511604348437	11.532765723338187	1.057857175222585	0.8438515391940817	0.3038234999959077	0.18734281333736566	0.4885207123060877	0.48749896055664665	1.4374239807712987	0.5000873830503689	8.002664045938596	5.704925624871628
11.758280318442859	11.177855500832552	0.482730991633012	9.898973139885397	11.505794549118338	1.050250169639996	0.8520526528155606	0.3124459293880207	0.188673577185609	0.4899380532569249	0.4923460050954862	1.4425076214776362	0.4854823714941616	8.047802590419888	5.742361501260559
11.703503964941476	11.555912419302231	0.49174486132954964	10.140987410439259	11.552467994351103	1.0592364523416544	0.8433580096031579	0.30824950920116273	0.18614662219072373	0.49542630202361987	0.4940957648274222	1.4485680212183571	0.4949593961550327	7.969235949116158	5.874521738003037
11.800470812396542	11.22284912223186	0.5050488020628077	10.510413842457845	11.59599699899436	1.018922529215014	0.8674478527071354	0.287667062326833	0.18562539945262363	0.4635860727096551	0.4635631048731521	1.4487753866400936	0.5073086617462743	7.830634192475633	5.888770274246769
11.719049287246328	11.495189371910438	0.48557667516029746	10.492069369684895	11.567507113163341	1.0668473913086989	0.864005858919945	0.2988088247008452	0.18131623897476867	0.4749912017815626	0.491108285126058	1.4326913624274507	0.5062819804050542	7.877705878025276	5.955982330207174
11.633578606367136	11.12517034465512	0.49894183429741557	10.210663359641856	11.58384494096907	1.072277955359191	0.8732950897990639	0.30512321549391713	0.18431885646141355	0.48411561874839604	0.4919137865101186	1.4595377561148155	0.4959146411191271	7.801621636144043	5.895598096725836
11.679775046946872	11.478188473872251	0.484489027496966	10.067033146768608	11.528409680164996	1.0693607320092828	0.8269587109041023	0.29484989160379543	0.20064301946020158	0.4805654842391489	0.48698186929759085	1.4235000833471294	0.507409950701911	7.737313040489	5.844088021148497
12.014617079079168	11.626069227917311	0.4900460529178719	10.142013734539772	11.547977583247944	1.046090669124003	0.8423828404002416	0.30976066982612327	0.1862545227905042	0.4812383526415552	0.48594461109428233	1.456453313224892	0.4921524577576156	8.029527474657913	5.910070266900912
11.697074398928788	11.343974317239244	0.4921000971469369	10.131177753098871	11.526676888710071	1.0695422841054647	0.8286313168463276	0.3075748613993412	0.18655900329678285	0.4789262434278826	0.4838238849048346	1.4363866073401923	0.504161636124275	8.0059582346173	5.9970938284191915
12.058624918480957	11.362687915717089	0.5026306292104429	10.419054864083215	11.577990696792591	1.0437678158911423	0.8449600022157793	0.2934983031002821	0.19455146294505749	0.4829458078483281	0.4958574212366204	1.4527901668893601	0.5063881900052732	7.788933198558403	5.898821459431072
11.695551142587487	11.248411808683283	0.48588977024666513	9.880427539514113	11.535870510639313	1.0623510919989079	0.8369852516279693	0.2991811794275306	0.20180593266113675	0.4916136743018624	0.47777283632608236	1.4483085145474848	0.49718118495213154	7.7668648784653405	5.874580051475815
11.715747918179604	11.424773093091513	0.49856597459951013	9.872476430297173	11.527563763816442	1.0346716608149704	0.8263304056323781	0.3025760931438993	0.19508971523996213	0.47677866971500227	0.5014971314953944	1.4647887110976225	0.4974684370123858	7.710294835944495	5.910209182250446
12.139878958741798	11.640719513295162	0.49412159660412536	10.079675609886095	11.55944549160403	1.0758845207243986	0.8335664686019831	0.2957430881246397	0.19156111721046729	0.477120739518571	0.49484557852707817	1.434730961210077	0.48624286314371395	8.106408410369673	5.843152608721666
12.103047545458706	11.367670555029225	0.4967496069947123	10.116287019949912	11.533826858136447	1.0812836094980602	0.8472264806833155	0.2971426049874047	0.18256384925118457	0.48805999435404973	0.49534287049604026	1.4404656805281195	0.49826450451602633	7.7462950756966915	5.780958533349912
11.748098991702816	11.583779068948052	0.5081142508578045	9.812117086150826	11.543380556378253	1.054292750168802	0.8471451091093029	0.3018144177280588	0.18689703250164444	0.4686864843378234	0.49537256328545876	1.4457104082560999	0.49523091546677817	7.914732188311892	5.8144818050207006
11.796974282290577	11.246457313915656	0.4908386357185222	9.98092296255619	11.51590971020628	1.0404759499236569	0.8342036168398232	0.3052671818798863	0.19206169142685506	0.5028753055429939	0.4881132604255191	1.4440599318949603	0.47983611402786625	7.6615329152200005	5.902762110831923
11.803375617390598	11.381518215190752	0.49812720239699865	10.22764261417049	11.584019326004205	1.0551329095459223	0.8693992514895579	0.3086849771993671	0.18737492279569495	0.473595313974913	0.4877734194282641	1.4400574256737084	0.49277219004858963	7.629253242996407	5.9265833274237725
11.988808322066767	11.48971952598466	0.4773734422070175	10.166765829427296	11.584439076276583	1.044409375280599	0.828414656723589	0.29154670785173603	0.18950071047065745	0.46263994472619824	0.505999406344768	1.4463874782554256	0.5018209476504403	7.717421437260875	5.8842680995072145
11.694618151976641	11.667389801948493	0.4799631419742668	10.465230221002688	11.57790780871493	1.0427180241227518	0.855288291305095	0.30449042409426935	0.18765790879471986	0.48955464548090716	0.490175298248153	1.4582191971106802	0.49544324925168254	7.696580692952539	5.94377294608305
11.94250301451327	11.26770272389692	0.5021927300334458	10.171288347638429	11.585997295510195	1.025242999261508	0.861935480542383	0.2839050798183909	0.19080391006715774	0.49770141795221023	0.4942503656389644	1.4473074982087752	0.4652522491437907	8.168523421703316	5.850896129442762
11.899520255696617	11.363686228426364	0.47670280092372397	10.381581124727957	11.546293036261945	1.0815968556518343	0.8425238409778257	0.293821809066087	0.18990144872651318	0.5008147337994128	0.48920764864052296	1.448496518436299	0.4748528878745025	8.048380974983214	5.961921402788105
12.028515237779965	11.542520610247271	0.4924151650848445	10.194314876636186	11.600287155171408	1.0263527237598982	0.8235787840933648	0.2967855411690919	0.19248219873917458	0.4809387782881547	0.4889583172040014	1.4455955600157189	0.4943286139976465	7.911230476993238	6.026319272026829
11.701698629518347	11.27083685138349	0.4835256360205312	10.022495236122849	11.643955043836064	1.0862718732321008	0.8554380069459584	0.29563937129314966	0.18511379933027775	0.4907667856041459	0.493810541168436	1.4373407215195733	0.4813066666207703	7.66686575443341	5.875418185038905
11.801571229779698	11.51274101689603	0.4991843063841676	10.306762738912148	11.55386273875328	1.0712683645095153	0.828963316697565	0.3038845530088712	0.19692842412497202	0.5054164679054027	0.48285190843960857	1.4378399274947518	0.48967191740561533	7.760489267708832	5.938711142728375
11.688818227787973	11.557841068116096	0.4906936547945277	9.818925068563349	11.57489260809938	1.039599723236254	0.8593421686880239	0.2948952215134724	0.1907795508673861	0.4895505164769782	0.47051558765465	1.4339973913982347	0.49820511440109333	7.800228031261068	5.932806153526124
11.71007958438044	11.234002879742372	0.4874847512998889	9.936272941937593	11.597651950482962	1.0347045709209657	0.835942054984613	0.30404682784596704	0.18112291951345916	0.48850268570669964	0.47292002231482083	1.4302971243783498	0.4929325357087678	7.745223823671254	6.013776467586664
11.66458239891121	11.39988274771177	0.49332659245143307	10.292235987886205	11.554972993929484	1.0315888452953055	0.8417840695534752	0.2930931882693622	0.17559755365423013	0.48458924252562685	0.49198180962063826	1.448737424099218	0.490724557736116	7.7192829373416005	6.028639111515086
11.802011792542812	11.200298994915954	0.5020733211619236	10.450464104749358	11.50432298413728	1.0419008548376982	0.8168836306128038	0.30756498238690594	0.18389108187135098	0.49072795142537473	0.4733656186748843	1.420512503132845	0.48914077719382193	7.770513176856446	5.915914820369493
11.820851298470126	11.242185292631481	0.48022067830892573	10.206808934200806	11.582579035954728	1.0311044960895648	0.817257865982224	0.29132624897249	0.19835188380324628	0.4805210972617008	0.4898616959748331	1.455521116828072	0.48528671891193337	7.863413018489974	5.915863024188747
11.783458860206311	11.474313969717114	0.5067378243895108	10.286910843978376	11.58492404741967	1.0645110658970733	0.8173884637633106	0.30458488329862476	0.1803044816535147	0.4830604382964943	0.49233648324751506	1.4611225435053536	0.462561736428233	7.924457256854667	5.85817283204538
11.917148039534878	11.350903618286445	0.4793385774958447	9.880648790381937	11.529220514395513	1.048962462850697	0.838413961422785	0.2976849920965898	0.1881510458446971	0.4823967095694026	0.4813804665564057	1.4275035420431574	0.47825871139906023	7.664221442984892	5.81797661770318
11.786357493650272	11.519806468931426	0.4926078205036074	10.395608249666228	11.572871366199106	1.0614873360164112	0.8569510958898308	0.31254458183393485	0.19414863556812884	0.48428584625783505	0.5027650760677	1.4333594066045785	0.49358039883564486	7.694502583554688	5.80969170715755
11.91932164566154	11.518622736899708	0.48527900566834153	9.87475210523099	11.669396686841532	1.0832986269913834	0.8403566580711047	0.31069142134415206	0.183537321586938	0.4801793377551786	0.4896756895452792	1.4516373760222683	0.48361858051585466	7.94683357168018	5.868584410884035
11.69258531883773	11.445026263135542	0.4960441126057837	10.114912975875502	11.603359031325386	1.0581712071434173	0.8360869097919507	0.2989843470704746	0.186219120430565	0.46305226350907713	0.48361474812249344	1.4366277389215494	0.49548849956789925	7.609182377186362	5.864183904748488
11.720080302827677	11.171803446819665	0.5086619046250314	9.9875642061485	11.614055713405948	1.0692918070226263	0.8249442780580757	0.29524524069329383	0.19247119333795784	0.492674227175196	0.4845336158673188	1.445118238488693	0.48155410037392193	7.889901273355974	5.844719056820642
11.710649444145648	11.41551788204511	0.4974090325536582	10.221979326246977	11.587763584890068	1.0573673494170805	0.8416456164413947	0.2951718356650359	0.19549462504813805	0.486997300580603	0.48003449843675366	1.4528351432266486	0.481947144740731	7.7744877863909725	5.823578494497879
11.734556332387042	11.302494743943289	0.5009527713719428	10.360574650485473	11.660291771329142	1.0663695170808676	0.8427470606831667	0.30108092643526174	0.18608142796333338	0.47926743265504196	0.4911299198896958	1.4566608377690593	0.47919887466552186	7.888733284962379	5.851713833783266
11.905866615016073	11.721062428512298	0.49941324402906057	10.071713289294895	11.592598991353894	1.0710800742974091	0.8497357530606346	0.3111338981803264	0.182363568462186	0.48960634580729673	0.48447192241706444	1.4482607287087428	0.45439575078193906	7.760385631288862	5.8269357451612835
11.720599600427574	11.64595735939143	0.5037156194321453	10.563743904192695	11.574297260270479	1.0641246283447243	0.8243325054437779	0.2891802653672522	0.18157134062119581	0.4697260689184854	0.48241650313643214	1.4572726032289742	0.47901195536592617	7.872485224861207	6.0015216404492495
11.699149944075907	11.416525656509886	0.4875946066892104	10.050273406904047	11.644443136326439	1.0502178384830307	0.8283810417505482	0.31151593252503773	0.1862331786686793	0.4826365293680247	0.49144816092850696	1.4369250504929492	0.4800788090498855	7.8463353117858565	6.045034531321273
11.733196127600243	11.186262616027946	0.4874398315895779	10.17882171153109	11.593523674395392	1.0657216335845823	0.8365349899608073	0.2903417712132857	0.18243251639766722	0.48353396534689475	0.4900443767813965	1.4388909162817087	0.45973162555276303	7.880377228609677	5.962349557211688
11.769812174823139	11.150703485584769	0.48699550676208936	10.068233868924882	11.585464036470936	1.056143817043137	0.8548768269758134	0.29870774632868174	0.18075320973873854	0.4716217029696692	0.4864113419717338	1.4381100200552523	0.4643276904426078	7.999178259739458	5.838781385381125
12.016279991497743	11.49261990599729	0.4856377155626394	10.686929928829223	11.629363656309037	1.0686728133261851	0.8162151798008624	0.30382814788898205	0.1842217145399085	0.49120923639907754	0.5006089865217662	1.4550698899718746	0.4689150007933962	7.757401146388267	5.802302057342008
11.71131937787379	11.350459076081199	0.49080825567783737	10.165169174923575	11.62996195872088	1.0485729508358326	0.8426942246915963	0.30472492857016237	0.1835330582799071	0.47589850423135255	0.5078142576274449	1.4309609409471942	0.4657192967044745	7.898764695176256	5.9164793296655995
11.729029119251162	11.267629596434565	0.49067776385592876	10.084676489205894	11.60463309988241	1.0694547214754806	0.8342658107326607	0.2958826578972098	0.18622297093784326	0.4817823519670983	0.47514865272985946	1.4371724600136713	0.45553722820843084	7.937698861069087	5.884664637258134
11.711443557081095	11.177729610381968	0.48914542559928503	10.054396175386856	11.549184298098504	1.0377348030385332	0.8586206125392599	0.2911688434892733	0.2070974402363548	0.4737860505967755	0.48208513743235104	1.4409271984316587	0.45082316964672	7.761280989638708	5.888491125181863
11.674192255126975	11.599818058134643	0.4894092512413935	10.391060391323757	11.52796601458741	1.03344513632316	0.8125720387713367	0.3031106540086729	0.1918980574967749	0.4704371124748342	0.4864637232273286	1.439333934694419	0.46934281817991613	7.742645313674371	5.865310193111298
11.91497914432221	11.654879357735286	0.4764853746611895	10.07106546247162	11.576700103973096	1.0342427689791018	0.848981686670856	0.2989219057413508	0.19195746165438496	0.5065923703040687	0.4986741336100169	1.4420608658676128	0.45134744062624027	7.91505230214427	5.892860120711046
11.791579001757864	11.564384139455887	0.4781498860737797	10.157389836871541	11.627849961084507	1.0413400225672764	0.8308681191301465	0.2970865384464432	0.19120670660205155	0.49564053834256183	0.4828906868375167	1.4433307536883802	0.4594769002764796	7.718495560734721	5.8445849404509325
11.734367634743872	11.585542246258084	0.49549187835405095	10.216718659076458	11.606837974215221	1.0736099460319164	0.8426197942173302	0.301026973322662	0.1833047346464542	0.4776148682124214	0.49798015467551837	1.431619390929206	0.4500783885420302	7.6233318638659435	5.8995271273491925
11.712061156172393	11.225177915003481	0.48483288753379156	9.85910008519929	11.604954933541968	1.0616524033595969	0.8349326565693705	0.29587593773645454	0.18570976806043632	0.464471996390565	0.48376507145521963	1.4449519184508377	0.43824438149675715	7.901169322473722	5.860218835856856
11.82225931723809	11.376415242299155	0.5123777050204082	10.272172154777676	11.612426470085593	1.0507996928045966	0.8243189185226888	0.31045851077582015	0.19755005436994857	0.48021422516595064	0.4866814153035407	1.4532284567170834	0.42985990667711954	7.694892336017371	5.882176301207709
11.692858851502708	11.177992465162035	0.4898689017798157	9.832021883824092	11.583496935240843	1.0473377381512554	0.8247782323096502	0.3061456171564445	0.1882543875283884	0.48840929526682764	0.4886908036520336	1.4465975335742165	0.42181968441193773	7.979068866753666	5.924661102807806
11.902664121893082	11.477114486013615	0.49665732429585485	9.805779211815498	11.615643331846481	1.0564133036648446	0.8417987642636194	0.3096774120827732	0.17699038733184866	0.4786066428939025	0.4842401855128423	1.4210202834541987	0.40848147933726	7.8211001411521925	5.867662693000618
12.171855292911026	11.493393027006135	0.48009982507818405	10.186306555485011	11.621459749448778	1.0180391934162611	0.819097859025235	0.296897507206991	0.18443470942656232	0.49473136387564004	0.48272489726505957	1.4747138250381446	0.41795344586381994	7.673889734136413	5.845489094899267
11.981542781222831	11.389670128079638	0.48442407473283344	10.116637005819566	11.630470919005779	1.0488582380446088	0.8267154626659636	0.3133166001171399	0.1815453257019108	0.4896204575304298	0.4801796629429864	1.4470481835924658	0.42557530518074965	7.838490354148161	5.8334971320959905
11.748035691171498	11.27160165071401	0.5117488914203072	9.954592062711397	11.608045252872797	1.0603058529504985	0.8206630395885964	0.3058182217093536	0.2015957705955135	0.45797439713422966	0.4828360337742359	1.4498362209556268	0.4091714337972959	7.7957288104037685	5.8433662399459445
11.832487732711044	11.501894572955601	0.48012009169836145	10.054004825434175	11.590924505731833	1.034011487249078	0.8388831961028043	0.28787188682684234	0.18875828129857875	0.48054494216869537	0.4928130409527887	1.4528999045396662	0.41003154235213696	7.7842764915061275	5.975133038038551
11.871233270604952	11.228374950520227	0.517515222582938	9.869851760754301	11.619267941974554	1.047054088678671	0.8415390264183471	0.31497703096290053	0.19017913977853737	0.49200647359633737	0.4894373606257551	1.4355447865518058	0.42304851957511047	7.835710042359189	5.971166311441595
11.834226954471237	11.37382178679371	0.5052945567888971	10.496362797198211	11.646478622317016	1.0363190284063095	0.8217952265741241	0.3096112249362653	0.1805585468504049	0.48771582073372216	0.4902269978880924	1.4248256963891557	0.3960437351637758	7.718738753978531	5.8517077391619114
11.766752420493301	11.431804328510887	0.4957028140932462	10.059230482225257	11.583660968253124	1.0531297226280922	0.8215545017204894	0.28575596464941017	0.19301232779647126	0.4975344843564974	0.4850237638363461	1.4263647718355683	0.4081524359662311	7.811615353250484	5.843096510225055
11.899829546576164	11.652225144879933	0.48499699868713403	10.431788669836514	11.55687646983797	1.058357233588289	0.8320749021676507	0.29883203181277457	0.17578999126538344	0.49854116911342716	0.4918502634594897	1.4414277956604395	0.4010015762442967	7.998399628969903	5.806266200022579
11.774403807445436	11.50204464099262	0.4895791603734712	10.478362727332426	11.610243857111719	1.051184041305316	0.8387754221553336	0.30125877725257294	0.18820242819350544	0.47560840139706023	0.48387177813634374	1.4340325053291312	0.3955648227094542	7.829093286626465	5.827232678132357
12.145241033017951	11.281268072964828	0.5116635054442217	9.96258465203631	11.676169440845968	1.0649060076431016	0.8309356826702174	0.3024083765409798	0.1828869451952177	0.4747198613425842	0.4870089931662967	1.454562702129968	0.4168299003408205	7.9743687102347085	5.866989014999745
11.956765602494144	11.47422247339743	0.485333372377987	9.926423775593253	11.700477301515207	1.0394632937543096	0.8220031349999072	0.2901779527913775	0.1891000729877407	0.4966165047503983	0.4794463773857532	1.4622591409800785	0.410330436605659	7.904796902400432	5.917318776139248
12.148678564491428	11.376602654825232	0.5022834180903699	10.577563717615378	11.697350870990308	1.0479775387854162	0.8307277324662163	0.30835304084195136	0.18410920423579993	0.48420716003658315	0.4941982428640649	1.452345141539353	0.39891667923108165	7.894922182781057	5.9007271759335085
11.717714797640484	11.22483903989624	0.49019258401073135	10.10441683247485	11.654472291679154	1.067362063108263	0.8246440642425148	0.2988538891374897	0.18879841362381203	0.47303516024306136	0.4911199763828345	1.4902474639788763	0.4039304675120882	7.816044136307212	5.865464512788217
11.785917418484432	11.60865537382668	0.4929223759904388	10.422978369395407	11.701167401271427	1.0347598492198753	0.8213211687827096	0.2966613126188192	0.17685068636655188	0.4639747462321773	0.47631503538455494	1.4201041712246578	0.38895503721292596	7.845795035826954	5.82266870284458
12.098466245469698	11.59136869487683	0.5078878190171106	10.455456727453846	11.671694721168915	1.0699842396096364	0.8456157059757332	0.3076981295874679	0.18960105838997243	0.4750060083010829	0.4875467820996431	1.446988709580704	0.39405424075825213	7.884884177751024	5.851006576840136
11.695782898039303	11.541336235904948	0.4756134277346571	10.381831881820139	11.654778322495345	1.0809470685497928	0.849155246925696	0.29317159854497776	0.18269676699296064	0.4665660863691773	0.5086635391463599	1.42804198232064	0.3933991091404758	7.68628150950204	5.907800536127202
11.854898888391089	11.487617635186263	0.4870398855187708	10.24279267014835	11.626907312983672	1.0446263964872597	0.8382198964987935	0.30819465724515355	0.17676040480753102	0.4729995602776593	0.4695650952383007	1.4505954560556318	0.3866909997811557	7.979089075119851	5.95745634212232
11.852179655149326	11.155048041317622	0.4735671959277279	10.072276968545358	11.656276072624426	1.0631187124944679	0.8194614571055137	0.29452637198675774	0.1857577187469125	0.4804183981319857	0.4774262300771248	1.441202045816514	0.3852478272860735	7.834124259836585	5.912210213865805
11.767713008549864	11.699656143395606	0.49678690450119145	10.022024667753984	11.641141905489343	1.0323367449276206	0.8567617951184081	0.2917051781171552	0.1976524663364868	0.47730826929188663	0.4843655595062525	1.4254026933736328	0.39357224974699373	7.785185746442724	5.98960873916972
11.794250976116514	11.461863338038919	0.49940932942854993	10.515315166492613	11.695683939767099	1.0475751687983363	0.829635006608104	0.29256778614116524	0.1951126382632153	0.4837669217802939	0.4805551110748715	1.4383892744795514	0.3739859188136403	7.696379652320522	5.93857327706153
11.934928991007103	11.49069350816318	0.49349294945323036	10.352992694494578	11.67653735823103	1.0561567559718579	0.8357347867207708	0.2985709780866856	0.1853941683922338	0.4712376688550438	0.49306854887567814	1.4423881812326051	0.376209212627458	7.894092475103974	5.827164549869343
11.904501246801116	11.324625332466077	0.49342386464465543	10.18140917811054	11.682831860240071	1.0459989987926608	0.8490634929784071	0.29823418235745175	0.20095266190886008	0.474198114652593	0.49425925432497986	1.4347264796782986	0.3836412712076034	7.800983666795721	5.879374399662901
12.077623679190687	11.711411773714904	0.5039899540029511	10.436578489732417	11.661671293570485	1.0540266614751015	0.8445170588268421	0.2989939087660824	0.18336211103713618	0.4704583715298916	0.49895584450764435	1.4423967576215857	0.37892209142221206	7.657411457079066	5.973724007233703
11.718275133588204	11.613626471829306	0.4824731430777474	10.368879132578437	11.701314712669966	1.0607217577413943	0.8281668785037367	0.30014249074202176	0.19748967707407278	0.47677490913557774	0.4964864181587012	1.4611016174581442	0.3728391239508611	7.706864091906396	5.969695204571075
11.794986086345812	11.370013902274607	0.49513434519438665	10.463438325794598	11.622649408873734	1.0597718399749978	0.8492355361809911	0.3188315360518514	0.1853102479245244	0.4858339465758497	0.4913379960103597	1.4197997580132324	0.36717658333400477	7.756689620744472	5.915862847916367
11.765949811805768	11.718790154999585	0.4833739564232933	10.528343519681753	11.639918186817015	1.0459295537775353	0.8515140044403636	0.2926719723068062	0.19060589674156383	0.48082152165412056	0.48047931026624924	1.4616245817131492	0.3677654847594864	7.713885888779612	5.817520269389616
11.70770799227303	11.196504945928991	0.48984015914200035	10.110757818747807	11.732718251595893	1.0227023358823386	0.8153477182452654	0.3017505905204739	0.1977819643934286	0.4771251046731759	0.4850422523317707	1.4438690264845653	0.35065235525017907	7.75655165322351	5.792035627550654
11.970726145464715	11.543493809460214	0.4868447531543017	10.027449919068863	11.70788949081366	1.0398451152296226	0.8278487249734381	0.2936040192154067	0.18030903775819973	0.4915177863675188	0.4934091761585433	1.451517633507017	0.3412618463706304	7.917024557246495	5.973263011920185
11.986258414224721	11.749424986014645	0.48645824950764766	10.487052924917913	11.66574937811536	1.055593098556921	0.8291150976503975	0.2989047440537859	0.1814883120098225	0.4841520573968394	0.49408822295021354	1.4504527858576117	0.32142925141930195	7.811355338483428	6.0061796820179145
11.857284382713418	11.720562550138464	0.5102778005553273	10.263409415567788	11.695254635326659	1.021979140758071	0.8189706485971723	0.30069191398649736	0.18214829372747476	0.4813691143664857	0.4932511089263272	1.432055716439788	0.33347797486280933	7.854915722568367	6.010793341166703
11.719383243839061	11.157625826963526	0.49656191642695807	10.144307104466524	11.696226007299321	1.0446542276038695	0.8361779218391767	0.3058316876621357	0.1955803907087229	0.477832521295213	0.4809800088645555	1.4473686206688925	0.32007445774163457	7.706871145673413	5.963608794078052
11.754724282544034	11.495886554750244	0.48598804015966973	10.257843827300038	11.681781448976448	1.0460230675366322	0.8468917718667915	0.29400107119625846	0.18818772616494256	0.47099476679314967	0.4809843688178322	1.4595083528940944	0.3217145677291373	7.846824771971648	5.831024738065377
11.791294044116054	11.429606267764678	0.4824294525215135	10.633831060190994	11.745119483757934	1.0200992112879586	0.8335869472367656	0.31658482522179743	0.19798688095756914	0.4883550957894842	0.4681658548169338	1.435545629453844	0.32291780479301135	7.6712963223879145	5.8417606244449
11.825968355772538	11.48587135720351	0.5148211473948343	10.068332168690993	11.727211471877714	1.0721579097142717	0.8363002936491799	0.3113174141965936	0.19136876239823325	0.4890245001973691	0.473949551619459	1.430739451283676	0.3141602407305064	7.796202321201764	5.840045370245461
11.731061132860564	11.579149322530558	0.5056252088210177	10.000496152175508	11.703092954978201	1.0649912221146198	0.8377098938568884	0.2990087210399012	0.18618161836900757	0.48833339673981513	0.49901390829329256	1.4601013517626624	0.31622903819466824	7.887995516146625	5.915603650364539
11.714399491923388	11.569292074030049	0.49583198248772986	10.121137756129192	11.7277604166187	1.039211186127891	0.8316851268201165	0.30336243054015655	0.18864742169554344	0.47665958812846365	0.5079262723244388	1.426800534408424	0.3197301405120557	7.7337309856605705	5.949703308963333
11.851174152539764	11.50522121921764	0.4914650492515543	10.539996187309956	11.754561417996618	1.0451092455431596	0.841078710152485	0.30020802613527403	0.18889595009280166	0.4863968371928363	0.49026505959272976	1.4537181831999373	0.305240386396675	7.974131572368158	5.924337468341129
11.720472241462467	11.436171783492453	0.5001563150871695	10.461276921661055	11.643437551610953	1.050375419243076	0.8219516848024705	0.30741831441636613	0.1828038237929617	0.4766922221662537	0.494793965690008	1.4507651005168716	0.31373584556981327	7.941169657959762	5.928764280220583
11.786164997906022	11.147065674227488	0.4972461323194555	9.932122519828326	11.725329165459355	1.0572123859218783	0.8212654605354537	0.29606775351220993	0.18689731296352294	0.4859673579509085	0.48931652878403803	1.4456417945925104	0.27620515133353885	7.753566940529429	5.993464477672097
11.844302750339157	11.341004876041426	0.4926187837426272	10.47562727130994	11.698745193013771	1.0679795398292091	0.8236813830547808	0.31353549529195274	0.19116790951399568	0.49263608871997283	0.49411228970860477	1.417082486463364	0.3023762593813327	7.823396078304614	5.970113610575734
11.758526914015782	11.538099413844126	0.486724281364936	10.317164435157213	11.674299929129454	1.063696092056027	0.8314388599082246	0.3011545942061862	0.1917861747758903	0.49321959857405345	0.4830256406008659	1.443806899536202	0.29074705971680476	7.9638703694491735	5.947903481819958
11.77690515701648	11.46341238118942	0.4867630956644373	10.265675051745918	11.756201499309608	1.0219541344871323	0.8424078584911419	0.2920878610647014	0.18752046144054996	0.45949456534299976	0.466396329560749	1.461442102650422	0.31037533467010153	7.743215077659345	5.816244402220089
11.960526559098863	11.478150091729743	0.5011391712211675	10.183092750091852	11.753360530023116	1.0359635469485984	0.8322021833591247	0.3027824070440382	0.17699680243236543	0.49655360815677513	0.4853593309259864	1.446731809242451	0.2957088911888892	7.72845622959529	5.8476348543908845
11.816194194796054	11.336837191477779	0.5091139791017266	10.441996616535407	11.65040481430777	1.039321523724545	0.8407637803937644	0.29592688378807086	0.187839228894522	0.4785710798883875	0.4815803104466117	1.4433643362057036	0.2785462331034037	7.714512059260401	5.930865047342557
