mass_1	mass_2	phase	time	distance	a_1	a_2	tilt_1	tilt_2	phi_12	phi_jl	theta_jn	psi	ra	dec
3.6252383781769963	3.6673950847119468	0.5115024959223974	8.457126143951312	5.989889869499163	0.49946056988547877	0.4344198877769941	1.2288454922303922	0.4747456376596582	0.5081614884198256	0.5278120640622176	0.5411053761676853	0.5276037631905646	2.9974027906263156	1.8702076848982119
3.7985633489065815	3.8332045364334726	0.5054208367060923	8.138907683627831	5.961012572540858	0.48245987307482985	0.42489137770753804	1.2053973064181913	0.4661506917540275	0.5111736441787205	0.5051028670561765	0.5454718772138686	0.5063543866763678	3.0485235203754453	1.8095309094996406
3.970208923615786	3.4170731524221973	0.4983679351310222	8.02320590889879	5.962441043549447	0.46935833814309774	0.4155994562596025	1.2169618540196199	0.4495390570977072	0.49866740080195254	0.502275631481975	0.5495983787948224	0.5016508801288523	3.015975974578631	1.7771377766349359
3.893922492617784	3.709075526490545	0.5001501189256303	8.228198049481977	6.005996894111486	0.48287841327006786	0.4314241274566137	1.2488822556347714	0.42954787586364856	0.5019692396116224	0.5051401498052337	0.5456012537161995	0.49700608157259357	3.0287146214691436	1.8433909371438126
3.9535964791734006	3.8245245725662467	0.5090935932731523	8.386148343643674	5.991529471763108	0.5033310388142438	0.42985749515318916	1.2454330147519375	0.4552596205688967	0.5067107644438916	0.4866345155640547	0.5559790419472033	0.5115930999803616	3.0072746312398984	1.8554927462607056
3.994488460022284	3.5707359329340362	0.4987136365257593	8.258460615158391	5.983254574944511	0.4970164539912407	0.4214682882251599	1.253271792073877	0.46336778860689753	0.5167244043077047	0.5144472461832963	0.5618344277751348	0.5191132264980926	3.0333718473265656	1.8231382569871808
3.9219138966041873	3.6720363773403517	0.5035211889160173	8.496902557498181	5.997741519123754	0.4900139338877187	0.4256202945533048	1.2313313442989766	0.43936825597577095	0.49385725322059915	0.5066385417545468	0.5546105566764411	0.5292647816506082	3.1114064354977735	1.8304594634286375
3.857977225286713	3.682616889259562	0.5006158491736556	8.274191558817808	5.9957552190039705	0.49513318540132545	0.42362380653180914	1.223061597409023	0.45893867246574716	0.5090456850846917	0.5014351301778072	0.5519300269815554	0.5155689905380852	3.047242422287088	1.857284764552274
3.917744338212251	3.5989405906514063	0.5056109009988683	8.156554006955036	5.999643981178295	0.4938366612873822	0.4329890092699489	1.2423213040482586	0.45455812061332557	0.48105377250954073	0.48538712471329637	0.541635426851619	0.5083584162811404	3.0093827990404023	1.8102036522812601
