mass_1	mass_2	phase	time	distance	a_1	a_2	tilt_1	tilt_2	phi_12	phi_jl	theta_jn	psi	ra	dec
7.073869177241419	6.135979084648759	0.5146355767857327	9.47603149291318	0.7262561108756063	0.6144088895950912	0.5720166228887144	0.22059951592574648	0.16303510972547422	0.5121508597118545	0.6846356933949406	3.0723740321187574	0.523911915665211	10.938324254817791	7.709726307542937
6.967746957569611	6.180968088134138	0.4906527504534821	9.913158842144806	0.7008946299629019	0.6188730110289214	0.5469141241362525	0.22900334926137392	0.15577212484848046	0.49940329328871325	0.674468381103041	3.0815261870428214	0.5158493009259835	10.557282236575608	7.0651668944287485
6.742832975279819	6.300659537548848	0.49880610131939307	10.102167837311546	0.7016270581397861	0.6162090797172036	0.5503229762463785	0.21892931272949176	0.15369488393181574	0.510725863292246	0.7097697985172217	3.0874284250840023	0.501668286571683	10.665158100652322	7.155083613767272
6.826934754583548	6.163565312940681	0.5030228570983073	9.940932886227195	0.725064954823437	0.6128699868745721	0.5468833901812583	0.2276660958960636	0.14247991838804042	0.5007105364132713	0.6902101041613391	3.025066996495957	0.520476930641483	10.442979782770461	7.440819781385372
6.689823418810775	6.098024334939546	0.511962736365598	9.952193552770758	0.7215034048381422	0.611937546422097	0.5460560022728929	0.23205065732773122	0.15307630274804782	0.49418282703036837	0.6655580693745838	3.0055494470833364	0.5179645857038865	10.474995778417076	7.58158046097484
6.774183883245579	6.2620567654629	0.5097117708169665	9.90715113641934	0.7187970773209197	0.608236625287606	0.5188545779511023	0.23282858359575342	0.15209988465616284	0.4930246093541538	0.6649550994450307	3.0797591195126963	0.516726488629434	10.417354473700872	7.241979333253227
6.843388683385304	6.167394363512825	0.5167000439200018	9.679109849126595	0.7304181740970662	0.6128316236831681	0.5273357445773572	0.2059761019247614	0.15030847698307023	0.5032479943150732	0.6688540715891308	3.0806539300239506	0.5225863812121176	10.902725013772146	7.337676653310548
6.8012563396068915	6.140224077430777	0.5060941826589904	9.451290287259825	0.7475320251629978	0.6168537922839477	0.5443286594249105	0.21756432854307892	0.15744043059006774	0.4835663651801411	0.6629208802449007	3.098104816523226	0.5188426712567796	10.943376622729865	7.469372749160342
6.728610211063008	6.139999079771966	0.5122365378364324	10.046253376892944	0.7331525243895359	0.6191175618911257	0.5267225735038125	0.21821651686351454	0.15215954541139082	0.4941277891833896	0.6817714744805611	3.0430751277335744	0.5246122786307024	10.9098249820945	7.1374754253741415
6.720016574764497	6.313028222037614	0.5241662557867027	9.466082568275157	0.7473715211004796	0.6061947250173342	0.546775973338759	0.21755413511195776	0.14414956531638384	0.502715535296564	0.6705044875531049	3.069787235585285	0.5207307383557063	10.935919227082413	7.430508518193574
6.774267760731136	6.154253908317472	0.5033253840580505	10.087697730687607	0.7431509911701388	0.612785801146874	0.5266886111221853	0.22176541266288038	0.1505725455063342	0.4929666716073588	0.6765580390791078	2.9950760162691106	0.5107551666139292	10.701688438637145	7.320896221694635
6.665067404400359	6.306000166560881	0.5181012351173391	9.44577584844805	0.7332988093088377	0.6152474278327016	0.5352515393427233	0.2129557483635664	0.15078997376063874	0.5136783311598742	0.6804130946771547	3.0080172934688085	0.5272861327306743	10.43003631314837	7.122583279066756
6.699785928382133	6.195245547507413	0.5116817387850113	9.779507013908844	0.7271753600033485	0.6056180395161773	0.548921719212998	0.2197576982427605	0.1523982519412604	0.5098922555958453	0.6892079022701084	3.0617758888770483	0.5155422574747739	10.586088104675184	7.29829071482882
6.716797881619319	6.24053492376096	0.49398403623766907	9.585720599558499	0.7337622708327558	0.6208660915589403	0.5247261448612129	0.22993283829167566	0.15347974867679925	0.4894793910736276	0.6941941596732258	3.069259243230954	0.530608043514137	10.576479266216595	7.395111519894643
6.680488712996989	6.184835734707103	0.5243181456355981	9.46799794329195	0.7311953975821235	0.6231299922101705	0.5243647262346809	0.22932485987675774	0.1594916574727434	0.4863941868633	0.6678926721686164	3.028581560539281	0.5401682656510333	10.72463911447897	7.228767284390042
6.553011822476343	6.272203096287789	0.5080183812396771	9.793917935105869	0.7250059201092002	0.6267391550405111	0.5216210581256832	0.22788222052259416	0.15312613468532543	0.5021812457307361	0.6800350872092377	3.0367077488139533	0.5181752905394413	10.838223458957069	7.341829758727337
6.741007270149494	6.288123780771338	0.5024162592653088	9.6490820151976	0.721431912389865	0.6094593405252058	0.5425442907749161	0.223413689874614	0.15089379541304498	0.5009088308185483	0.6775737808494343	3.062905163950638	0.5376902277343196	10.797773866629006	7.434020663287831
6.703470439533476	6.3242177098763	0.5150278407587064	9.425301260477443	0.7281287708625448	0.6085199567589665	0.5297722055353019	0.22381135157553309	0.14663463948038835	0.4885470885556081	0.6762163985564397	3.098091482917681	0.5353503406134656	11.043865028957539	7.377444011166442
6.616449405007694	6.335310226308812	0.5175375221700592	9.797415364238654	0.7262526529154243	0.6039173837042656	0.5132837096598177	0.2288814454532231	0.1643191283614144	0.5041472830615952	0.6816327806365177	3.0423553018566536	0.535899973499332	10.453588194540576	7.376827453097053
6.537581216232117	6.34943158433498	0.5088428954184372	9.530120425110539	0.7231472999359788	0.6325522952476572	0.5206509674935966	0.24102285570412885	0.15596989769665984	0.5099316654937469	0.6902184466510639	3.032414533710155	0.5211174849182402	11.100764882384833	7.297037986894904
6.528574727667339	6.36928902908777	0.5007157662652738	10.093245958801187	0.7196152277833837	0.5993097434682657	0.5233842434168484	0.2238483662549697	0.15190094258238188	0.49629965927537334	0.6791682339913783	3.0888466579794773	0.5330278531883289	10.911490906614539	7.341935403217385
6.5543934371726476	6.434178198079419	0.501815543734615	9.660051082418835	0.7242042170432701	0.5822523284691948	0.5316725533856645	0.21947767433932155	0.1644123789156173	0.5025948356687902	0.6807288581271731	3.055673003172065	0.5199230640557685	10.480453381184303	7.2892375765004855
6.438434341831236	6.456223916851261	0.5145097813799786	9.849462689881305	0.7080559584111422	0.6137462247787092	0.5360642872738233	0.2190231079682589	0.15390024101410926	0.5035021462820615	0.6749847897235097	3.076813137404347	0.5091643112396792	11.11647225414525	7.268786081161867
6.722042125963854	6.506848926375136	0.5166804590560305	10.086908895044722	0.7193400950179493	0.6023569673043735	0.5379396802912176	0.21750956450370149	0.15342038031686703	0.5102420878884314	0.6787989746282481	3.041638688577641	0.5311231368676341	10.397827613289355	7.418761181759824
6.677362728542094	6.494684171719512	0.5205901111166894	9.490690519497235	0.7131788564449394	0.5820046803622458	0.5484969702422692	0.2295794522498396	0.15841370930750479	0.49040001146718853	0.6884051862568406	3.0371140178303118	0.5284615610850593	10.592986783399235	7.424165988220381
6.687555425795687	6.558943707330518	0.49997519561316855	9.364256184877858	0.7211455489072626	0.595618575879184	0.5179567858340857	0.2299711751215236	0.15305282593605285	0.49629607903686906	0.6755156425265718	3.051018120090772	0.5206338170693127	10.86970879468529	7.399417180882122
6.550909789288385	6.566922920678041	0.5361494939506655	9.852611339335954	0.7064239688195229	0.6092829636523399	0.5189772144884982	0.22944876940643555	0.16136763087790423	0.4879083292574587	0.6793728527116074	3.03769661648385	0.5334985898715205	10.607526231371047	7.370242624000915
6.613477820017828	6.6281988366483375	0.5247140395863836	9.610361518873308	0.7049238850305466	0.6164787401625337	0.522428449755061	0.21849344668497117	0.16573058415073974	0.5011583873691958	0.6717525296702413	3.042631266504366	0.5208671873316948	10.402582784045848	7.2295383639486355
6.543006640029328	6.750326425151836	0.49685593872278194	9.699630828285159	0.6972728472657359	0.6087881213387502	0.5379791146532803	0.22392459273638712	0.15448626073947888	0.497938592478076	0.6771391111753805	3.016868005884923	0.5424407063307748	10.408091284071325	7.22643605440598
6.973369780769275	6.6697727250072765	0.49332266425218924	9.536160319862951	0.704800046251878	0.6013572184351957	0.5286342031211104	0.21476643299209008	0.1480306627293251	0.48948476082598186	0.6920313371717058	3.038772874023957	0.5127599663047644	10.50118388852901	7.331683966664731
7.013989064918863	6.55434979167615	0.5024798746337128	9.69465093178332	0.7002544031202758	0.6170580705557933	0.5408625900006266	0.21776222369516554	0.15416859141448608	0.4973120674065137	0.6679538575282112	3.0340161904478795	0.5342060823313562	10.437553964436505	7.1531507143360615
7.171847080864123	6.626169049799372	0.5274744870170319	9.876772544077982	0.6985605787751522	0.6018953936984666	0.5250536490867821	0.21675905154444633	0.1557568797250511	0.48803168802268226	0.665997098533552	3.0402617790877695	0.5410675546681222	10.591135951043556	7.1810938677449885
7.050223109958248	6.514095287035885	0.5032078616716492	9.58377173226898	0.7200242924876908	0.6031087820318394	0.5336762939764603	0.21690322509553725	0.15956404408197805	0.48382713140480343	0.663652813501118	3.0355473580921686	0.5312863512778134	11.091678422382863	7.300371437409189
6.800878311578877	6.2831663276872725	0.4947548430071188	9.605869870516896	0.7048530546695417	0.6103313245307007	0.5198852183157665	0.2174241237701471	0.1462154473916628	0.49772312395875906	0.6758150296592967	2.996682486379135	0.5296324568078012	10.421295015304525	7.334168738254933
6.677848480230832	6.161497799480303	0.5099765032384367	9.4609857361619	0.7186238876702359	0.6089509213162876	0.5333527840339828	0.22659150876796358	0.15295756357120313	0.4899330636031629	0.657472668582391	2.9997088666556175	0.535233689571845	10.436290109756152	7.257028133083811
6.762284564785619	6.5274017673897	0.5074482315444295	9.50955136757594	0.7135066528815454	0.6127877629581393	0.5119632124693354	0.21815343390332176	0.15226446208905256	0.5057650717355419	0.6817993646700596	3.041025091039097	0.5325629584696995	10.507759469493894	7.207693480614471
6.7039021700975	6.456829802475919	0.49515752357239945	9.705293792762458	0.7194150564781712	0.6003882911589772	0.5045782460814779	0.2214354884141693	0.15741271605245433	0.4838640302796869	0.6793601141128262	3.0075314380189524	0.5226373075844392	11.181379988560177	7.424223838762986
6.746819398746174	6.652514845718495	0.5015156713174913	9.422676493087549	0.7335603325819264	0.6152345447970803	0.513283429221979	0.2138306357770536	0.15689686874276074	0.49528658394470293	0.6731868112773206	3.0373406412425563	0.5176982732995066	10.482685418884817	7.426251949914252
6.785550500215621	6.630553352830036	0.5017623562778252	9.503568692223078	0.7364354866729302	0.5946047495289458	0.5336276480036874	0.22920964908804412	0.1579017478521474	0.4923193307276453	0.6861509626658633	3.042914730960031	0.5209839919353917	10.563499722319795	7.196625602455506
6.838349097898339	6.508269694771375	0.49184030518442134	9.575983811589385	0.7362798966394809	0.6001184957087771	0.5361647058259997	0.22760709952978453	0.15659114033284893	0.4892588010180743	0.6842197453474407	3.023261836993377	0.5087308597632515	10.353373697748259	7.13424518428531
6.842389424108436	6.716251302204614	0.4941168675603721	9.699659984537067	0.745250272571749	0.5855661971250413	0.5333010761162276	0.2186841305096286	0.1461801554756192	0.5132996178747727	0.6671503669247564	3.043294341219458	0.5365587172538584	10.412962434310367	7.374149265325474
6.639393170316602	6.668472047881469	0.507418792674709	10.079781917350427	0.753441730197847	0.5824220787311968	0.5313290367904968	0.2304093429669853	0.1472498427645281	0.4954501947908698	0.6617375654311004	3.048300483886255	0.5163791795989258	10.705153964912201	7.404559273430409
6.769783537722207	6.533688023075449	0.4908911924835267	9.81439257326303	0.7643004116328672	0.6191306818843301	0.5264330714690656	0.22341948731141967	0.14689946458943803	0.48405352038511795	0.6611237855702713	3.0159235800457718	0.5189741956486522	10.492984119023895	7.337914213643242
6.664696390039932	6.603196278472618	0.4998336059394701	9.474278136071884	0.7676161910516958	0.5869395439590599	0.5336517575434822	0.21792921050424247	0.1514326685917608	0.5011418124953624	0.6750835538065545	3.0442305666577245	0.5237525646050123	10.411278750113368	7.270805079167145
6.667668913599552	6.676228035558525	0.519083087156987	9.953826210266016	0.7847980623331583	0.6032316416611442	0.5261111524810518	0.2211051691819658	0.1614994413598088	0.49515386798082256	0.6808215392467992	3.036816360774859	0.5312178145789789	10.49893553034977	7.352713605125145
6.857515631960375	6.5546671824663205	0.506542547677319	9.80312461996757	0.79468083099368	0.5815309014790863	0.5180993080273371	0.22381943349398384	0.15378129026150553	0.5087076866464016	0.6937607013361078	3.038354178942417	0.5225889164313594	11.198235023319091	7.421053260530117
6.730061301002394	6.4205020016333725	0.5224307005298418	10.056590628242096	0.7945171114566789	0.6136020369075733	0.5156588784771229	0.23276696587124343	0.14663383809586986	0.5015639017330775	0.6606482132757048	2.9949978751990582	0.5273253441517235	10.548058844406603	7.222852257816355
6.584857097646465	6.518016938879088	0.4997118722155792	9.999483502414229	0.801318970130168	0.5980770979349761	0.5177212035449082	0.22080689795611333	0.1460479488660997	0.49437047646035287	0.6828130261234463	3.011470315127622	0.5263610598499117	10.894569815768259	7.359953284647207
6.805379718056549	6.613915501627889	0.4974548194466109	9.69841472480966	0.7921798403635651	0.6048212512949468	0.5146738202535419	0.22150517948159068	0.15457451936805838	0.48876030203231796	0.6620572274413071	3.0352216610549196	0.5318145261394153	10.501705109257617	7.418597993262933
6.561307409798917	6.435385978721313	0.495904491766071	9.516624855932802	0.8047416842933623	0.5972375550158425	0.5112786554792738	0.22396700463402947	0.15203986758739213	0.49475511509996206	0.6821029796289031	3.014010118685286	0.5245469469978561	10.395871152836554	7.307038305624736
6.672974288820841	6.4146837401761605	0.5056570772958136	9.769190130447818	0.8110821274715058	0.6000783859175668	0.529030529223772	0.22519463683319318	0.13797657485760037	0.5037199676385843	0.6772694854570855	2.9963863366308736	0.5347511734144856	10.858140556886172	7.344193740985029
6.925602421255576	6.488498907756798	0.5085102230905726	9.969937085600836	0.8257008315244295	0.607474918693769	0.5364035185286404	0.2299787601791894	0.14381401369993183	0.5097828655472453	0.6736878251876876	3.0366068527710275	0.5408394133115078	11.161556538250052	7.232883146073309
6.668291587222039	6.719112298746294	0.5187247397927164	9.73325051251538	0.8223925431416225	0.5864673729480905	0.5102500003918357	0.22115607415199606	0.13954130688506344	0.5133506641949533	0.6704951383061479	3.0505199671915744	0.5292678572227395	10.894051201520758	7.1822773250338665
6.697374618144915	6.4858236420083335	0.5161190321913337	9.50373794428637	0.8324264289351898	0.5970712171744577	0.5220818914946546	0.22304207987079283	0.14961117141696173	0.5017358008135197	0.6731431971963461	3.037389294951949	0.5311938722907975	10.49629347995634	7.3022781758487225
6.811560411544421	6.450374748351213	0.4890900540005656	10.124302428483318	0.8339965910269	0.5979167976654055	0.5334076126862006	0.22419927513535842	0.15214414010866698	0.4896010918541485	0.6620771574544941	3.046401026293949	0.5334214507221569	10.632640590281502	7.475174573435006
6.711000030306873	6.254393030637596	0.4982033863226783	9.624914364473907	0.8364426335743996	0.6113699723730307	0.5379122670297574	0.23085751650823272	0.14937119782447564	0.48686009944537667	0.6617079463445453	3.017757019093336	0.50657523405733	11.148320652962106	7.368877704018893
6.813992580286949	6.409056664915931	0.49519396324997317	9.546412207737712	0.8524379941622807	0.5798860402469865	0.5180375989561803	0.22359168569206397	0.15338151021394575	0.49212774382831476	0.6772119117930807	3.016239449562632	0.5079417876866406	10.439602160043766	7.318179409010453
6.771471566302802	6.569750070587302	0.51449454628324	9.700629426171496	0.8519725072278511	0.5971091656628905	0.52790273309897	0.23157364945274536	0.15093283576074415	0.48637354472070266	0.6742344963761245	3.031531435171679	0.5137621964982263	10.828237453246006	7.213556029267813
6.768253579546532	6.604499543026346	0.49857773340488	9.506449482963236	0.8534316214494265	0.6007113249751783	0.5256405724124609	0.22091001588334433	0.14656264680252049	0.5048087386639928	0.6829196764115111	3.0374271666796444	0.5273167473640539	10.438116200591848	7.392087908058712
6.685276574658973	6.374121247086443	0.49729909089413377	9.453560365078209	0.8548264842838037	0.5992177950648039	0.5160495217124518	0.22731145856616988	0.1441935081906617	0.4871225160835185	0.6803253557128336	3.048761045529685	0.51799029895442	10.758770057246378	7.3307213605349935
6.790903902499226	6.350371885022829	0.5093697650402661	9.907162536369773	0.8586415653071242	0.5885760227556522	0.534289644925862	0.23002987629925806	0.14955863108348907	0.48787580314638335	0.6573406512284141	3.0424788337392186	0.534566382271629	10.54713892462314	7.302155617636106
6.827886151163782	6.40247478744273	0.49863095910075006	9.424012869136261	0.8801456220877598	0.6061112753888904	0.5361560176454837	0.21407337199250104	0.14584436134427586	0.48687738603698116	0.6764140582860707	3.0230358816592555	0.5155414460645571	10.510888615851524	7.203504054967962
6.706288244586107	6.528127236663451	0.53122811499631	9.852877511258097	0.8856779376362514	0.5901310594107246	0.5217596545735914	0.22923562873090192	0.15454609635406236	0.5086670015671234	0.6721943585438088	3.002302433024412	0.5033401656757451	10.397466807584093	7.1837413464768085
6.8536643900746315	6.411795891105107	0.4839944736588169	9.94329478528516	0.8746645411428715	0.5873338538472226	0.522472742816236	0.23008656075964087	0.150893178133483	0.4798779520755517	0.6806905161301238	3.041487985391825	0.5044330771243781	10.820908983180356	7.159852198157668
6.834631439880744	6.313765300383968	0.5094599273679358	9.592942990218665	0.8779674374566893	0.5861733237816229	0.5517750442577687	0.22518434725780465	0.16401991379748623	0.4831740994084374	0.6661605817704437	3.031079633837388	0.5175902228597682	10.435649780492076	7.3550397812759085
6.848170065371015	6.331321627053169	0.49769568814334425	9.708213676136193	0.8745428141727734	0.6039508159772173	0.529117019468231	0.2226443252663629	0.15203312201675553	0.4916445855586857	0.6461433540993404	3.0212813618042356	0.511689354696855	10.442239857443843	7.30814244522378
6.933535942547193	6.505080145805795	0.5010407167117966	9.76367965049106	0.8943339818526543	0.5835523439698901	0.5370016831535831	0.22940458595059268	0.154607359258094	0.4849156804425675	0.6604959045747777	3.0488974169866045	0.5432939290176801	10.719461892155648	7.297567931515575
6.791926911452628	6.136836355391788	0.48891382039724635	9.599470388729017	0.8911622409441567	0.5770041047194109	0.5150615590230913	0.21387897493271746	0.1569128874044446	0.48077553062350226	0.6649015398215238	3.015714275111448	0.5088270090534218	10.332123417193772	7.268746893580005
6.755212115018473	6.549307736235087	0.4941667529310306	9.551485839338294	0.89815115507534	0.5885369385301874	0.5348363133513482	0.21741891759533666	0.15639262653945807	0.4937229159786016	0.6912948387916619	3.048486503764364	0.5126459201879742	10.400349197704111	7.366033558946076
7.064868391991983	6.456598887020284	0.5161223598758627	9.444079124067422	0.9030439260007721	0.6009512850708225	0.5121346511147834	0.22541829402608451	0.15375998737895782	0.5041514577778411	0.6775890986036516	3.0354918581479873	0.5033894733445666	10.39564527705504	7.388060928338594
6.967025587715321	6.402522009955452	0.5017757114835911	9.503875391661518	0.9080151197123318	0.6115692701200137	0.5340543384193367	0.2236807280473764	0.1510731597079765	0.5036112500674549	0.683435434596487	3.0532943521271805	0.48062037084947945	10.365185438665605	7.251328607313804
6.889198615428497	6.436609776373606	0.4941739886403842	9.536449152465641	0.8999867032281655	0.5692143749456399	0.5239571846689398	0.2232606198302134	0.14849155407178236	0.48789601917052783	0.6726820292943179	3.0444616329803105	0.48889999826397196	10.440117711408814	7.262508519738895
6.91147918334463	6.438744947477429	0.5138000966861834	9.771354971583232	0.9036633724098272	0.590750024412371	0.5276541666194828	0.2209475878633561	0.14544234047048638	0.4879009604045017	0.6627288531283596	2.9952862110322513	0.49348755196066285	10.692184727209902	7.288018896354276
6.925169139585715	6.29697873385478	0.489868580407315	9.708580496186626	0.915555527644599	0.5864565680721588	0.5153030976783145	0.22566945535407065	0.15662522001726448	0.4961708757290581	0.6788480053398003	3.066216290441771	0.5059813282145295	10.67266047031228	7.290294899834365
6.860537399968572	6.222249003622004	0.48926340205140223	9.92198311891568	0.9296997337768748	0.5841529457416248	0.5158098565735372	0.22835903623642528	0.15570516626554015	0.5021570993188196	0.6715760416212814	3.0312164450876202	0.4955210300993559	10.399098726462908	7.267741892938472
6.997955656898068	6.448140344732763	0.4978883992345674	9.713799952760445	0.9188300525472948	0.5871853204426866	0.49979878970309016	0.2167818927491382	0.15915904905746542	0.47722825149001563	0.6617615287619157	3.040617361370922	0.5114011683982428	10.443979894175724	7.293703362117304
7.141824377770955	6.377989365167514	0.4953225057193429	9.452662358413242	0.9283429776770115	0.5822574577277408	0.5091903305147026	0.22820677692028757	0.16150265645283313	0.48764437820700024	0.6645073565760876	3.0441348154510126	0.5048548665692996	10.658121856866257	7.219775745358439
6.833066846610462	6.418822619370564	0.5048756364803877	9.418160842279613	0.9142422432592123	0.5906124852815526	0.5192096027000712	0.22326519207402093	0.15626602147629554	0.49374540602795164	0.6768227053961693	3.0284595002177843	0.5116053833824402	10.329548529890292	7.352443169146256
7.090565951300466	6.285662132917685	0.48763635052047705	9.501333612931543	0.9220459119736001	0.5949945535337812	0.5014760580955713	0.2236703040921001	0.14950721759354835	0.48292510199206906	0.6839144379595172	3.0948521080050377	0.5148287646209679	10.572746077249962	7.4106004990600285
7.1567749112787	6.307548580506779	0.5087690927034975	9.981752424403565	0.9292020384961912	0.6021977778838017	0.5072339859872116	0.22386728806523218	0.14563847778932265	0.4916120013539974	0.6509633307828798	3.027624355787768	0.5216182024689066	10.353420589864724	7.287921035639647
6.989286066035189	6.44392219190505	0.5097602883356517	9.764607703391484	0.9455162951803344	0.5750002214102368	0.5308622534776886	0.21979000525680584	0.153109941832825	0.5084220853804478	0.6977195044266689	3.047883510975766	0.5262239775219153	10.79583230338423	7.2175633408344595
7.070081892271258	6.381337060627172	0.5120017335052145	9.495550714040387	0.9312569428874155	0.5874839529916127	0.5397946141312093	0.21220378716959232	0.15379018518304935	0.4796653034972364	0.6816193816005336	3.031858370146506	0.5073325758841766	10.83847233144442	7.284131237009096
6.919194491655902	6.497721330885888	0.4804687636512593	9.851498653368036	0.9343336161429756	0.6082626286399854	0.517123307022376	0.218308174970281	0.16120214020214055	0.48960311804024637	0.6781204919714975	3.029593169820316	0.5267554018097956	10.489846753455192	7.316680955503468
6.921044188741643	6.485262542186047	0.5181820911157167	10.067338839164927	0.9490227185984083	0.5794342440592024	0.5053045418301183	0.21212615646291377	0.15905430024288333	0.49261600033967373	0.677310999177658	3.0566693333783275	0.507034530804199	10.33295700460918	7.353674353500778
6.973015140687321	6.457769264464515	0.49359842475472276	9.479038709708833	0.9631809171656927	0.5939402800190439	0.5095329989604803	0.22740690483356402	0.1516112867974653	0.4946597399544943	0.6729036744757154	3.0202759673768833	0.5183182118267613	10.795421475225181	7.160882907499202
7.084581972719944	6.372392954861264	0.4857900054630545	9.443219655562581	0.9521082190608111	0.5936738453914825	0.5094751599072761	0.22356058517967317	0.152138587657014	0.4807752053634876	0.6799436476660191	3.028149621169219	0.5064464206755486	10.28486769856029	7.156189255680309
7.042551835502787	6.576270189072818	0.4970881561571453	9.689200113483498	0.9519333072993728	0.6022496279163548	0.5154374101248955	0.21087657744627192	0.1523243160276398	0.4816676958668366	0.6543257199488065	3.0311311961632628	0.5345500210433408	10.350409371145789	7.287030125449632
6.9169657084874885	6.507813196218161	0.5005646701517417	9.471256405728605	0.952767711082138	0.5894006485288278	0.5343499307115375	0.21157210919095332	0.1346523586142635	0.4773687175917524	0.6744506015928182	3.050623132633833	0.5104881442355663	10.341804319012814	7.315863379334936
6.891750272430449	6.259515984178031	0.4893321457746862	9.51425130187877	0.958415703279338	0.5970062068643928	0.5206784792106426	0.21697215197194017	0.14683465909855262	0.4915622027110013	0.6536176426649042	3.053591654373461	0.5348161069201305	10.409001672869419	7.255405797831452
6.9015061128204485	6.3656511370466715	0.49223585935078035	9.685524759380165	0.952554796741139	0.5970391405905521	0.49372581416699474	0.22485392493336798	0.15486513464991566	0.47381665972217335	0.6697634930720571	3.006793035613872	0.5205308874467294	10.32061554185033	7.351239473811329
7.1686773800363675	6.403190881220641	0.5079715457743738	9.585265314089495	0.9541662581122483	0.5741389822221288	0.5250339806683157	0.2298781074595252	0.14941770542492264	0.4674074317985028	0.654693705653622	3.0093205486013614	0.5114821728893303	10.299385846759279	7.38531953794198
6.973760641582221	6.52031415111648	0.5017998704680673	9.817859332919532	0.9603407570722009	0.5836717061574885	0.5183176401255112	0.2266406482043327	0.1486800254939366	0.4884625820746001	0.6712569373067642	3.005451529061196	0.505743349643581	10.404149702013884	7.252385800131956
7.048828984628466	6.380573940847496	0.4849343310202758	9.471844175238086	0.9714298191146509	0.6014689812543872	0.5050153762025728	0.222331812547451	0.14698381009525874	0.46965669068953275	0.6754796008336856	3.038812048441178	0.5039581233624372	10.344447470666983	7.199146666464975
7.057686059542314	6.532235867412894	0.4893008982540053	9.448693120104352	0.9660117293386358	0.5904392086365622	0.5308131062446556	0.22842231535449484	0.14861027060536633	0.4683876637073443	0.660437440930365	3.0524745575541883	0.5347654830938152	10.295402421978045	7.3779112914725005
6.957627677218583	6.46902412678301	0.5013225051515642	9.900183007195881	0.9508220168154138	0.5864771020629236	0.5046743977863285	0.2200831802114662	0.15486911002063508	0.49452064678043267	0.6778806659218691	3.031226185667222	0.5264095620961826	10.995717922059821	7.366785942075793
7.1840584993834655	6.504962466929149	0.4983744723986241	9.456050168975615	0.9569555731013022	0.5859362618141465	0.5180826164825988	0.23330713026363828	0.14989299805844575	0.4827568157597142	0.6655242973115809	3.0177989522420816	0.5208841674824274	10.25772778054312	7.370184735363331
6.968007544815238	6.495801320335482	0.5074574584046405	10.143158860692475	0.9692478507471266	0.5736768640694886	0.508930597745658	0.2287735120166573	0.15672222530736166	0.4866382071261713	0.6749171756902238	3.029288491574067	0.5287203515330648	10.91985581629912	7.297146219821782
7.03721138051221	6.421833413369953	0.49358925462708275	9.676011439489393	0.9669000532299407	0.5899744311410967	0.5018939649273045	0.21513358771677388	0.15716424503585208	0.47787363308505565	0.6876320985161873	3.0501485864032905	0.513555370826882	10.282557722256199	7.354168140171766
7.139743211279631	6.492340984246017	0.5015013927419517	10.038997834492816	0.9772252195622175	0.584152320187035	0.503137537026622	0.2113409151141008	0.14829121142327029	0.49438259616460495	0.6666717916325944	3.017137535330051	0.5052795849935194	10.456701079583993	7.243522619410715
7.0299700860602545	6.576657950043513	0.4836693061640274	9.699950612635934	0.980822142350967	0.5736061590510797	0.5228865456799391	0.2206681099124887	0.14754398463233223	0.4726199149496447	0.6514659403215066	3.025788648128709	0.49229272616995906	10.299136219804527	7.262039640619657
7.126029723850512	6.479211787466032	0.5044032299729744	9.661222955285895	0.9748451990674946	0.5986281070603362	0.5213110492719997	0.21690247732333884	0.15202233737969184	0.47852685864640643	0.6702349820476695	3.016532882715186	0.5216178718306366	11.049504034035868	7.23729126491826
6.990872602889534	6.411581166938561	0.4950878463211974	10.07612332897639	0.9846116205708305	0.5891912268351746	0.5310130381416032	0.22146997898414442	0.16384905780446657	0.47730395020118443	0.6676934611459218	3.050458051835434	0.5130310617872013	10.256234563419724	7.34951042153239
6.92817931391665	6.445499398391641	0.48351522030893196	9.482631252812388	0.980022028286015	0.5904091726015298	0.519905945427282	0.22188431574006012	0.15766114715495042	0.4804706569580101	0.6671658076760693	3.0318843199943704	0.5076741580923758	10.520085404539545	7.245722130834342
7.202993903476919	6.401747918595657	0.4745143132320201	9.39998503525956	0.9773383496242907	0.5784657312648973	0.5134034229386524	0.23073477511896553	0.1476099505726606	0.4766743878658142	0.649385275557902	3.0363216533335935	0.526554489215055	10.60410906653537	7.17938566864405
7.1612997004645935	6.528777347526077	0.4973146571355267	9.75151762261074	1.0033275164497328	0.5940760998841237	0.4920173333654815	0.2275599542256506	0.1485054050773672	0.49303165987401737	0.660497282609661	3.034620822957194	0.5148257324901544	10.341108486514708	7.194749812476118
7.076064997376438	6.459065091223867	0.4952904584093734	9.492733595575103	0.9850944213772352	0.5979455781251682	0.5052091855239474	0.21272905420708033	0.16023071073243095	0.4871641709500709	0.6548132137008368	3.034862216102429	0.5022910092275582	10.26988225137877	7.279491374226963
7.010002130047674	6.447710610918224	0.4858651188675904	9.718032738371218	0.9864353381390443	0.5676639669577717	0.5047121978478698	0.22753947301337976	0.1595044237028636	0.4920309291482561	0.6699011989318495	2.963008917498581	0.49137549875542647	10.283844572489198	7.143567997642003
7.05589053149915	6.408979876601981	0.4846917295355676	9.550743855891332	1.0022544027743023	0.5961293303327995	0.5343930931490312	0.22006801388802094	0.15620405237938978	0.47359520965022794	0.6462505378810893	3.0263852605628356	0.5167485081386641	10.25687032089068	7.142559273989542
7.062132497689241	6.5486906352359995	0.4824271167257187	9.551434715928105	0.9889834686308929	0.599790835080221	0.5271815100094589	0.22412605092757654	0.16960382782331726	0.45693052440472914	0.670421078053326	3.0263313322277074	0.4995421171466603	10.214722223617853	7.319142035519737
6.93500020869993	6.494375356874525	0.4965124991038064	9.624836416428153	0.9936155070582237	0.590071994510171	0.5197039047172817	0.22007854700151896	0.15805324763753234	0.4809562075895044	0.6806798000458173	3.0213065710745117	0.5020938325697991	10.815757660799088	7.419272366341827
7.034400618658235	6.5557774320801565	0.48595426203352093	9.683718405134245	0.9969007231483565	0.5991212501193598	0.5097001847172149	0.226583876724448	0.1560810631499446	0.4742570278582872	0.6602620850629103	3.026831174170061	0.4992952552800062	10.1262248916372	7.505483834106843
6.967007266102749	6.416548272528529	0.49352543044987857	9.436862746740566	0.9889743899322628	0.6123500122878565	0.506698103098097	0.21634752781872618	0.15760453617719644	0.4795551927064978	0.6771376097858762	3.0308507705236742	0.4930312590425889	10.340115663409023	7.4285874879073726
6.99676101674803	6.463406745968517	0.47951656558111466	10.067210165058755	1.0032781760838019	0.587430453362485	0.5082679164478271	0.21435071764458985	0.14291558341586058	0.49388328503749845	0.6733527263674818	3.014225577922223	0.48426700453295873	10.121387461512036	7.365512224630897
7.1592835970158815	6.466939304338382	0.49887004158486575	9.439050960209533	0.9968445655675267	0.5986701351093473	0.5059588217486725	0.22323332526696116	0.15061104193723798	0.48700404116235024	0.6676634955384217	2.9937646117862653	0.4954975028108238	10.752768305854906	7.316297304826698
7.37136057241785	6.440413221747928	0.4733880444531356	9.440786560119792	1.0064780324413727	0.5806329490884724	0.5114396169551053	0.21997071492277187	0.15205191614819716	0.49644151573084494	0.6644499277241898	3.0702026439008447	0.508664545960962	10.595970135548225	7.305581744219687
7.22246988968388	6.487370724977561	0.48749961566039757	9.79379856548477	1.0139318662367305	0.5958304048836671	0.5173960198601135	0.21966737628929817	0.14936729688861894	0.4808965439870748	0.6527617307553316	3.037206346342442	0.5173120544937113	10.284646420225085	7.3504632646172885
7.071597064682619	6.551643761526712	0.47966134376302116	9.885905976896208	0.9999240271881831	0.5853949964224232	0.5168912908748496	0.21954290895970074	0.15277852222130123	0.48152196753153637	0.6640959634811323	3.036104895151106	0.49739372146586436	10.61630142633062	7.330098947587101
7.1395446841068715	6.547368966261048	0.4909664934294298	9.842874696425222	1.0110445486535145	0.5923720976097926	0.4967523407341427	0.2155579228184031	0.14859171755331707	0.48767564175110983	0.6762078376376377	2.97821086162002	0.49594436367555017	10.213937827219887	7.297530438952036
6.924887697827027	6.504820612617898	0.485619695827338	9.873703190422368	1.0179043130271594	0.5898248822802884	0.5147058882112014	0.22341069988953832	0.15543254524545272	0.48747301638638946	0.6642736209513757	3.0256311745383724	0.5055059395373702	10.104757764189362	7.239447712638365
7.042123593449843	6.451334114561493	0.48765685678694215	9.516506144543023	0.9991560823223846	0.5980284955686647	0.5025825961890494	0.22583912285851218	0.15385399887906254	0.4630114406685187	0.6752082568711161	3.067808718271975	0.5062481496887706	10.647158773017747	7.203414937252438
7.01022341240804	6.36569552932167	0.4868061711480475	9.479911254383651	1.0055255790762594	0.5798009797779908	0.49964516004213294	0.2160921727606793	0.1476788811741344	0.47797805568064833	0.6773005029056013	3.044328802920636	0.493200394267072	10.039217363172375	7.246694955327388
6.952877271121081	6.412016370636933	0.5033471672516194	9.826117902799044	1.0153741576664619	0.6036844304621046	0.5005827648413375	0.20806520842935033	0.15549980841486255	0.4834040596401065	0.6671041938428734	3.0331151576615216	0.5080364389869871	9.960662832170712	7.261773119780392
7.055135989873102	6.466307154828017	0.48400910179004397	9.824342902804533	1.0031373646207773	0.5910409200797379	0.5084339514802979	0.21969153321748117	0.14436545972805523	0.4762751669898135	0.6687345085753997	3.0013437219191688	0.5074758522122866	9.943800037353023	7.33706856154939
7.01988841170718	6.4564651864400355	0.48897436402416616	9.516856028552178	0.9975596746794329	0.5911200192537528	0.5197920025630686	0.2319330035319944	0.15412015446739846	0.48880143202576004	0.6820199492803475	2.9590016091023905	0.49356329496930423	10.009281048760604	7.429023087550092
7.319205183306902	6.461296023807389	0.486744385712272	9.625246911070699	1.0106303874336224	0.590797909880507	0.4987874782480611	0.22710845887567851	0.1536636341075512	0.479193637432698	0.6781163846320807	3.051139250430391	0.49128048735371393	10.091872512048477	7.441496017452196
7.270034719161952	6.406329994787992	0.48180828609749315	9.8748886443504	1.0163846716641527	0.6006442600100421	0.5111573445226761	0.21867233182107992	0.15067730214678285	0.46541426647467193	0.6667166620404524	3.068349843661824	0.4923446136662811	10.340721417490634	7.298489383699355
7.144969869799779	6.426001596912938	0.5147082132319337	10.11924452508274	1.007260434380703	0.5821690501744413	0.5083440362649732	0.22954379588839754	0.15175248938208297	0.4924864302283631	0.6659396487730715	3.0345782230108185	0.520697499576579	9.900438769704294	7.27923894168548
7.101163158063719	6.404861068579792	0.48130491336404463	9.533315224198533	1.0106634282298432	0.5845762844938699	0.5306191632910031	0.21619917752195422	0.1468799410944409	0.4789442840395407	0.6522230790514438	3.0448189200256146	0.5080953447687335	10.114158601466334	7.343423181427689
7.0598524349228144	6.55208261841265	0.47767796294499015	9.798599140872467	1.014360673850846	0.59726257533237	0.5161229246685869	0.2107742647724217	0.14467507649227965	0.5029077887209514	0.6757319725414447	3.013756677403184	0.4916773943069936	9.824402685125538	7.2255400502560345
7.034510460144575	6.447507012196618	0.48907438540873294	9.77276413927088	1.0187080672527395	0.584563465149973	0.5171519491300606	0.21099077722562679	0.15605583475750331	0.49171548273706484	0.6663044870134434	3.0127190415636984	0.47754818966121504	10.068902682580157	7.285217491841504
6.968906962645708	6.557684193900161	0.4910899468274527	9.553476479255048	1.0126956793553952	0.6120346018203197	0.5022146186544494	0.21231639235059396	0.15777862802310433	0.4912534217592914	0.6558965772738724	3.024262131693736	0.47584853559646717	9.8261035432328	7.210272236426749
7.1221843314774524	6.383819870875049	0.4694708122399776	10.17363484566508	1.012851762198769	0.5903435604401779	0.47886420862960194	0.2206798414431172	0.15642197813201897	0.4754658633514224	0.6683973673872189	3.000078842787349	0.4910043176922828	9.937805284381266	7.284582552623908
7.0503615126973775	6.426586327198829	0.5005100638806429	9.568233107453036	1.0077419014428413	0.5830799751348891	0.5017611573305153	0.23246102973167418	0.14974684757187903	0.4944732615421466	0.6714619619787656	2.9931750453425114	0.4891639935821967	9.951556277131203	7.300991515206448
7.0739313869404175	6.494378259589839	0.49528819068056207	10.075599914158651	1.0110537554552326	0.582165158408858	0.49909219347232026	0.22742717361843387	0.15279721140341465	0.48048562887082014	0.6635823409263584	3.015306111550064	0.4882000697277815	9.773521911886563	7.2945455808725175
7.200825905754045	6.499031670220828	0.46804474266328405	9.536280120691782	1.0105673414564391	0.6018406249772199	0.5102704448317412	0.22291615434336487	0.15635063948467892	0.46968760749560273	0.6651542572360937	3.0344995191202204	0.49542790641414974	10.123785856868528	7.20856169143873
7.218402887169594	6.523800015521897	0.48778846066530307	10.280317646612627	1.025450850663836	0.5669175454422252	0.4917203547476792	0.22284325308160186	0.1507742480307335	0.48272672578107084	0.69590749270085	3.0290058944859526	0.5144052275735507	9.735768416103927	7.192553884644944
7.08320027807701	6.521610751104337	0.47913367407325697	9.536055613162622	1.027486324087029	0.5916260132167362	0.48870249040129515	0.2060339287160018	0.1524772359499623	0.4838475161300372	0.6603381169926467	2.980531359807618	0.4934446140041742	9.785164980472096	7.121796598614107
7.27708910870669	6.510967554647402	0.487450496573898	9.529659348972631	1.0337019023858574	0.5693578317053551	0.5102347607846458	0.22937579457466434	0.15993183387334448	0.48003177604039055	0.6861199387028155	3.008703463253631	0.5024180037284043	10.022485405770103	7.274155850680316
7.302075463564678	6.627317753620469	0.46499590301353805	9.693533806216589	1.0293298026040203	0.5859239143140974	0.4967970653345068	0.20994010709902242	0.15367179779799592	0.49713410335425856	0.672505008792312	2.9982816607637477	0.4948372301254755	9.831329164038467	7.394423279321328
7.133922573495532	6.55209757147262	0.5016608346746381	10.275717195063127	1.037262001208534	0.5664048881452537	0.513197914683243	0.22595514745985573	0.16234426487121334	0.4840255969808645	0.6653274555671077	3.056432131627603	0.4953631105210023	9.796201380248258	7.344429504334777
7.023453601708302	6.448118038521111	0.49690574968495466	9.556463279498784	1.0328684396183077	0.5989936735534396	0.5009581732274996	0.2261878437740418	0.15170058852720092	0.48147253070868934	0.6485970652746951	3.0248534859989205	0.48620489987943116	9.897589116608692	7.46284838350276
7.0560006613359425	6.413700858001866	0.4819112080761873	10.187882171449315	1.0250568569686418	0.5964310598621365	0.5219808207298251	0.234866519185364	0.15204227747815705	0.5049220667023788	0.6705428414340212	3.018494697468302	0.48888852517848463	9.990212372512666	7.370242441342746
7.054293503433047	6.450614180489125	0.497102869881427	9.983766721560041	1.0268109159245769	0.5903064626272487	0.5087472405840148	0.21819839076180073	0.15634491279129445	0.5014139337352322	0.6630640970263486	2.994230839417815	0.5007879107061691	9.668029365868813	7.3289206480557665
7.174937512825105	6.425293129404704	0.48078868222508425	9.853902774695856	1.0240937160426702	0.617870567502163	0.5181080885920094	0.2111109538975386	0.14932785505623777	0.4811980057641678	0.6675451385492072	3.048982164148696	0.5014029020219992	9.601098864628643	7.361626054652084
7.169982447653481	6.4694900138883975	0.46976076646841314	9.720970016389433	1.02892085865814	0.5926656190595506	0.5078212517713402	0.2199456092306836	0.15080566052934605	0.4831852747450061	0.6729210499803779	3.044805964058584	0.48275897656842687	10.146536026530239	7.468823399391207
7.242789945236234	6.50577265422686	0.4967102259369436	10.060808944832516	1.0337777373462909	0.5756370897520185	0.511649996924639	0.20837389392030783	0.14520863504437503	0.4718177086948372	0.6724286732142216	3.0371655509723094	0.48761767282234586	9.659683307766525	7.310278929094591
7.266756768221769	6.465555377065901	0.4978399977717473	10.172958732875173	1.0373670780442414	0.564644655826628	0.48337514903238016	0.22258811798141007	0.14929142354588412	0.4930624297884378	0.6789788854326279	3.03919091491169	0.4877568917533026	9.701982415498929	7.430313422748552
7.155291492354762	6.652117952660155	0.4820413984986115	10.016719100969922	1.0397174497157768	0.5791581014973438	0.5059995401773966	0.2163042964892249	0.15231442775719298	0.4891089448131944	0.6607171126009744	2.999367096182636	0.46828859782431664	9.666934373139748	7.355500700790029
7.222569626906922	6.392568083166406	0.4919260222976184	9.592447366061355	1.038159615726207	0.6070857769864115	0.5131283813729935	0.2329117851054821	0.15469715144143548	0.47724965757644994	0.6387812094193157	3.0333631935843095	0.48262442763722757	9.776623321110382	7.262812886846156
6.973397280830778	6.315665218052933	0.4921422851901051	9.64377172481697	1.0152466102966566	0.57676899304146	0.5072530869107057	0.22370634820373045	0.15574878138742573	0.4862764272536409	0.6695685253262847	2.988487991348905	0.44619876335963427	9.622666422498698	7.147321821774551
7.10334726047316	6.405614619227543	0.5031183160844384	10.198418340959416	1.0256086090413716	0.5966193078172363	0.5015395900651595	0.22387452728130527	0.15891745758073558	0.4837245010790336	0.6714344232586157	3.0409521625737925	0.4647237404675729	9.613025767354388	7.254441687815902
7.13437060915721	6.540813039705189	0.4968816128082236	9.66191188492555	1.0531062914804818	0.582183002482361	0.4904122922899132	0.2238593734766239	0.14785741569087885	0.4915209786620459	0.6538061710890912	3.0231974685281324	0.4762437701817356	9.646534494623236	7.3187564636146005
7.206301535412524	6.57826999397253	0.48451577387342276	9.643553978788425	1.043865858739654	0.5705214209961065	0.49696156425117965	0.21539545206671032	0.15194905756356653	0.46626037441980334	0.6603427306347708	3.0071694460080582	0.440050031009307	9.678646637247342	7.407853313284762
6.981584481156341	6.509176224915399	0.4865800541402156	10.228140657107936	1.0300915387259315	0.5912090600617517	0.511482111856315	0.2176147879668246	0.14814179071592118	0.4722000328145982	0.6788634737507169	2.9955287762643956	0.46914270015768944	9.671604121546165	7.421183357541689
7.0124949772904275	6.528843783806541	0.4890904861140751	9.614680428172523	1.0311158610758047	0.5833212107899262	0.5068143229806322	0.22105383999984182	0.14797803531647474	0.4777858656607289	0.6668444842109043	3.0432612294708346	0.46082106372397985	10.312120013461081	7.287045027531447
6.94499906837703	6.4443036106395155	0.5063733697891827	9.74099448369429	1.0440393225648728	0.5933073686707925	0.47890822478290057	0.2141601522383712	0.1557078582123375	0.4727152082244335	0.6581048063772188	3.043447358805129	0.45891538202806	9.687192944546132	7.317208942509557
7.12937685431813	6.522448603454183	0.48369230086845183	9.888246791578753	1.047204401391659	0.5956991421545716	0.4855400522109483	0.21940178139335995	0.15825955483339046	0.48236015020080425	0.6663249922662687	2.965398621061473	0.46758488841959395	9.695712608220024	7.278085915194114
7.160615069041163	6.571820094068737	0.48962625502818313	10.1056199724016	1.0388465817525567	0.5680257582710192	0.4888252316019668	0.22596855041551173	0.15503079501983394	0.473331917863529	0.6650954808158748	3.0142725431792385	0.47694740559417864	10.137630485270465	7.323246138850644
7.220626659281324	6.620094240730487	0.49557920034053826	9.699866741566877	1.02231769694063	0.5916213787607723	0.4852804259009282	0.22299813007272326	0.15365735636562688	0.48577683241439085	0.6675499346596184	3.041909966085539	0.46251455915345224	9.46657690853069	7.35992318913494
7.098189988485735	6.406074181757052	0.48239263922616205	10.16662722532547	1.0357863196410668	0.5796942513634511	0.5231468608212206	0.22365501731235046	0.15626778582256476	0.4734389549133221	0.6687419811268165	3.032841267548635	0.4713548781352058	9.636562329318828	7.334862579701098
7.262621638114895	6.511907092282526	0.4810802795474658	9.690668363468012	1.040684417530625	0.5830452871743359	0.5173059508369364	0.21825066003274446	0.15354346604767366	0.4633424271299988	0.6776363543950906	3.044471339263291	0.43728533748941834	9.626736618787303	7.362459249636339
7.219596694522539	6.419690636383413	0.5020920881268822	10.331368593795348	1.0508627161154727	0.5805031056081262	0.5110805106995578	0.23212072229275998	0.14436730931919295	0.4707987405814028	0.6583163813692551	3.0329957134982437	0.44651495192448437	9.779139445117375	7.336758687907388
7.231571922384821	6.483318767935182	0.4728491562926542	9.680470054107857	1.0406209522339631	0.6149004304709759	0.5064425654521584	0.22810932955988128	0.1466435258828663	0.4611457438577541	0.6445717470647201	3.0246182718563692	0.41265057999561494	9.563923535480258	7.3498829440239914
7.229920299981589	6.4689056878184035	0.49433626061791996	9.605836296395903	1.0413453561816572	0.5972135702028998	0.5144964420334784	0.22990661434321888	0.14086991166003926	0.473582452409411	0.6707496253035438	3.0289872291980884	0.42362857482521626	9.954361910861367	7.409695021919617
7.113670230297644	6.556197417586765	0.494967581643772	10.140513829587903	1.0524355715568245	0.5588659416915928	0.502045738202876	0.22300573690777686	0.14474540300802616	0.48085554656492063	0.6630838934517354	3.0308308349024284	0.42501743197726716	9.498212613534518	7.367209227246629
7.035641151327194	6.526554158022894	0.501281865953404	10.01264520547429	1.060935101732994	0.5660234179821646	0.5086868266243784	0.23300855717544242	0.14483272110116885	0.47741818083597376	0.6800895449795433	3.015296609956512	0.4250104461015678	9.463311993246071	7.397788713711316
7.025323638476208	6.528667471193517	0.49233094305375574	9.694779976818696	1.04543821153677	0.5971528655790649	0.5002458354292789	0.22583905275913793	0.16111801265664571	0.4670230571343822	0.667386867859636	3.014554623634326	0.43902634532142143	9.591017414620753	7.388014171580527
6.944944841199905	6.5196431421239325	0.4995657314072685	9.83448372620079	1.0572478564969252	0.5859530986162567	0.48749350911186673	0.21086504983530363	0.15738604358610467	0.46896201639171653	0.6712632734523802	3.034087465570626	0.397604832779609	9.809634462552081	7.331917096785817
7.251356418206927	6.527491273963049	0.5001155230836737	9.666278004586857	1.0512347348550275	0.5929216135604003	0.48607811964548536	0.2297720570140579	0.15180863085204735	0.4898896391745488	0.6652046119144237	3.0298509017600495	0.4227716899995614	10.198585237924469	7.181880827675334
7.251740795627386	6.427678427207088	0.4913380915843107	10.0718492075278	1.045521859737132	0.579713577210553	0.5020339751445444	0.22630205330319367	0.1496833521207769	0.4884917321399721	0.6877521205046329	3.023682754430716	0.4098833496605822	9.90215815490857	7.297568041945085
7.18301814537476	6.4147230948377585	0.4896861698156646	9.94306058464295	1.0525946965313522	0.5703185034129755	0.48888007858307464	0.22429589650122947	0.14829699805259247	0.48130184263724735	0.6687996547498406	3.034899091939519	0.4045539613755209	9.910338307202993	7.408687677329305
7.156973292843262	6.441358372327254	0.47608020896320974	9.827522912678804	1.0471287661227118	0.5829171220068899	0.4966373500485355	0.21575749448086592	0.15659859803157797	0.4830541950301709	0.6564738342584868	3.0252572002150706	0.426846642289364	9.732107333784011	7.421824515587207
7.050093434274645	6.4925157384698915	0.49250790026593927	9.999922569893394	1.0489989237744768	0.605485559789992	0.49431224589934475	0.22695259127608206	0.1547447451463862	0.4909661098155955	0.656921564166728	2.9919442103646476	0.41511841838194047	9.658232845847936	7.362679352830009
7.213245315971855	6.453430919093796	0.5092869943272818	9.726022504578728	1.0444097290450056	0.5848964210392031	0.5059859847974622	0.23142192964592032	0.1561211905049324	0.48444465306544787	0.6476524272214438	3.0046961253209723	0.4175513229581924	9.855685212486826	7.348082084376614
7.029980123892698	6.525400213067482	0.5016834920210286	10.0664084784298	1.052864396883666	0.592628760407441	0.5072851106219701	0.22254491823405487	0.15186087764343234	0.4919803576491213	0.6488776215660369	3.0452178287965523	0.4086857721086982	9.776824845344692	7.287155352159441
7.08014744295732	6.447217836956048	0.4947323663882951	9.724513524167701	1.0457721565255969	0.5887405332259761	0.493536082579185	0.2310243105285055	0.14824656170231262	0.478922115798828	0.6606318394035321	3.0098698070902126	0.40407361413059867	9.655664599686824	7.338405461392896
7.301985743744163	6.4073859589744355	0.49422777758137876	9.680317841717319	1.0554012488894637	0.565809871393772	0.518166334592682	0.2178813888438226	0.15374614884824347	0.4846539288566497	0.6745143062396329	3.0482193265245154	0.414515882376227	9.70142943770874	7.384794224360987
7.028742965963549	6.326257798122312	0.4929817473444462	9.90217430425133	1.050749269754853	0.5804118190959611	0.5129569527649916	0.22103782106087957	0.15524091982355673	0.482656033903495	0.6651293961863339	3.0441633566495425	0.4079246037829344	10.034792143259802	7.435090788688348
7.206545068743421	6.558576466964675	0.48962682320833106	10.06378896293736	1.0604716609202054	0.5768260664434934	0.5046933118869005	0.23337917506065312	0.1512019049360691	0.46419811708877606	0.6823313817301684	3.0045663947420866	0.39729184799460415	10.083524345827357	7.404412353162658
7.14371969964142	6.460750347767156	0.4760255189401962	10.031710799879695	1.0425701685272675	0.5778495246832244	0.49487618459893135	0.22720041825842094	0.15514801082560484	0.4839186511720184	0.6532520868782554	2.98924141307659	0.3979092093816926	10.178059848930095	7.290725021848993
7.173334347993573	6.444995244966654	0.5083811983875861	9.766867824455206	1.0511085266484974	0.5762518078104131	0.48166540179929535	0.23319239604522743	0.15287382087441329	0.4858194681216733	0.6563552365359347	3.039594618904259	0.4062462153596285	9.911589778231631	7.304141253339859
7.182997444407743	6.497102955683932	0.4968960575504678	9.811206093925698	1.0451047140068364	0.5918462835345031	0.5033515320526971	0.23255585248994767	0.14872247911585823	0.4854107909529319	0.6658532957325884	3.0311732223802617	0.3832416436032287	9.881772526912195	7.255920199940801
7.1639648164948335	6.517279112343495	0.4725328802313797	9.754001569777321	1.0585167785692882	0.5904258461203169	0.4938549999281402	0.22336164142304044	0.15920037677280963	0.48864385769926244	0.6533205019872876	3.0038061723720646	0.3801325937498754	10.047449694186364	7.238602441806189
7.119806245128421	6.4789391138963826	0.48528328909490914	9.732631373615872	1.062061555450507	0.5924905647838286	0.48741545018163873	0.22174133880407046	0.14339089074790043	0.48693466766205973	0.6684767226513815	3.012805696321125	0.372752741040609	10.172670262343944	7.277740775014816
7.13782935537679	6.418858636558315	0.48500832612416905	9.73760906324014	1.050427682967357	0.586398064137313	0.49452723813569227	0.22239494123553924	0.14900594895191363	0.46998828629224765	0.6603524789683546	3.038430901406957	0.3628959953006722	9.565055977752086	7.350008196942866
7.100664979772516	6.367424994259032	0.5028745345219113	10.2258735545397	1.0679207173191994	0.6015810525888843	0.5037964091479921	0.23484432788860693	0.15041948690303744	0.4901732755932957	0.6775721980400174	2.9908300422574725	0.3861908287104907	9.678421986500277	7.37378358156046
7.055702352233668	6.458644959173101	0.5046338933970314	10.028119517721395	1.0611129843982379	0.5838819926676238	0.5053835388715222	0.2179184728315404	0.1608420535877361	0.48016528583600526	0.6738554755538402	3.0148638152926757	0.38048112357929614	10.007221246158254	7.253978964845474
7.067937681359255	6.4791961799617175	0.4835192049784924	9.738231028802687	1.0566248106551608	0.5854893410745544	0.49350766856683553	0.22820872718378438	0.14836137315559664	0.47051906445901326	0.6574509352093159	3.01495436227004	0.3690696568886292	9.496223555816801	7.214381681455084
7.117973768713741	6.5157886607273365	0.49566520657195773	9.796782051585534	1.0539567661979505	0.5912295664100483	0.4995788497661238	0.22528266994251128	0.16928663135412186	0.4952218657876542	0.6520472303846411	2.9945183872400087	0.36808585297030955	9.912092766768033	7.2930022555863045
7.157587127556065	6.563548330672915	0.4954770142789736	9.876157207101684	1.0634090049714104	0.5907029109261354	0.5067854328905135	0.21368232324198178	0.14859760087781235	0.4850810307560418	0.6752389817594857	3.031373565425972	0.3632869438982455	9.676465342876906	7.373779281138142
7.254095211962647	6.479254523533515	0.48723983659432385	10.06597256236595	1.0616244526348582	0.585009106118968	0.4950587133790928	0.21399866998576803	0.15510259029039045	0.483820168587966	0.6651056285816752	3.035975228524258	0.37534801904007403	9.518301097470411	7.418949203973883
7.094587564784804	6.433928556085339	0.5075519404545161	9.724827375132943	1.0656338931561744	0.5704460279006963	0.4888436290999511	0.22002447376359477	0.15250225057012265	0.4986079125384773	0.6595939973378732	3.0161248257201465	0.3601673727085234	9.589586890625672	7.309025029361071
7.168934302602933	6.439158425118074	0.500127512137124	9.865525867799404	1.0620361441379393	0.5784899448393307	0.5131107458387466	0.2138025903595644	0.15898711664516396	0.469092704603253	0.6769586452555719	3.0107415461757387	0.35432474286520005	9.517981050863979	7.327534545136452
7.155013899486916	6.422807126322731	0.49848852335544097	9.766971181980171	1.0645617145324444	0.579208578145922	0.5046665432067206	0.22264990843563004	0.15589060977122257	0.47815795883314843	0.6675278187842922	3.0055406014021995	0.34691914884151137	9.795197934362655	7.26118324652678
7.006696943503686	6.548255726254398	0.4803354787011716	10.0598746101324	1.0632669209136068	0.5973370236967811	0.49717841033717003	0.21974071404151357	0.15943824405283696	0.46954996977129115	0.6473713911056129	3.056704302069157	0.3213969790287221	9.698878294641398	7.318097611974255
7.093759255612031	6.413567304995878	0.4966778779860519	9.893930110009057	1.0577803644155381	0.5860104562000393	0.5125739226550348	0.2253661795333947	0.15569956326649187	0.4885689672825811	0.6728559990488333	3.055192574645837	0.3326303210464488	10.194762225932218	7.395841017283344
7.123297948117877	6.47734706523876	0.49270164140406647	9.71980770775082	1.055331065043492	0.5927346791340921	0.48158928197436845	0.2240368873665697	0.1534237348933307	0.47441283036821996	0.652792811826563	3.0119402776161577	0.3248042807167243	9.928808655724255	7.326239513567485
7.148780872540079	6.405354898733724	0.4965621801939383	9.86421485080945	1.0673310033321768	0.5810838487773561	0.4858087196116451	0.2376364652408224	0.16247326641200632	0.47655381460287594	0.6672149208063116	2.9796133175808595	0.325872956795803	9.904236840211258	7.340524490546707
7.041294290110955	6.381867115390464	0.47606194034956806	10.078362416311947	1.0546799882775617	0.5731897137021584	0.5035733430824084	0.22161000787706644	0.1533391057341095	0.48300507216891353	0.6697115416839209	3.002755290599034	0.33255588450625384	9.706910394923963	7.321425192503274
7.225453891322052	6.5420537028341235	0.4878373811510459	9.907626959881098	1.0499654222016424	0.5921132902047243	0.5072764925876688	0.2147703884544355	0.16395720183163057	0.49801238725798225	0.6646605585251791	2.993336249111652	0.3217372185061042	9.583166858369935	7.277999567344903
7.236901845030339	6.517629480048134	0.48669820675222364	9.979398243103311	1.0595823149638657	0.5870693422120047	0.5107449146953885	0.2218401162309053	0.15758599070497697	0.48609325578888524	0.6448128381391122	3.039291071000175	0.303956393865774	9.683570629431122	7.304730241435118
7.236100543795982	6.4829483777247034	0.48034781833239104	9.773506511691293	1.057244484114189	0.5903014766744028	0.4996054451292331	0.2292323150623142	0.15134480187497673	0.4650181011056393	0.671267946190082	3.039864179651345	0.30852737766523425	9.821753895720112	7.343629424692098
7.132894787412616	6.50610486910263	0.48678264634501967	9.729704227073725	1.0594244153566705	0.5943732953649514	0.4989954765365211	0.22353319945173278	0.1535511610059068	0.48480074669765477	0.6584240002670279	3.0417329270958327	0.30144842148807205	9.601760749478206	7.2431473674664035
7.230420412773696	6.464574282914662	0.5051523216567346	9.962018076295957	1.0629128395703102	0.5947639505916041	0.5069527709724572	0.22234659045874322	0.15177380791380118	0.489798886946159	0.6665577006777854	2.9759220162055913	0.3113007885504798	9.8996024334601	7.243205964000142
7.1800437889117	6.532631623323685	0.49203596231320496	9.72033701421929	1.0706506793085429	0.5719650886405646	0.5051225852172351	0.2205848205335738	0.15665449180631863	0.47528509125349455	0.6528529863458346	3.046686593564619	0.30898154120476534	9.76091782782761	7.356958332679039
7.222783947707916	6.469164519620587	0.48921304868884286	9.801885894881359	1.0624946144699854	0.5833994497243654	0.4965226510787031	0.22381360764257208	0.14541158594600573	0.48462078428964483	0.6542649071341348	3.041012758029841	0.2962228462490232	9.611931651810512	7.38740336676511
7.122786747428801	6.484003800196715	0.488832563533517	9.712368872817574	1.0637516904057913	0.5951820107358918	0.49978914276454495	0.2266370226693279	0.15579848061028168	0.47490032148381967	0.6639773127548342	3.045488258307353	0.30621489205327385	9.489793559844905	7.357269585980273
7.08878692186325	6.329217981439474	0.47642282094602223	9.898523215928485	1.0757122032768769	0.5880823822887074	0.5028394960923687	0.2271528807759914	0.15084153615677331	0.4914716883851291	0.6642142579295447	3.0326761393639923	0.29531813110746485	9.695905178835684	7.273035053968921
