mass_ratio	chirp_mass	luminosity_distance	dec	ra	theta_jn	psi	phase	a_1	a_2	tilt_1	tilt_2	phi_12	phi_jl	geocent_time
0.33808	0.52016	0.26701	0.76457	0.52138	0.50559	0.14853	0.13518	0.241	0.19406	0.27704	0.22977	0.15551	0.16043	0.83117
0.32301	0.4431	0.33471	0.81848	0.52641	0.45854	0.13895	0.12584	0.20749	0.20112	0.16982	0.22305	0.13387	0.13436	0.84903
0.32145	0.47017	0.29912	0.84952	0.57563	0.52509	0.15618	0.14382	0.21331	0.21647	0.2159	0.21035	0.15006	0.13407	0.83201
0.32287	0.434	0.26136	0.84164	0.50067	0.44292	0.14233	0.13859	0.22325	0.2045	0.17052	0.21745	0.16683	0.16688	0.85582
0.30037	0.43133	0.26685	0.81695	0.54681	0.48365	0.13918	0.12862	0.24056	0.23486	0.24915	0.25643	0.14759	0.1352	0.8659
0.32811	0.51395	0.31039	0.80626	0.51981	0.52329	0.12643	0.12146	0.22828	0.22997	0.19015	0.22587	0.14071	0.12885	0.8808
0.29948	0.42131	0.27871	0.8414	0.51961	0.38153	0.27009	0.13515	0.22609	0.20803	0.22499	0.22137	0.14179	0.14123	0.83293
0.3077	0.47104	0.27464	0.85229	0.54451	0.51642	0.13155	0.12923	0.22717	0.22053	0.20021	0.22355	0.17375	0.1419	0.84506
0.31852	0.45114	0.36389	0.86563	0.57636	0.39539	0.17947	0.12251	0.34665	0.21639	0.19819	0.21673	0.16459	0.1475	0.86913
0.31013	0.43679	0.32348	0.75278	0.59365	0.60081	0.15315	0.13957	0.17109	0.22731	0.18396	0.22932	0.19784	0.12536	0.85397
0.30357	0.52299	0.41124	0.80367	0.48387	0.44504	0.13609	0.13257	0.22675	0.20842	0.22179	0.22926	0.15076	0.12379	0.85465
0.30918	0.45191	0.34369	0.80576	0.58567	0.44265	0.14542	0.13351	0.23768	0.22434	0.25154	0.21743	0.15705	0.12683	0.8377
0.31835	0.51337	0.5468	0.8668	0.48379	0.49523	0.19257	0.12186	0.20106	0.18966	0.18527	0.22861	0.12347	0.14724	0.86475
0.32995	0.59314	0.33927	0.75719	0.46683	0.62547	0.17684	0.13547	0.187	0.17081	0.22325	0.23617	0.1619	0.13203	0.84977
0.31522	0.49164	0.20519	0.8519	0.65449	0.60448	0.16797	0.11059	0.20685	0.22319	0.2323	0.23191	0.17176	0.13892	0.8299
0.29712	0.48251	0.32863	0.74919	0.55179	0.67021	0.20117	0.12008	0.2811	0.17959	0.18471	0.23813	0.1471	0.1352	0.83842
0.30191	0.43375	0.34945	0.8267	0.60402	0.60685	0.14803	0.12221	0.21546	0.20035	0.17438	0.24044	0.15774	0.13057	0.80521
0.30466	0.48154	0.28674	0.81608	0.583	0.39526	0.17512	0.13018	0.26043	0.20661	0.19819	0.20708	0.16076	0.12296	0.87298
0.34044	0.4121	0.38182	0.8067	0.59834	0.44627	0.13704	0.12994	0.24483	0.18451	0.20235	0.22216	0.13702	0.14576	0.86147
0.32717	0.55046	0.36542	0.79674	0.52691	0.45502	0.16275	0.13463	0.21611	0.18107	0.21133	0.21444	0.1682	0.13499	0.78506
0.30893	0.47583	0.36579	0.83775	0.6286	0.39187	0.14306	0.12746	0.15966	0.21449	0.18491	0.21441	0.16245	0.11413	0.81725
0.32401	0.47815	0.40754	0.78781	0.5087	0.36848	0.14878	0.12924	0.22423	0.18938	0.18847	0.21834	0.2026	0.13166	0.80919
0.3297	0.49595	0.27171	0.86515	0.53448	0.42247	0.18898	0.11068	0.18536	0.17922	0.17896	0.20676	0.14574	0.1271	0.83709
0.3127	0.45279	0.35459	0.79085	0.63462	0.37231	0.17649	0.12665	0.30628	0.17695	0.18972	0.21173	0.12709	0.12864	0.79247
0.2892	0.40974	0.44226	0.81975	0.48199	0.41905	0.19228	0.12142	0.24038	0.19105	0.18428	0.22312	0.12506	0.12331	0.82148
0.30569	0.46809	0.27634	0.79112	0.61759	0.38264	0.15274	0.1264	0.29284	0.19366	0.19707	0.21423	0.15204	0.13518	0.79375
0.31514	0.48056	0.38889	0.8496	0.47508	0.38567	0.1505	0.13356	0.2911	0.23198	0.19977	0.19441	0.15472	0.12073	0.78449
0.30807	0.4764	0.34644	0.84762	0.51161	0.40494	0.1363	0.11979	0.18901	0.19151	0.16335	0.2145	0.15597	0.13095	0.79762
0.29882	0.46826	0.42995	0.80631	0.57969	0.41827	0.17349	0.12666	0.22836	0.23432	0.21605	0.21263	0.14122	0.11795	0.84517
0.30775	0.48056	0.3251	0.84195	0.47502	0.43569	0.19131	0.12233	0.26455	0.16579	0.16219	0.20574	0.13927	0.13542	0.82
0.28728	0.46937	0.4436	0.8605	0.55023	0.48596	0.13041	0.12327	0.27617	0.19246	0.18594	0.22356	0.15211	0.11197	0.83664
0.32956	0.47626	0.26683	0.82436	0.50632	0.33738	0.15968	0.12125	0.17855	0.17619	0.17539	0.21649	0.19604	0.15221	0.83987
0.30884	0.46164	0.39874	0.82746	0.47667	0.3729	0.16433	0.12028	0.21525	0.21883	0.15432	0.21361	0.19395	0.1169	0.83439
0.30205	0.38994	0.38622	0.81806	0.4941	0.42545	0.15508	0.12388	0.18555	0.20398	0.20745	0.19838	0.15097	0.13194	0.84657
0.31783	0.4756	0.2004	0.81075	0.45716	0.49775	0.15163	0.12264	0.17764	0.2194	0.29736	0.21991	0.15286	0.12536	0.81521
0.31473	0.47874	0.41525	0.81955	0.56299	0.35959	0.13244	0.10695	0.27847	0.19357	0.25406	0.23008	0.14444	0.11923	0.82504
0.29272	0.4829	0.41941	0.84764	0.46237	0.35361	0.12634	0.11374	0.16906	0.17583	0.25255	0.21765	0.12343	0.12725	0.81911
0.32281	0.44479	0.35213	0.76588	0.54716	0.40577	0.13448	0.13266	0.22647	0.20799	0.16576	0.21513	0.13272	0.12558	0.83837
0.31315	0.46785	0.46558	0.80032	0.49703	0.3992	0.11842	0.12486	0.25821	0.17873	0.17796	0.23452	0.13245	0.1155	0.81777
0.30872	0.48293	0.29192	0.77747	0.48594	0.41237	0.14555	0.11626	0.16338	0.19632	0.22525	0.18128	0.12815	0.1121	0.83031
0.33033	0.48941	0.20833	0.825	0.54198	0.33292	0.21739	0.11388	0.20077	0.18157	0.1865	0.22301	0.2766	0.12326	0.84612
0.30828	0.39763	0.34351	0.87185	0.54392	0.37132	0.14098	0.12273	0.22387	0.17985	0.14854	0.20051	0.1813	0.12245	0.83364
0.31135	0.39669	0.34756	0.79642	0.55995	0.38464	0.1811	0.1269	0.29312	0.18343	0.15896	0.22187	0.25592	0.11053	0.82309
0.29963	0.43451	0.31334	0.79119	0.58631	0.397	0.22235	0.1187	0.19502	0.17605	0.15484	0.19923	0.12202	0.12367	0.82801
0.30032	0.44839	0.22743	0.81487	0.51293	0.47942	0.14028	0.10646	0.31185	0.21171	0.15045	0.20417	0.13173	0.12336	0.81031
0.30804	0.5476	0.35734	0.78417	0.57807	0.36851	0.13695	0.11382	0.16984	0.18162	0.16263	0.20748	0.19551	0.12517	0.83478
0.28774	0.47986	0.18368	0.79444	0.56235	0.39183	0.18492	0.11345	0.2276	0.2116	0.18705	0.21991	0.13447	0.11004	0.85352
0.31283	0.44962	0.46423	0.77901	0.53672	0.42619	0.16755	0.10317	0.22046	0.24971	0.16478	0.20712	0.1627	0.11353	0.80456
0.29756	0.49169	0.31151	0.78377	0.58662	0.34355	0.11848	0.1155	0.1766	0.18395	0.17727	0.21576	0.11857	0.09803	0.82191
0.31855	0.50424	0.17089	0.78842	0.4885	0.17524	0.14576	0.11391	0.36552	0.20999	0.20709	0.19514	0.25484	0.12266	0.8134
0.32146	0.54384	0.19346	0.86305	0.57385	0.40806	0.16644	0.10237	0.23104	0.20539	0.16891	0.19932	0.18279	0.12031	0.81563
0.29943	0.55918	0.18335	0.79726	0.61054	0.43486	0.12865	0.11122	0.20354	0.23683	0.17685	0.22333	0.14784	0.11946	0.82752
0.29128	0.43992	0.4885	0.77298	0.62751	0.66049	0.13031	0.11708	0.19996	0.21849	0.21634	0.21264	0.15526	0.12307	0.81136
0.29951	0.47139	0.46537	0.82375	0.51128	0.52473	0.19355	0.12039	0.16633	0.18002	0.17103	0.20152	0.13727	0.11892	0.83437
0.30012	0.5487	0.4219	0.85038	0.55308	0.75358	0.25051	0.10863	0.51057	0.22965	0.20171	0.20302	0.16442	0.12378	0.84154
0.281	0.50975	0.32316	0.78985	0.55399	0.74583	0.2492	0.12827	0.29737	0.17011	0.20563	0.19668	0.15607	0.12475	0.82978
0.28634	0.54806	0.43788	0.85766	0.59028	0.63287	0.27419	0.12023	0.20588	0.21539	0.16764	0.21425	0.18393	0.12091	0.82316
0.31349	0.47588	0.40879	0.76628	0.50624	0.55565	0.13857	0.10557	0.23471	0.15581	0.16937	0.18788	0.13276	0.11484	0.82088
0.30059	0.54551	0.31697	0.78564	0.56803	0.4835	0.14282	0.11698	0.16107	0.19246	0.15634	0.21277	0.30135	0.13096	0.79973
0.29498	0.53299	0.43414	0.76752	0.50433	0.49787	0.13535	0.10464	0.16198	0.19374	0.17386	0.18252	0.13479	0.13017	0.82034
0.30401	0.35838	0.49326	0.83766	0.54905	0.49087	0.13913	0.11258	0.19397	0.24643	0.17734	0.19804	0.14237	0.12373	0.848
0.28622	0.63473	0.47176	0.72564	0.58492	0.49359	0.14236	0.09805	0.32972	0.18537	0.16404	0.20371	0.14932	0.1116	0.82481
0.28616	0.60476	0.34467	0.80348	0.54136	0.49094	0.14496	0.11812	0.18157	0.19005	0.17136	0.19743	0.1403	0.13345	0.82104
0.30488	0.55662	0.24196	0.79359	0.56979	0.48936	0.14672	0.11273	0.16136	0.21368	0.15555	0.22603	0.13895	0.11622	0.81488
0.27811	0.49557	0.16405	0.75138	0.5243	0.47091	0.14621	0.11547	0.21605	0.16351	0.14764	0.21307	0.14198	0.12406	0.82711
0.28715	0.50947	0.16835	0.79194	0.60601	0.47735	0.13338	0.11593	0.19609	0.16012	0.20141	0.19421	0.1357	0.1176	0.81666
0.29393	0.50792	0.19266	0.76738	0.57206	0.48847	0.14558	0.10594	0.32721	0.20285	0.18703	0.20447	0.14254	0.11945	0.83121
0.29305	0.4585	0.19951	0.78165	0.44776	0.45625	0.13432	0.10112	0.28011	0.15146	0.21192	0.21539	0.15281	0.11906	0.82584
0.27835	0.49533	0.18152	0.75916	0.5767	0.4565	0.15159	0.10778	0.16464	0.23788	0.17911	0.1827	0.13867	0.12563	0.82652
0.29543	0.54164	0.21372	0.82827	0.65443	0.49703	0.14336	0.1233	0.13505	0.15306	0.17934	0.20491	0.14794	0.14036	0.83092
0.27297	0.47618	0.35143	0.91962	0.6463	0.47835	0.14276	0.10111	0.3278	0.1993	0.17693	0.19965	0.14361	0.13246	0.81997
0.29729	0.49495	0.36675	0.62445	0.56844	0.48123	0.14019	0.11714	0.46833	0.22741	0.17926	0.19785	0.14105	0.13134	0.82518
0.29282	0.55161	0.40264	0.71068	0.64921	0.47135	0.14755	0.11468	0.39547	0.14555	0.17769	0.19466	0.14828	0.13615	0.81694
0.29269	0.57957	0.36688	0.73081	0.65525	0.46779	0.13666	0.11451	0.33904	0.23429	0.17845	0.17617	0.15156	0.14729	0.81773
0.29708	0.53374	0.33838	0.76582	0.56941	0.47566	0.15935	0.10768	0.28246	0.1991	0.18553	0.20327	0.14499	0.11756	0.82171
0.30105	0.55744	0.31778	0.75537	0.57786	0.48865	0.14994	0.10318	0.23047	0.17267	0.17759	0.18779	0.14186	0.11093	0.81313
0.27771	0.44686	0.39786	0.74826	0.50575	0.51548	0.13464	0.09478	0.24068	0.17202	0.18153	0.20724	0.14698	0.12956	0.82935
0.28268	0.4776	0.55125	0.77676	0.68086	0.47428	0.13285	0.11806	0.44143	0.24781	0.13966	0.1854	0.14753	0.10823	0.8142
0.26728	0.48016	0.55605	0.78885	0.55558	0.51283	0.13482	0.11074	0.39187	0.19909	0.20069	0.18876	0.14346	0.1601	0.82361
0.26332	0.59625	0.51788	0.76423	0.61652	0.49167	0.13825	0.11073	0.29511	0.18464	0.15913	0.20357	0.1339	0.11626	0.8293
0.30675	0.50321	0.33836	0.7531	0.54089	0.50729	0.14225	0.12035	0.32463	0.17721	0.14086	0.19683	0.14015	0.11763	0.8031
0.29614	0.63785	0.32564	0.74808	0.63254	0.50771	0.13904	0.1142	0.27433	0.17655	0.17978	0.17866	0.13973	0.12656	0.82753
0.28867	0.52214	0.42548	0.78446	0.56258	0.48372	0.13514	0.10742	0.21986	0.19852	0.15605	0.18152	0.14353	0.10117	0.82401
0.31726	0.53769	0.39875	0.74529	0.58782	0.46781	0.14683	0.09901	0.15886	0.18785	0.16483	0.19165	0.15858	0.13363	0.80988
0.29128	0.51023	0.44437	0.78121	0.55594	0.4888	0.12881	0.11661	0.15117	0.25804	0.17479	0.19373	0.1446	0.11405	0.82014
0.2637	0.48401	0.53296	0.76167	0.5392	0.48259	0.13043	0.11081	0.20855	0.23248	0.16084	0.17942	0.12695	0.1162	0.817
0.31685	0.50554	0.54235	0.7819	0.56014	0.50037	0.14845	0.09622	0.23158	0.20312	0.1574	0.20122	0.15149	0.12386	0.8106
0.27232	0.54196	0.45841	0.78334	0.58261	0.51839	0.13339	0.1041	0.2441	0.21811	0.16556	0.1889	0.1449	0.11327	0.81175
0.28952	0.56416	0.30137	0.79551	0.51809	0.50241	0.13558	0.09607	0.26699	0.21711	0.15462	0.16826	0.15008	0.13715	0.81836
0.26026	0.56688	0.17293	0.76135	0.54763	0.5077	0.13907	0.09932	0.30471	0.1501	0.20104	0.18984	0.13379	0.11526	0.81759
0.29498	0.51946	0.19179	0.77925	0.55809	0.49624	0.13938	0.10901	0.23123	0.2175	0.16491	0.1957	0.14462	0.10453	0.82645
0.29029	0.5123	0.2298	0.7633	0.46486	0.49781	0.13559	0.11397	0.19656	0.18531	0.16089	0.18397	0.13583	0.12444	0.80707
0.2801	0.51304	0.28679	0.75933	0.60881	0.47109	0.13961	0.10247	0.17566	0.15461	0.13803	0.20362	0.13585	0.11792	0.83843
0.29492	0.55125	0.40244	0.76517	0.58357	0.51829	0.13725	0.09851	0.16949	0.27031	0.16758	0.1752	0.13225	0.14264	0.82486
0.30218	0.47703	0.44069	0.76458	0.55977	0.47972	0.123	0.09969	0.25948	0.15246	0.16969	0.19154	0.12636	0.1139	0.82429
0.27048	0.54092	0.37644	0.78227	0.56258	0.526	0.13417	0.1101	0.28896	0.24947	0.15759	0.18605	0.13065	0.10542	0.82441
0.28617	0.58831	0.36336	0.75551	0.55071	0.48393	0.14641	0.10675	0.14847	0.22505	0.13894	0.19969	0.12891	0.11362	0.84129
0.2785	0.50706	0.39218	0.77468	0.54864	0.50821	0.14581	0.10379	0.26095	0.21772	0.14865	0.19986	0.15652	0.13135	0.81952
0.29017	0.48525	0.40311	0.74544	0.57704	0.46994	0.14469	0.09008	0.19785	0.21472	0.19007	0.18773	0.12597	0.10642	0.83608
0.28191	0.51362	0.50288	0.77118	0.55205	0.46574	0.12336	0.11199	0.18926	0.24366	0.1623	0.18401	0.13468	0.12798	0.83003
0.2971	0.52042	0.50046	0.81221	0.59229	0.47507	0.14122	0.10499	0.13307	0.16554	0.14533	0.18079	0.13799	0.11269	0.80701
0.27567	0.51744	0.41197	0.77936	0.4723	0.47917	0.1447	0.09225	0.20147	0.31709	0.15993	0.17744	0.14572	0.12185	0.82795
0.29127	0.56346	0.27609	0.76403	0.52059	0.4884	0.13619	0.10592	0.18249	0.1797	0.15181	0.19914	0.15028	0.10643	0.82551
0.28541	0.59599	0.34622	0.76658	0.54039	0.50508	0.14738	0.11468	0.22746	0.21256	0.14979	0.17808	0.13638	0.13007	0.81972
0.27999	0.51621	0.38883	0.74512	0.55167	0.45033	0.13763	0.10234	0.15232	0.21261	0.17583	0.18716	0.14307	0.1143	0.79788
0.27506	0.47893	0.4098	0.77971	0.60712	0.52817	0.13314	0.11599	0.29511	0.16286	0.17367	0.1904	0.1355	0.09583	0.80397
0.30972	0.56847	0.3286	0.76439	0.51689	0.46649	0.13088	0.10536	0.25027	0.19145	0.20547	0.19934	0.12387	0.14064	0.8204
0.30008	0.51857	0.30026	0.74301	0.56288	0.49527	0.13707	0.11323	0.14322	0.18989	0.15895	0.17707	0.13968	0.11738	0.7942
0.28815	0.46428	0.40484	0.7434	0.53663	0.50316	0.13511	0.09594	0.15041	0.25155	0.19043	0.1713	0.14172	0.13682	0.82189
0.2978	0.50568	0.48125	0.77279	0.55835	0.4931	0.14599	0.10485	0.22236	0.19775	0.14048	0.17076	0.12893	0.11337	0.80868
0.30391	0.46366	0.42133	0.78569	0.52976	0.4846	0.14017	0.09777	0.17933	0.2025	0.14244	0.18522	0.13165	0.13741	0.82579
0.28591	0.47601	0.36586	0.75557	0.54512	0.47755	0.14789	0.10039	0.21688	0.22532	0.15724	0.20249	0.13375	0.11581	0.81263
0.29184	0.50009	0.45029	0.74252	0.53922	0.48018	0.14342	0.10348	0.1405	0.15066	0.1396	0.16226	0.12379	0.12777	0.79978
0.28232	0.57829	0.53237	0.7707	0.58249	0.49394	0.13763	0.10849	0.13499	0.26965	0.14956	0.1925	0.13687	0.10311	0.81118
0.31203	0.47954	0.56244	0.73533	0.57439	0.48501	0.14019	0.09555	0.13865	0.21819	0.13525	0.18771	0.12987	0.11368	0.81103
0.28573	0.53489	0.53905	0.74773	0.59419	0.49339	0.13176	0.10183	0.14054	0.16996	0.15879	0.18108	0.13914	0.09721	0.80342
0.26561	0.5703	0.47696	0.77187	0.49793	0.49839	0.13555	0.10738	0.13497	0.24116	0.1554	0.18025	0.13287	0.11706	0.79311
0.27994	0.49606	0.42374	0.79591	0.63855	0.49106	0.1317	0.0968	0.14354	0.18282	0.1419	0.18749	0.13787	0.10208	0.8008
0.2775	0.52932	0.50118	0.76502	0.5215	0.50401	0.13662	0.09793	0.10788	0.17524	0.15324	0.17368	0.13407	0.1255	0.79643
0.28315	0.50722	0.51424	0.75468	0.56142	0.46916	0.14046	0.10724	0.14874	0.15864	0.14673	0.18318	0.14302	0.12648	0.82097
0.2717	0.45027	0.42563	0.79124	0.57477	0.51702	0.1377	0.10806	0.13687	0.17752	0.18336	0.1959	0.15122	0.1004	0.80995
0.26751	0.48497	0.3296	0.76327	0.50992	0.50708	0.13493	0.10824	0.114	0.21629	0.16267	0.18269	0.14158	0.15627	0.83215
0.28321	0.51818	0.30846	0.75513	0.61244	0.47876	0.14929	0.10709	0.13581	0.15763	0.1445	0.18197	0.12739	0.11728	0.8165
0.28197	0.51847	0.46044	0.7479	0.5735	0.49562	0.1318	0.10178	0.12883	0.24643	0.1676	0.1828	0.14842	0.10934	0.81321
0.24751	0.47717	0.40641	0.75434	0.55427	0.46322	0.13981	0.09524	0.12694	0.17836	0.17038	0.18797	0.14689	0.16775	0.82642
0.2756	0.4501	0.18569	0.78993	0.53335	0.51337	0.12973	0.10074	0.34608	0.17288	0.15089	0.19438	0.15137	0.1209	0.80105
0.27683	0.49438	0.41446	0.78112	0.59371	0.50581	0.13399	0.11041	0.34774	0.20164	0.162	0.16349	0.13786	0.11321	0.81094
0.29321	0.49125	0.40968	0.78895	0.46002	0.5239	0.1432	0.10438	0.13436	0.16456	0.15883	0.18692	0.12751	0.1	0.80719
0.27185	0.53041	0.35048	0.78008	0.51638	0.48987	0.13688	0.09312	0.19059	0.22831	0.16127	0.17888	0.1525	0.11401	0.82825
0.29958	0.50776	0.59631	0.76017	0.58955	0.49278	0.14517	0.09973	0.23043	0.23256	0.14266	0.18137	0.12797	0.09339	0.81928
0.25947	0.47391	0.61949	0.76125	0.55896	0.47679	0.13153	0.09441	0.3714	0.21825	0.13588	0.19038	0.13565	0.11352	0.80756
0.26863	0.45984	0.57709	0.78311	0.57226	0.50132	0.14695	0.09893	0.41065	0.23394	0.12734	0.16395	0.14014	0.09942	0.83564
0.29837	0.49934	0.43279	0.73712	0.54392	0.4723	0.11816	0.10238	0.52817	0.22115	0.13443	0.17021	0.13502	0.09804	0.80633
0.30565	0.45148	0.37696	0.78879	0.59829	0.49991	0.14246	0.10498	0.44482	0.21352	0.14447	0.17846	0.13992	0.11022	0.80762
0.26302	0.45813	0.37887	0.78014	0.52141	0.47905	0.1247	0.0885	0.2741	0.22571	0.18766	0.17771	0.14241	0.10635	0.80749
0.29756	0.46292	0.41725	0.77688	0.56119	0.50413	0.13048	0.08982	0.14642	0.17712	0.15486	0.19822	0.13183	0.11638	0.81802
0.25249	0.49863	0.34865	0.76629	0.45617	0.53009	0.12576	0.099	0.15725	0.21355	0.17224	0.14917	0.13482	0.12289	0.79724
0.26445	0.53628	0.3326	0.72324	0.53528	0.49126	0.12625	0.09939	0.20482	0.27256	0.15394	0.16141	0.137	0.12963	0.79561
0.28977	0.51823	0.28934	0.78189	0.51283	0.50537	0.13798	0.09542	0.20872	0.18749	0.15343	0.17709	0.13026	0.11648	0.81696
0.27136	0.53599	0.34868	0.77469	0.5438	0.51981	0.12113	0.09462	0.23456	0.20496	0.15693	0.16565	0.12923	0.10563	0.79999
0.29216	0.485	0.3633	0.79368	0.46188	0.5165	0.11241	0.10101	0.19146	0.20385	0.15918	0.17636	0.13502	0.11107	0.81143
0.27705	0.4591	0.60695	0.80169	0.4916	0.48785	0.31474	0.09503	0.50201	0.26508	0.13464	0.19017	0.13888	0.10301	0.80374
0.28259	0.52552	0.68142	0.72207	0.52897	0.47345	0.32378	0.09402	0.53809	0.21297	0.16362	0.1772	0.13915	0.1012	0.80985
0.28178	0.51944	0.69439	0.7651	0.59015	0.46227	0.28843	0.09515	0.43407	0.25058	0.13793	0.18981	0.12049	0.09384	0.80187
0.25154	0.53497	0.69079	0.74587	0.50915	0.5008	0.22552	0.09719	0.2721	0.2227	0.24609	0.18629	0.13321	0.10645	0.81574
0.28971	0.47998	0.66683	0.82157	0.60561	0.52542	0.13339	0.09186	0.22626	0.22973	0.16116	0.16894	0.13955	0.11797	0.81214
0.25711	0.5027	0.66105	0.78097	0.48614	0.48802	0.11329	0.09887	0.244	0.20748	0.14851	0.164	0.13345	0.10152	0.80872
0.28198	0.48364	0.64294	0.78176	0.51531	0.51162	0.12294	0.09147	0.2153	0.20264	0.13372	0.17893	0.13538	0.11179	0.79623
0.2902	0.53254	0.61799	0.81539	0.51735	0.50013	0.12127	0.08879	0.13675	0.22718	0.12287	0.16564	0.13458	0.10603	0.81141
0.28503	0.44247	0.63275	0.79244	0.52312	0.4962	0.12378	0.08755	0.13864	0.2011	0.16709	0.17144	0.1346	0.09783	0.82596
0.30634	0.46903	0.61151	0.80186	0.56493	0.50978	0.15162	0.09907	0.13082	0.17766	0.14826	0.17012	0.12749	0.08951	0.80393
0.27893	0.50749	0.59495	0.75227	0.53992	0.4678	0.132	0.09455	0.14351	0.31954	0.13901	0.17931	0.14395	0.10131	0.81595
0.24972	0.53535	0.58698	0.79817	0.52015	0.50137	0.12077	0.0995	0.13156	0.17513	0.18981	0.17073	0.13308	0.09287	0.81796
0.291	0.50739	0.56481	0.79438	0.50238	0.49213	0.11975	0.08619	0.12832	0.25992	0.16045	0.17307	0.14166	0.09373	0.78451
0.27994	0.51399	0.53219	0.83823	0.58619	0.50407	0.2296	0.10463	0.13668	0.26827	0.14253	0.18562	0.1453	0.09649	0.81852
0.25879	0.47229	0.3886	0.81538	0.43982	0.5008	0.12126	0.07921	0.11915	0.20859	0.20695	0.17137	0.13438	0.11138	0.80083
0.27533	0.53717	0.15222	0.82003	0.53776	0.50103	0.13734	0.09196	0.14438	0.20921	0.17748	0.18385	0.12992	0.1119	0.79824
0.281	0.51922	0.1587	0.71266	0.48479	0.50411	0.13603	0.10284	0.12319	0.24717	0.15965	0.16713	0.13532	0.10107	0.79776
0.26192	0.46729	0.15798	0.796	0.52433	0.50868	0.13631	0.10175	0.13228	0.21867	0.14221	0.1686	0.13581	0.09842	0.81949
0.26897	0.47155	0.18484	0.74133	0.48167	0.49597	0.1347	0.09231	0.13163	0.20124	0.14072	0.15622	0.12196	0.10962	0.80206
0.27321	0.44277	0.36557	0.79668	0.53445	0.45981	0.13418	0.0933	0.13058	0.14808	0.15875	0.17159	0.13843	0.09807	0.78939
0.25647	0.50975	0.38613	0.7964	0.49947	0.47243	0.14322	0.09604	0.12483	0.22791	0.14266	0.16544	0.13754	0.09607	0.80788
0.27258	0.49785	0.44197	0.75205	0.49529	0.4852	0.13368	0.10852	0.13545	0.26814	0.14687	0.16379	0.12899	0.08942	0.80196
0.27261	0.49059	0.43848	0.80061	0.58594	0.48915	0.13136	0.07824	0.13847	0.2216	0.14653	0.17892	0.13983	0.12265	0.80204
0.29971	0.45699	0.4267	0.80145	0.42796	0.50913	0.12163	0.09534	0.12014	0.18731	0.19117	0.15306	0.13889	0.09943	0.80922
0.27078	0.4138	0.43301	0.70547	0.49039	0.46759	0.13165	0.09109	0.12607	0.32338	0.16248	0.16873	0.1285	0.10389	0.79471
0.27794	0.41828	0.42555	0.77914	0.5177	0.51166	0.13532	0.09547	0.11616	0.11848	0.15498	0.16495	0.13698	0.10155	0.80009
0.27046	0.51661	0.39625	0.74311	0.49668	0.45557	0.12544	0.09753	0.12512	0.31744	0.13666	0.1599	0.14205	0.10287	0.82097
0.27032	0.51213	0.47987	0.76971	0.50983	0.51682	0.14016	0.08129	0.13559	0.15706	0.14791	0.17003	0.13636	0.08775	0.81115
0.27908	0.49082	0.46653	0.80553	0.48811	0.54314	0.12424	0.08459	0.23859	0.30905	0.15252	0.16188	0.13139	0.09903	0.81481
0.28453	0.40234	0.43402	0.71875	0.50231	0.5087	0.13161	0.08566	0.20448	0.18712	0.15293	0.15673	0.11813	0.09242	0.78094
0.25798	0.49843	0.26559	0.62903	0.48105	0.2999	0.11314	0.08511	0.21873	0.20484	0.19782	0.17499	0.12477	0.08501	0.80026
0.27622	0.50199	0.29443	0.75016	0.47224	0.50546	0.15771	0.09529	0.12355	0.19273	0.24129	0.17317	0.12469	0.08626	0.82404
0.28197	0.52312	0.4315	0.7695	0.50032	0.5108	0.13383	0.08297	0.19781	0.2392	0.19045	0.16813	0.27588	0.09475	0.80905
0.25491	0.55175	0.4294	0.7014	0.48869	0.46749	0.11417	0.09382	0.16487	0.19325	0.20362	0.15503	0.14172	0.08498	0.81044
0.25991	0.53764	0.42512	0.78826	0.50677	0.49671	0.11601	0.08843	0.15969	0.21728	0.15011	0.17093	0.12429	0.09799	0.81054
0.26282	0.4837	0.31233	0.73213	0.49594	0.52745	0.10558	0.08281	0.2214	0.33092	0.15395	0.16525	0.15274	0.09873	0.82025
0.27233	0.52592	0.22382	0.7846	0.43838	0.51666	0.1443	0.08302	0.204	0.17984	0.1534	0.17906	0.12131	0.09075	0.79332
0.27548	0.49217	0.15874	0.75256	0.55583	0.52106	0.38566	0.09264	0.21144	0.17611	0.13614	0.1478	0.13439	0.09557	0.82512
0.27089	0.4551	0.13531	0.77356	0.54062	0.50071	0.41772	0.09085	0.14194	0.24864	0.17377	0.16639	0.11625	0.1098	0.81332
0.2593	0.45962	0.15473	0.74654	0.48736	0.48241	0.32254	0.08383	0.19365	0.15447	0.13879	0.1607	0.10917	0.09831	0.8144
0.25147	0.50695	0.16657	0.78384	0.56539	0.50324	0.25583	0.08295	0.19445	0.27414	0.17589	0.14589	0.12035	0.09165	0.81526
0.26648	0.52953	0.16392	0.78383	0.50929	0.4912	0.21279	0.0786	0.14314	0.2495	0.15255	0.15152	0.16366	0.10834	0.83334
0.25245	0.52626	0.13182	0.7233	0.47466	0.48752	0.18344	0.08374	0.12112	0.19935	0.1643	0.15547	0.13466	0.10323	0.79739
0.26819	0.50661	0.16025	0.75973	0.49343	0.51398	0.16317	0.08609	0.16479	0.22647	0.22471	0.15954	0.12945	0.09258	0.79053
0.26924	0.5751	0.12431	0.74748	0.50455	0.50119	0.11426	0.08724	0.22336	0.22842	0.20165	0.1647	0.12764	0.09206	0.79605
0.26242	0.54553	0.16137	0.75057	0.5185	0.51228	0.11445	0.08383	0.22639	0.16947	0.2032	0.1586	0.10865	0.0969	0.79849
0.26595	0.38971	0.13182	0.7524	0.54138	0.49663	0.1088	0.08532	0.21796	0.22064	0.15279	0.1451	0.10631	0.07928	0.79433
0.24683	0.50434	0.13092	0.72866	0.49522	0.49291	0.16727	0.0927	0.2297	0.25657	0.17629	0.17068	0.13782	0.09553	0.78983
0.26959	0.56955	0.14726	0.79767	0.48087	0.49896	0.08755	0.08333	0.32242	0.16923	0.1725	0.15705	0.12972	0.1087	0.80787
0.24153	0.56447	0.13001	0.75048	0.55934	0.50966	0.13049	0.08321	0.24094	0.16877	0.16871	0.16937	0.12723	0.09657	0.8013
0.25852	0.55021	0.15209	0.72347	0.53015	0.50174	0.13962	0.0867	0.18278	0.22524	0.15896	0.16516	0.1185	0.0879	0.81908
0.25073	0.49599	0.13693	0.81819	0.49085	0.50182	0.15098	0.07123	0.22982	0.28811	0.14975	0.15683	0.12928	0.09807	0.80827
0.2668	0.51696	0.14729	0.75051	0.50558	0.51791	0.13741	0.07374	0.3035	0.22737	0.15991	0.16849	0.12556	0.09066	0.81239
0.2814	0.56716	0.12641	0.75733	0.52279	0.47936	0.26352	0.07708	0.27239	0.17352	0.25098	0.16787	0.13522	0.09677	0.79246
0.27039	0.5704	0.14471	0.7502	0.47583	0.52085	0.30788	0.08719	0.34007	0.2299	0.1961	0.16493	0.14741	0.11037	0.79935
0.2605	0.48793	0.14228	0.7993	0.57773	0.50028	0.25929	0.0875	0.35133	0.25541	0.16111	0.14461	0.13583	0.10003	0.81086
0.27376	0.53997	0.13326	0.78529	0.50014	0.51071	0.14291	0.08105	0.28293	0.22037	0.18229	0.14019	0.12541	0.11543	0.7985
0.25761	0.52411	0.14937	0.74663	0.53127	0.47321	0.12422	0.07468	0.24477	0.22131	0.17676	0.16417	0.113	0.08768	0.7909
0.27167	0.54232	0.13098	0.75415	0.47572	0.50523	0.12619	0.10299	0.24821	0.25976	0.22362	0.16605	0.12151	0.09716	0.79843
0.24644	0.49073	0.11743	0.77487	0.49799	0.47646	0.18851	0.08734	0.20727	0.21999	0.16846	0.13661	0.12572	0.09585	0.81583
0.26485	0.45113	0.13573	0.77052	0.50804	0.51056	0.25018	0.08998	0.19674	0.24115	0.16727	0.1583	0.12201	0.08423	0.79923
0.27621	0.57698	0.14701	0.78293	0.4991	0.48489	0.16204	0.08559	0.19308	0.13789	0.15859	0.15687	0.11896	0.08755	0.79497
0.25893	0.69815	0.8313	0.75447	0.54965	0.50435	0.11998	0.07492	0.20722	0.22431	0.16254	0.16227	0.11411	0.13761	0.7928
0.27107	0.62271	0.88857	0.80454	0.48184	0.4726	0.12447	0.09381	0.22263	0.21445	0.15855	0.14052	0.12403	0.10501	0.78368
0.25178	0.62363	0.87077	0.72981	0.50422	0.51274	0.14985	0.08096	0.20449	0.32044	0.1587	0.15466	0.14382	0.1422	0.82624
0.2464	0.59537	0.88677	0.77874	0.54188	0.49818	0.11787	0.0808	0.22017	0.19849	0.1591	0.16121	0.1223	0.08881	0.82464
0.24283	0.56197	0.86798	0.7473	0.519	0.48785	0.1026	0.0902	0.41102	0.25478	0.16364	0.1721	0.11454	0.07037	0.80032
0.26927	0.53112	0.87266	0.74201	0.52849	0.48846	0.15684	0.07219	0.3088	0.24697	0.14414	0.15379	0.1189	0.09074	0.79553
0.27634	0.48112	0.8665	0.73657	0.57259	0.48924	0.1447	0.08052	0.25864	0.17837	0.15367	0.13994	0.1342	0.10464	0.79531
0.27949	0.47099	0.14345	0.7934	0.48903	0.50342	0.13651	0.08051	0.27123	0.25986	0.16068	0.15867	0.11443	0.08496	0.79769
0.27192	0.50506	0.13422	0.79831	0.48079	0.51685	0.16792	0.07499	0.27416	0.21093	0.15412	0.16138	0.10571	0.09379	0.81498
0.26762	0.49336	0.14405	0.76106	0.51131	0.48667	0.13142	0.06919	0.2764	0.19314	0.14135	0.15939	0.11713	0.09105	0.81543
0.26454	0.45544	0.14561	0.79988	0.45254	0.47965	0.11225	0.0896	0.31262	0.24542	0.15232	0.13433	0.11444	0.10585	0.79837
0.26912	0.5123	0.13347	0.77603	0.56478	0.4828	0.11457	0.09092	0.26543	0.23725	0.15363	0.14594	0.1198	0.09245	0.81757
0.27637	0.54983	0.14719	0.75763	0.49462	0.50745	0.17622	0.0812	0.26084	0.23482	0.13454	0.15177	0.13194	0.07943	0.81514
0.26381	0.57114	0.14527	0.72411	0.49605	0.4993	0.10887	0.08916	0.21311	0.15192	0.15794	0.14467	0.12433	0.10405	0.80346
0.25863	0.45093	0.14696	0.74906	0.44168	0.51579	0.29213	0.07405	0.51694	0.16674	0.1515	0.16097	0.13312	0.09472	0.81568
0.26504	0.40114	0.12598	0.73702	0.51258	0.50847	0.36891	0.07701	0.47205	0.23262	0.21613	0.15353	0.12546	0.09766	0.80177
0.24908	0.53788	0.11806	0.77497	0.50425	0.49484	0.37985	0.0746	0.35305	0.22235	0.14399	0.15493	0.11071	0.07864	0.82045
0.24624	0.5629	0.15723	0.75187	0.47675	0.52792	0.37236	0.09046	0.24268	0.17565	0.14937	0.17173	0.13416	0.09289	0.78973
0.25164	0.50388	0.1495	0.77041	0.48571	0.50876	0.3175	0.08593	0.25114	0.17483	0.15505	0.16253	0.13947	0.09078	0.79477
0.256	0.54042	0.15839	0.77586	0.47209	0.49758	0.35043	0.07596	0.23776	0.25328	0.16256	0.14065	0.23077	0.10451	0.805
0.24694	0.40833	0.14242	0.80377	0.50578	0.51485	0.31115	0.07685	0.28117	0.20578	0.14346	0.15896	0.13098	0.07872	0.81614
0.24653	0.55298	0.13371	0.74941	0.40926	0.5028	0.28409	0.07275	0.25661	0.22198	0.15527	0.14733	0.13363	0.11518	0.80679
0.25234	0.60253	0.13264	0.80905	0.4142	0.50347	0.27283	0.07366	0.26318	0.26477	0.18212	0.14528	0.12806	0.07952	0.80587
0.25938	0.53741	0.1404	0.81128	0.50178	0.47866	0.21409	0.0722	0.44144	0.2047	0.13168	0.15008	0.12829	0.09319	0.80777
0.28786	0.48306	0.13238	0.7989	0.50338	0.52288	0.11189	0.07238	0.27565	0.19207	0.13424	0.13871	0.20111	0.08189	0.79022
0.25064	0.4977	0.15762	0.73744	0.51078	0.4831	0.1155	0.07644	0.22881	0.23434	0.12421	0.1567	0.13754	0.08406	0.79544
0.27624	0.48092	0.13536	0.75391	0.46035	0.48586	0.11217	0.0767	0.25767	0.13563	0.13263	0.16265	0.11881	0.09283	0.77323
0.24777	0.55212	0.14028	0.70405	0.57916	0.48501	0.10069	0.08453	0.21083	0.29319	0.14541	0.16055	0.1354	0.08695	0.79809
0.25622	0.51143	0.14308	0.74272	0.44784	0.48964	0.22113	0.07962	0.26395	0.13667	0.11772	0.1552	0.1158	0.11092	0.81586
0.26377	0.47066	0.14764	0.75306	0.47061	0.46936	0.27834	0.07032	0.32801	0.17945	0.1245	0.14407	0.17386	0.08857	0.81692
0.26463	0.46559	0.13359	0.76849	0.5049	0.50272	0.26404	0.07358	0.27468	0.21183	0.14965	0.15972	0.12283	0.08613	0.80465
0.2653	0.46805	0.13656	0.76504	0.4658	0.49171	0.21914	0.07659	0.20948	0.14746	0.13863	0.14891	0.12799	0.08319	0.81548
0.24001	0.45732	0.139	0.77492	0.47584	0.49803	0.11424	0.08145	0.23871	0.25397	0.13859	0.17209	0.25002	0.08283	0.79379
0.26911	0.47585	0.12811	0.76598	0.43822	0.46582	0.108	0.08209	0.20427	0.19287	0.1384	0.14593	0.42917	0.1044	0.8055
0.24935	0.47253	0.13646	0.77253	0.46668	0.50478	0.10964	0.07613	0.2023	0.17491	0.18531	0.13452	0.37362	0.08412	0.80495
0.24238	0.51397	0.13115	0.75702	0.46854	0.48465	0.10469	0.07381	0.22088	0.20138	0.14841	0.13969	0.39413	0.09517	0.80352
0.26471	0.56412	0.13904	0.76589	0.52539	0.50263	0.10186	0.08562	0.21841	0.15524	0.12386	0.12851	0.33064	0.09106	0.78673
0.25684	0.50678	0.12622	0.75489	0.50456	0.51325	0.14047	0.07885	0.20538	0.14783	0.13475	0.13431	0.17596	0.09241	0.8113
0.26366	0.53714	0.13053	0.74721	0.54892	0.47508	0.11449	0.07665	0.19278	0.15496	0.12815	0.1556	0.11281	0.09761	0.80451
0.23417	0.51466	0.13522	0.74982	0.51544	0.49402	0.13612	0.06834	0.20887	0.19404	0.13181	0.17778	0.12745	0.08155	0.79759
0.2802	0.4926	0.13158	0.74179	0.50253	0.49152	0.1131	0.08373	0.20505	0.16429	0.13663	0.13337	0.12102	0.07651	0.80897
0.24763	0.52892	0.14772	0.79896	0.53113	0.50641	0.12067	0.06946	0.2128	0.18736	0.13416	0.13474	0.1108	0.09089	0.83251
0.23734	0.49779	0.13915	0.79344	0.5835	0.50559	0.1241	0.08611	0.16127	0.14854	0.15664	0.12267	0.13702	0.09397	0.83716
0.25783	0.47288	0.13505	0.76779	0.58758	0.53758	0.13281	0.08406	0.19628	0.17015	0.13112	0.14349	0.12573	0.08614	0.80165
0.25354	0.51238	0.13712	0.73875	0.54978	0.48026	0.13072	0.08053	0.19649	0.2367	0.19196	0.15704	0.13934	0.08438	0.79728
0.2507	0.48881	0.13732	0.76643	0.64125	0.49747	0.12995	0.08172	0.21186	0.14946	0.1455	0.14643	0.13037	0.11209	0.80933
0.28666	0.50679	0.12818	0.76818	0.57571	0.48242	0.13309	0.07449	0.23533	0.30277	0.12624	0.14322	0.1307	0.0878	0.808
0.27285	0.48772	0.13657	0.76732	0.70964	0.47993	0.12853	0.08727	0.23359	0.16909	0.1581	0.12892	0.13253	0.11068	0.79086
0.25985	0.60321	0.12576	0.76991	0.57444	0.48756	0.12982	0.07184	0.26217	0.21764	0.13354	0.12617	0.13863	0.07629	0.81148
0.24089	0.58176	0.13658	0.7895	0.66986	0.52009	0.13801	0.07096	0.24223	0.17297	0.13411	0.13844	0.12596	0.1001	0.81121
0.23353	0.52299	0.13645	0.74545	0.63219	0.52852	0.1263	0.07052	0.20249	0.23056	0.1451	0.1451	0.11319	0.07622	0.82483
0.26206	0.65064	0.12019	0.71869	0.60557	0.49101	0.12606	0.0843	0.20697	0.13718	0.15307	0.13487	0.13283	0.13907	0.82281
0.2411	0.69875	0.13157	0.88226	0.79116	0.49962	0.13118	0.0707	0.21049	0.17972	0.15464	0.15753	0.12538	0.07564	0.84655
0.24923	0.47536	0.15663	0.95553	0.54837	0.50951	0.12684	0.08443	0.20948	0.12705	0.14524	0.13939	0.1292	0.11164	0.81304
0.25113	0.45904	0.13455	0.91271	0.50969	0.48243	0.1321	0.07589	0.20182	0.27365	0.18304	0.16166	0.12854	0.08297	0.79956
0.25839	0.24712	0.12974	0.92574	0.52517	0.47496	0.12958	0.0721	0.20676	0.17754	0.12694	0.13889	0.11905	0.08773	0.80481
0.26117	0.34612	0.13869	0.93194	0.5153	0.47443	0.12318	0.07616	0.20479	0.16917	0.14672	0.14275	0.13254	0.10223	0.8133
0.26717	0.33657	0.14677	0.93521	0.51444	0.52142	0.12777	0.07509	0.20422	0.20945	0.11781	0.14312	0.11875	0.0972	0.80338
0.25843	0.40311	0.12894	0.92981	0.52631	0.53273	0.12725	0.06213	0.18825	0.17926	0.12828	0.13291	0.12647	0.0764	0.78642
0.26188	0.49403	0.13659	0.92351	0.53237	0.49234	0.13355	0.07012	0.19869	0.25108	0.19013	0.16126	0.12479	0.08302	0.79371
0.23319	0.33533	0.12179	0.81695	0.54559	0.50248	0.1426	0.07715	0.18599	0.1696	0.12967	0.14239	0.12319	0.0748	0.80175
0.2396	0.29416	0.13811	0.84026	0.52275	0.50742	0.11587	0.07151	0.20759	0.16246	0.13496	0.13986	0.12893	0.08003	0.79426
0.26242	0.40914	0.13905	0.8544	0.82389	0.53415	0.13065	0.06901	0.19225	0.21733	0.13488	0.15443	0.14172	0.08987	0.79523
0.26692	0.37919	0.13462	0.918	0.54456	0.48475	0.12447	0.07949	0.19888	0.16144	0.14342	0.12359	0.12428	0.08179	0.79369
0.2604	0.47428	0.14266	0.87386	0.54708	0.49622	0.12184	0.07296	0.21195	0.13754	0.18399	0.16059	0.13409	0.08718	0.79829
0.25635	0.58451	0.12713	0.90055	0.688	0.4918	0.1402	0.07311	0.20495	0.11864	0.10797	0.13347	0.12821	0.08613	0.80828
0.24204	0.36336	0.13611	0.89898	0.64789	0.4916	0.13691	0.07301	0.22383	0.18841	0.12055	0.13675	0.14038	0.07834	0.79867
0.27362	0.36097	0.12024	0.87961	0.70813	0.50128	0.13106	0.07492	0.2158	0.22793	0.11261	0.13723	0.12251	0.08508	0.79827
0.23956	0.35251	0.11885	0.92926	0.75869	0.49996	0.14103	0.06223	0.20951	0.15354	0.14496	0.15002	0.1222	0.10088	0.79529
0.21626	0.37528	0.13235	0.7994	0.61884	0.49878	0.13193	0.07233	0.20396	0.1531	0.14772	0.12025	0.12972	0.09344	0.82593
0.25556	0.55426	0.12759	0.74532	0.69427	0.51971	0.12412	0.08067	0.2157	0.16494	0.13828	0.14746	0.12582	0.09367	0.78332
0.23844	0.61667	0.11046	0.75136	0.60712	0.47563	0.12324	0.0844	0.22083	0.18743	0.11566	0.14776	0.12454	0.08019	0.7783
0.26393	0.6129	0.1356	0.87682	0.68587	0.4993	0.14191	0.07797	0.19838	0.17857	0.11651	0.15355	0.12692	0.07106	0.79587
0.26673	0.20525	0.13397	0.91896	0.79299	0.51381	0.11664	0.0718	0.18955	0.26242	0.12267	0.12797	0.13499	0.08021	0.7943
0.25964	0.52912	0.1382	0.86718	0.56792	0.49374	0.13763	0.07576	0.20249	0.21758	0.10245	0.12977	0.14127	0.07509	0.79356
0.24817	0.41389	0.13375	0.90911	0.64783	0.47845	0.13695	0.07842	0.2108	0.12492	0.12697	0.12406	0.11844	0.10499	0.81409
0.24595	0.39087	0.12419	0.90899	0.51931	0.48928	0.1245	0.06226	0.21527	0.1784	0.10766	0.13539	0.12041	0.09406	0.79507
0.23181	0.35992	0.13306	0.8527	0.51649	0.5307	0.12936	0.06878	0.18048	0.15543	0.09985	0.13858	0.12994	0.06678	0.80018
0.23545	0.47906	0.13548	0.85028	0.52743	0.48425	0.13424	0.07469	0.21533	0.19793	0.10121	0.13262	0.13098	0.08167	0.79914
0.25254	0.47243	0.15164	0.91208	0.50363	0.5175	0.12452	0.07571	0.18606	0.21629	0.10901	0.1399	0.12384	0.09101	0.79538
0.22708	0.32612	0.12972	0.85425	0.51747	0.49556	0.11641	0.06416	0.20056	0.1379	0.11853	0.12115	0.12086	0.07044	0.81387
0.26529	0.33349	0.13567	0.81637	0.51588	0.52371	0.13274	0.07506	0.21991	0.12681	0.12038	0.12605	0.12833	0.0993	0.80126
0.24877	0.44376	0.12305	0.77091	0.51567	0.50296	0.14036	0.08351	0.22409	0.144	0.11503	0.14964	0.12541	0.07918	0.80144
