mass_ratio	chirp_mass	luminosity_distance	dec	ra	theta_jn	psi	phase	a_1	a_2	tilt_1	tilt_2	phi_12	phi_jl	geocent_time
4.564600678867086	6.647931090396284	4.031256433248231	8.732939075865835	8.264072700189848	4.5662595929430365	2.3259675702667892	2.150542005379465	3.5480928134787373	3.096140829205184	3.8559943375035326	3.2646879134557656	2.2669494133735024	2.1779642842150517	10.11412246914672
4.5635465371298265	5.719338896744689	4.484229196219893	9.406845955580748	8.353564285811025	4.301810299393736	2.0439035722554744	1.977047497068952	3.1194232225885354	2.9003297497960143	2.8413816339232483	3.1973969346693716	2.1656185748314005	1.8921076613091918	10.097895784134817
4.299841497233435	5.971677318544061	4.46887899956673	10.179332837677597	9.18846472959493	4.9210857540139035	2.3373272905658613	2.3133493846441873	2.9374337125030157	2.9311820999793383	3.0948702046232794	3.0963733806095464	2.2867258743928405	1.9538303788470024	9.799080695143918
4.372849123733043	5.946144577486896	4.137459702271639	10.104582249772282	7.968650426388805	4.211928368799348	2.151503356359357	2.2403682082514464	3.2190004732112203	3.1870590211399574	2.727542010668393	3.069901594544984	2.309845783112419	2.1230558747156754	10.309095538497354
4.1143218228263585	5.938813107490935	3.790987165493854	9.711731912149421	8.869709375553839	4.776484070245106	2.2441588695921806	2.059412082911433	3.5374657184121485	3.085881021906537	3.228553855214746	3.7892683137069776	2.2685851223257565	1.9885130726216298	10.183059069739505
4.759389728763043	6.595567498332419	4.554795302423311	9.739432432813729	8.309288714264186	4.618270640699326	2.0191370234094186	1.9182946639489045	3.0447683828290826	3.4381212255534175	2.9665816748311244	3.1477834447605897	2.160500168250686	1.8604926483555344	10.156684984469063
4.039468651558463	5.34839879502529	4.413005092551922	9.37383771734394	8.336607696575745	3.9047786816904133	2.6011617439193278	2.2184101945011587	3.293123142739862	3.2649236382264166	3.3053233250509626	3.1666881526527435	2.153696277090839	2.037880817779846	10.382750112827996
4.220467121677643	6.237134438759694	4.312999766872077	10.74896401236839	8.810961148230188	4.732947855995874	1.9934506417456572	2.0557825450099374	3.243606725503297	3.244934026777228	3.1966178385581743	3.2370651334067304	2.211151953467497	2.0792753751513775	10.416339595577135
4.501438251729767	6.207292031282342	4.633630553000295	10.221720277643286	9.194509792368663	3.751669996453882	2.292516339773852	1.9658046222455823	4.457954296470444	2.9638725729278073	3.1663526425273867	3.202598582910223	2.233621548885433	2.1156376927425686	10.189318462642847
4.211240592155255	5.9150595693953125	4.55864223110375	8.624467048136351	9.408483970676507	5.312804756526569	2.3643579578431417	2.183670320075765	2.8734847596531314	3.1097759193531687	2.9922536637921016	3.4213254664191317	2.4714483936463316	1.899222934174253	10.113249472417104
3.8937718514232253	6.198921848558007	5.348622974875184	8.403497626438657	7.811755427123344	4.34281895631652	2.006522793215716	2.123774836040243	3.2965302126661062	3.184074892380751	3.355394933320933	3.252051485467746	2.257849540584802	1.831488024437481	10.057240765355493
4.439494281755988	6.1854916964128615	4.502906174036787	9.534782012763618	9.223467809410804	4.33096680057896	2.140507777674823	2.144757740337481	3.285372994223598	3.2289759315820814	3.730303108704396	3.0982992445883086	2.3624730707700796	1.8836776222940654	10.200108906961544
4.152543616328614	6.339520934310339	6.288369009340163	10.160429557032524	7.903438567908029	4.503418040461491	2.498843059987297	1.8975045957467171	2.926307874049451	2.9862621644539193	2.993412654598414	3.393689887189657	1.9119326059285868	2.145943339126985	10.178412513810704
4.535669707719787	7.486760239598582	4.7990470613279435	8.530500687037149	7.6045507689010154	5.916973509461441	2.3625505204635426	2.18485617325164	2.863922251436051	2.9116404622777194	3.410956428657649	3.370936988017721	2.0606896371430676	2.003214686575954	10.61674800073786
4.48654388982763	6.305936434734102	3.38111416275844	10.192682829422598	10.187415619975448	5.240514589548167	2.2434837076145597	1.702892438414201	3.0870626941262773	3.039323802864319	3.1254844728044993	3.3701392558298355	2.300560342480349	1.9698684312732464	10.179880679811617
3.623784943885645	7.039501339504061	4.170678243285983	9.269682264372134	8.851315201138457	5.917165983826606	2.532606742221812	1.883630615426147	3.4777037298094324	2.905000255322149	2.8295847510974417	3.415541718016734	2.095698997929047	1.8733381470253538	10.21929512257544
4.042818505347094	5.966408259585602	4.276686379400196	9.520037625197448	9.353500714694926	5.619189604277489	2.1298136284818128	1.92352493181232	3.116272927009052	3.169545207044388	2.916775405041811	3.3240153006463102	2.130462376417582	1.914763101593315	9.937017233733911
4.454756421073916	6.812534029769885	4.384759116242303	9.615518112972662	9.21705861666692	4.027977618779513	2.1216671213058524	2.0244312161049525	3.349700256483818	2.92698773961655	3.14994029519485	2.9045353971501564	2.201590164195606	1.6327631529435835	10.664275844514917
4.8241540388479605	5.7273856019638085	5.290581661400113	9.169153486496263	9.611069161504314	4.333072152867989	2.030896858044109	2.098783260234752	3.5494921491868694	2.9342356222479626	2.95831847957452	3.136299373611788	2.0630656225651833	2.1760632847291452	10.05956533264386
4.123606706309352	6.664552814624261	4.559210639334762	9.045956602391449	8.484503852375996	4.36184469935032	2.337994371371118	2.164526376364123	3.138595089707167	2.8113733708822575	3.032926596808425	3.1712298085239685	2.279792764456046	1.9549305003984967	9.927038763340743
3.9922030438448286	6.111434348608792	5.174767406998083	10.418217459883445	9.922103770768919	4.039933650422329	1.7881705448175782	1.954880667625773	2.6676036829674357	2.94701559046029	2.785193412979451	2.995587300111263	2.2478383976670764	1.7020376810075952	9.743368918540943
4.054906762780506	6.726413076255801	5.105476217356052	9.762123496222282	8.161015833040182	3.8030138401459572	2.1559897419250698	2.0999130651627436	3.4123432624994328	3.1050285017421912	2.8609346145790258	3.083232005379185	2.607720203360075	1.8660543848745905	9.517197140306736
4.632324718723944	6.637294910995129	4.000395190736339	10.090641771432074	8.428192967150244	4.1446163312260405	2.2261396299058345	1.6744683121607409	2.7181131597229977	2.9284749104202215	2.885372600735598	3.0982400789469895	2.195747116058295	1.7023115622045004	9.977853958299491
4.359232080405901	6.406398006217472	4.2445547585711605	9.578962256453304	10.088942077633282	3.8393008965667565	2.3135302178490287	1.9961829964974562	3.8134134875057426	2.845407894299423	3.0587420350336707	3.1397680253246767	1.8077689876076308	1.8975529875489332	9.316069124683443
3.9034238872770692	5.924585644970906	5.433863726739922	9.474670129857033	7.824220615128136	4.1138943826968095	2.3823466609250787	1.9637200653174707	3.1185386800182164	2.8308888838870185	2.7963517389168384	3.1250664891724527	1.8768003632238524	1.823995856726443	9.713600983692883
4.024260591230374	6.475965278927446	3.693582449296593	8.417450086311066	9.819470900672792	3.7096744367699404	2.1782702912780816	1.9977369786773977	3.6312534292033893	2.97520233757184	3.0140157050083425	2.876246225819685	2.093495842632845	1.8957009007317072	9.614303610896041
3.8550645465253046	6.772658588492561	5.001367935008615	10.175623319683048	7.717608133582584	3.731679046460027	1.9727331873075553	2.0852115320042586	3.5289590693198116	3.112180913059901	3.1999850217884136	2.725204670214135	2.1166421456885307	1.77257894030526	9.491363092220515
4.197774515238409	6.61274627906504	4.4727726264365035	9.700650362231176	8.24461832383461	4.214301731916671	2.083090140267047	1.8912271306330868	2.8451702348312056	3.0719152484488847	2.8174386625986467	2.9001010270221874	2.235951564243052	1.8504933244162378	9.819935695692626
3.74001609722285	6.600989401175882	4.901236399956162	9.775251685918196	9.237473471334301	4.185643128641444	2.2879023595876187	2.0509205605526355	3.096478024701295	3.180482451754239	2.9950265539351255	2.919179893203811	1.9957182305597865	1.5939368647372323	10.02710790969554
4.405674333526206	6.844732187614111	4.32800283357867	9.87639620694736	7.599986186420032	4.1640987153959985	2.1574180713029465	1.9181725508487883	3.57576886443943	2.765146327315823	2.57014189153127	2.9840308978673797	2.09030823063936	1.7784425396256485	10.119203803168066
3.9401892874363855	6.813362397789537	5.416474846899509	10.169519380525623	8.843988476195937	4.686318840995756	1.8984387218543661	1.9375815177089075	3.5772175600101614	3.007588064508146	2.7850936408038187	3.1423955555564973	2.1343881286537756	1.6016393189560005	9.922457081305891
4.6542100851097645	6.842274711732812	3.895151669873543	9.702498935191244	8.052749841688314	3.647929170018772	2.240878062676644	1.8928611811691942	2.6887022695996503	2.603923803799297	2.946644643567413	3.0710020666728726	2.5290396812919687	2.1128479042852892	10.186268303158055
3.8619027657535034	5.750817641087285	5.206601054725787	9.391719292509308	7.756455480322928	3.877969312164658	2.1795354697298865	1.9104980007646188	3.092408834804278	2.96903722675069	2.775295340279814	3.016515414532693	2.4194005420867013	1.6943522856812394	10.03703081700972
4.05026842393357	5.040009753209575	5.306664338446843	9.636741507407443	7.992032192194326	3.961511955003488	2.0742971222114552	1.9272037859593023	2.704942845893918	3.0479002899566	2.8526667972950306	2.880250474791402	2.1584275926190593	1.9761181351923514	10.179494883374746
3.9456998469546796	6.505547432143333	3.47124979627205	9.108238243780276	7.451596073527634	4.464933957202418	2.13460171430938	1.9579369367574382	2.6825344465542416	2.994039270223151	3.320228659223685	2.9309621853963392	2.2421921467117882	1.7622880219372432	10.022914763784092
4.402954942566023	6.351693909123756	5.043113103869155	9.47551900451085	9.110938895149266	3.7204449105820605	1.9502679753703018	1.632380620926602	3.26496451263834	2.900603997249557	3.436034709216911	3.3282558196765746	2.100787977016175	1.7062477197440753	9.883014864728553
3.947945957758638	6.055463542346409	5.05503073830731	10.023723357991269	7.48833231562678	3.7128021506805235	1.7868059198593602	1.7508279168660217	2.789807110146256	2.959243851919894	3.2521722156605595	2.9941128442244187	1.7741172748509468	1.7411130021328183	10.054689980558354
4.508066890642045	6.101221702138675	4.6718007994467285	8.72251290002376	8.828265207503307	3.9620431943409598	2.023797918960636	2.1718428973466355	3.0145323303828744	2.9140265316001073	2.3703972674766876	2.942181805755395	1.917214112246708	1.9136041067427867	9.883918431571363
4.258895546875829	6.639467261570115	5.619957244693523	9.6148889698033	8.095056184396634	3.950687375738783	1.6988966235735559	1.9791105446264305	3.2593443578770422	2.585565055851812	2.6136376574836864	3.3048944107890623	2.032228981409034	1.5912049855425023	10.696486379121241
4.068536887144417	6.30663751953585	3.602490599208595	9.157467770575126	7.942405425342472	4.362014243195417	1.9265507877417842	1.8520957572519514	2.694719746011366	3.0201077491444663	3.0951144382843876	2.6982997571912613	1.8568947398851612	1.7002262638340244	10.498709421686218
4.550615195084811	6.173316857208048	3.5148915846126285	9.49006283841258	8.783059427680895	3.603372039909457	2.377994644490303	1.7490036707762762	2.9813710548860572	2.9004336080659194	2.9979520966986306	3.043874124630569	2.379405586504835	1.8121819155415244	10.115802140109139
4.185157372644496	5.403081113306478	4.2258004572515135	9.863835164486092	8.770901572756344	3.7285646900764777	2.051900613412529	1.930342999773393	3.208492132897963	2.903011403987554	2.4959796406838657	2.835317301380294	2.239521635834883	1.8050060029140162	10.12401531397453
4.232949359481936	5.430272620353812	4.7365139373649106	9.11447380896883	8.903855178590673	3.8003534179346965	2.078339140030358	2.027861371123583	3.5610500066253614	2.7991250179544784	2.5600511453884005	3.1046012657410627	2.653491047885079	1.511561581189367	9.918829674718728
3.6915315328246434	5.903031424714176	3.9852964293698507	9.462802143499848	9.305158478286524	3.841127730230635	2.1403475705481294	1.84319506333321	2.9416029328019366	2.6267274279561628	2.671997711921706	2.896975358289068	1.8323625292382946	1.8127727830152907	9.909517326197104
3.783376048543499	5.653140548718872	3.3582278079312067	9.588676662034972	8.044446197207046	4.630067489390327	1.7989319885695736	1.6475500607507898	3.6180890250950553	2.9230149151447886	2.5815095558486987	2.88450138695517	2.0229519277604147	1.816080971570471	9.804806024675806
3.8082509659060304	7.438685155974539	4.936512016017869	8.17978972372396	9.304142691661285	3.546343632394585	1.8374707048427963	1.7799028521437041	2.7713450049933974	2.908478554886128	2.5677625497094754	2.863009253372986	2.1497594726139453	1.7733625303441158	10.001736521405977
3.7864801750375094	6.517909288198927	3.1177061004695283	9.372942473708365	9.029382398881177	3.732493283398373	2.08190114864079	1.7571777887175466	2.8092254478832515	2.86951768929058	3.075680482212907	3.042867954899704	1.9193605233861573	1.5948263185770224	10.21047683686129
4.36788250344581	5.401285344729189	6.030544441666452	8.98384872683766	8.617855916905627	4.125907541412932	2.0332167765096614	1.5602907921655698	2.955859827543999	3.2473930323065643	2.6279021901521884	3.0613526366830714	1.9585105434304566	1.6628435294099417	9.91504848025886
4.025372749310073	6.351388318056565	4.378138982729728	9.05739660260412	9.419361873877925	3.4837052525892953	1.8000553695443626	1.7811612323576091	2.844646896448767	2.855887862475397	2.7923199817230775	3.0422812614321084	1.753339941778055	1.3718179141431883	9.941950189028168
4.530495647093237	6.970569303983588	3.0374840107731305	9.351413725394435	7.962557578418177	2.610895816918281	2.040708192641796	1.7994060683941357	4.238473276480579	3.133921438177291	2.9659303665858934	2.8315001032506384	2.4874039461182305	1.8018972331373324	9.807633747055375
4.127172884976321	7.526075060669189	3.0297567806610033	10.714179366642652	9.110648229739603	3.924840768651808	2.172045177808982	1.631835130703342	3.3432413416505624	2.84753708872845	2.8750778613125214	2.8704353963694254	2.26040462657588	1.6795195164739223	10.054051469330277
4.038203651518202	7.530987802458202	3.211883626345698	9.174899002699314	9.632807058891629	3.8184472639272493	1.7135846867384814	1.7395498827004465	2.9158734378673796	3.045918773584347	2.998870336942009	2.9960872759304302	1.9702151419263378	1.6028120524180534	10.167178275823112
4.190459366277235	6.211153056618182	5.623567926388069	9.361912558854947	9.913206166811118	5.670298369231731	2.0291713268984806	1.809222241463112	2.738778438759342	2.8191366481760203	3.3413016740623753	3.183465974697961	2.1403000005093333	1.7787886719434536	9.996988662357026
3.8225711957897652	6.280174488114122	5.570106647167819	9.284206465068713	8.243886413467333	4.391768078517445	2.1068360629052036	1.8763077968514426	2.621163606591965	2.802158269336658	2.8875862113132853	2.8542276598454315	1.7450731541074502	1.6280577325906262	10.09673248441331
4.173905242866963	7.3970049646654585	5.115716504339251	9.987805975313059	9.04031762587355	6.809193658992058	2.2601516433556728	1.6101771970001442	5.167096609413082	2.9161407514811755	3.142640689580789	2.768867542814677	1.9755637467765945	1.6921676557148366	9.864666293308847
3.351813262589958	7.092799684398527	4.4083574583554705	9.563745458128277	8.931449687168618	6.706063811100291	2.415716984265358	2.050631375462428	3.8977180310284925	2.6287565902506413	3.073655179113312	2.8053405014985016	2.0110319849977336	1.741244291918616	10.004405961384133
3.733942430490515	7.537490345881685	5.172647226218933	9.985988559752379	9.383945883695242	5.24227813506573	2.4839529836079093	1.8921941904678798	2.88532546119326	2.8396959870747183	2.6689590676955874	3.0345108472581552	2.04359838907327	1.7572558604768405	9.92159458905697
4.72799668013319	6.818284223821054	4.606190978658926	8.800409798440517	8.104936831954733	4.6777740150369125	1.7729642198829134	1.6462014080103218	2.8467245376842802	2.3475903507743965	2.8231798832756674	2.672855277036783	1.657780840421146	1.5392478130255653	10.36533031344757
3.6992089614728423	6.933741698544267	4.275778391688456	8.954597302249276	9.139228765810095	3.9373602136605177	1.7198993602983055	1.8496887991630682	2.384476654274686	2.5935823696350373	2.5828796738032365	2.8905620722415417	2.446998000544037	1.798630249013939	9.806858921291026
3.992884934871555	7.980175828361252	5.22690482526953	8.460741159502302	8.086357728493676	4.2308814741876315	1.8247289228272292	1.5892405021251652	2.6605779192334613	2.8976330299283437	2.711260869085248	2.58624629798374	1.8250153085108294	1.8070122228771581	10.444026873998085
4.290537843540309	4.7711418189025485	5.99562045431532	9.807056291706964	8.807733603244502	4.101256446942964	1.701841313440959	1.6682041546997006	2.85579311835554	3.0428234370583467	2.7202088058175344	2.743260379333534	1.907497928254568	1.7625199664181164	10.058335252339267
3.846071924311544	7.940683432172449	5.640038262879236	8.161084556427708	9.4245104081017	4.047051234798946	2.018401415743248	1.486563582915971	3.552489957927607	2.7069609931759073	2.566951725276667	2.8052694817402326	1.9238018297077444	1.5834475319716983	9.64284141906107
3.3822213308309452	8.200052243571484	4.366806504912272	9.024633716276265	8.681571060038673	4.068538181892139	1.65192416166876	1.7938001698107384	2.788559604499723	2.598555731094818	2.7698522989487877	2.8978563595781948	1.696960082703659	1.7440734149593893	10.32533522944002
3.8885314521160232	6.809523461637589	3.4468588381593577	9.365927350076454	9.064618773024927	4.038901401207013	1.859462131038368	1.6964919231408844	2.508751622559695	3.010097610448122	2.5391189593866104	3.070974950324038	1.8492679168027568	1.6482561685334167	9.740102392378128
3.472969372931203	6.535624031146751	2.9445700269476824	8.618852850223265	8.344325888727996	3.941696978657972	1.8805786122964374	1.8167681255138042	3.1046008409295083	2.3961389659776953	2.47463901386746	2.998861541779877	1.8587024162610042	1.7340716829866964	10.10877631028883
3.4764895573368237	6.243433419979496	3.008353328312803	8.921734205144306	9.804534453067832	3.9200779489575797	1.7567179078743154	1.8833016566156249	2.947871651410507	2.3815160290292354	3.051458360163204	2.6455709100566827	1.7227116523513077	1.6956413276636748	10.088862560237343
3.7929957661879663	6.817654531331089	3.345493446302386	8.569164325505922	9.193026441527833	4.173908538050111	1.9138086118467044	1.6102303818482708	4.039876149353563	2.5317562414598878	2.895925185348834	2.9351002834997395	1.7869065818456913	1.6258904368261284	9.924449676993074
4.0063865760921695	5.785114913220917	3.048441161891033	9.207142225422492	7.285052659746128	3.830149335867936	1.8591624117858876	1.5552435312785313	3.7473903447372785	2.1749043278800295	3.1976216785427884	2.97932589803438	2.0136617370876655	1.6670483167632142	10.177797505320342
3.658976383557468	6.232729042653089	3.156212273386455	8.64195734453613	9.29307927427462	3.7270940251501274	1.8863574177070606	1.600533332624289	2.5671245963376133	2.997576871740481	2.7080184541157073	2.572159536852382	1.851451005533538	1.7442423249915902	10.2623291827271
4.112710759206702	7.657533565928023	3.497203246638603	9.683620732725792	10.381025953666589	4.176675132511801	1.6887576754751368	1.9600135483799426	2.2296448022032567	2.577610723490065	2.8073422341449223	2.909288962806938	2.1530340539951167	1.5131090765425421	9.734602038518386
3.5387218687922064	6.165952659812209	4.797115120376866	10.887567673690317	10.322434951819876	3.9619898732617767	1.6530053821414572	1.5443751372898227	3.454480366014568	2.6718884116623665	2.6734418564620914	2.9119354479004422	1.8383647208279168	1.852380970883396	10.036801878345193
3.741702828726957	6.600900191898229	4.336289795501331	7.537561200713215	9.198667633905714	3.99591728695005	1.8284853587669783	1.823110139438204	5.07525385794956	2.8254287546302295	2.8873757687121415	2.704719117874442	1.8111983128051108	1.84392097291452	9.945010241578496
4.314119855821709	7.1175342223404146	5.2104361258982825	7.758796548903417	10.39684798236121	3.960825286870826	1.859816967732671	1.7532187909084729	4.677529732220787	2.2361054711664297	2.7781355071263647	2.5937488892917346	1.895142052033871	1.7737847582619555	9.6147897802867
3.6022293666844747	8.147205754938273	4.685994051195827	7.985488783938777	10.367153267350567	3.8337728419291897	1.8347774882771182	1.7530966254758455	4.1280792657712935	2.778910805125839	2.908777985065112	2.4897071442988183	1.9785375015481284	1.9039383314981069	10.21000434985874
3.833839046136411	6.985189182491102	4.93888395301885	9.02415754772086	9.121145953404495	3.7609019582239087	2.063370347598887	1.6487966651268329	3.640276062979942	2.65865877971096	2.7708784894986995	2.9220141222578215	1.8850733820179224	1.7570561813497718	10.286737036655692
3.6226469541817443	6.982438818311737	4.243158805740012	8.56221171684962	9.261843470225966	4.083723233120223	1.9467927724875906	1.5418801944937055	3.054244595907364	2.6893244145303803	2.8585817050130244	2.7410618122923722	1.9263518632233427	1.5435077866106115	9.877383480635483
3.6699677539036637	5.40797950920625	5.4118349680528945	8.725275883057199	8.068631242987571	4.476575785776855	1.8703052522852575	1.3937238909080485	3.2733728830257416	2.4722042436829725	2.87260809295067	2.961718498309442	1.7267134384908447	1.7287434269718205	9.919639715879356
3.6242242037868047	6.306940751470876	6.50888579067612	9.200449489866065	10.837599417228049	4.010512381391141	1.6113403087799898	1.8226461959465468	4.714478901838512	3.0914093538792526	2.3301041228517008	2.6125859878287367	1.7775996764922235	1.5138040538187356	9.779774491348173
3.029549330654513	6.09290591233517	5.954790166369476	9.053409763342296	8.887872122441337	4.401201128355789	1.6827310813092673	1.6585018357773058	4.18847132971236	2.8209950023209864	2.940374255717592	2.822656428984904	2.0759672475450857	1.8405337505570696	10.380481022807496
3.1369924732686285	8.00515615387861	5.668299215257049	8.724507543459122	9.877850404356202	4.269075048269739	1.6593209950585366	1.722890932251318	3.3467614635609015	2.603610723995975	2.772195711798394	2.8877984483983155	1.7006450127959516	1.5803889070379153	9.831886309922519
4.222096649778941	6.194718335186483	4.727290239265427	8.343293126803564	8.74275933951553	4.196092713230206	1.7624537346828717	1.8500969787403498	3.4272209014845836	2.5951298860722343	2.3359450785073164	2.640457773879668	1.7119209412050231	1.7295617724842716	10.101378245497235
3.917752668835689	9.221244028148853	4.34246477714738	8.378890326015313	10.15613888757809	4.2036922586012215	1.7650449852437464	1.7380537912154275	2.940448006431032	2.6272969749730968	2.7262373297964078	2.3385000696440534	1.7604437759767926	1.6565441895967388	9.68723480343994
3.950685290411515	7.215957227179516	5.225384720775142	9.463474017403989	8.946582253366785	4.073526766449579	1.5052103384722437	1.6388651512087038	2.6066378089634608	2.525988468220314	2.476270695493319	2.5372046903861127	1.856920259679014	1.4230460415012558	10.033065924442997
4.127056876313335	7.494620334202093	5.1840439823554405	8.223454874839698	9.469701729280319	3.85762349559981	1.7858437156671798	1.4983815486342542	2.5315675298616376	2.769540384754757	2.7716035353415833	2.6885235319574177	2.180768848942305	1.7939002812420821	10.202178078309467
4.201737558790212	7.138673618587317	4.802682761478966	9.006923867838923	8.991457200543474	4.059878498693219	1.63303760431026	1.81000347534244	2.282067363623877	2.9955283594189455	2.9372622715480543	2.7239008616157028	1.778664529019519	1.6607299586604969	9.762956005474676
3.3628829077696696	6.127070295257354	6.5867999302550695	9.106355122732733	8.700680092702035	3.872961991081568	1.710498146600363	1.708577205162397	2.4966149626651326	3.071972620093136	2.7161645280894233	2.59124937629334	1.6331796750131198	1.631808149411655	10.210541063529414
4.341273512760942	7.433828305417517	6.655148169846998	9.848494962204517	9.01320516176309	4.156440879194943	1.85128658190232	1.4636690928795864	2.667167410263864	2.9457598442455906	2.5296181368680033	2.8651443114201176	1.9691240563193526	1.6995315218842586	10.323171963956398
3.7927320279545613	7.053199187365787	5.635791544484702	9.160569604982156	9.354880900936783	4.402499666771757	1.597790261838929	1.6174161391866804	2.4644692361249114	3.016677415295244	2.5939020174350866	2.487672824651915	1.9088492573909255	1.456546562530571	10.212270880407885
3.4939639911516127	8.002902956912436	4.215356998735208	9.528416063392067	8.41475264875087	4.394892051825985	1.5836943913046377	1.4262661030212178	3.006984908318562	2.90647955990242	2.5092358581950354	2.4998412256391744	1.8326367829706272	1.7367916741002232	10.240272173597214
3.2444444002798165	8.098352295050402	2.775047054252922	8.944873967505874	8.91070010476232	4.349022618486248	1.8822629420226042	1.5116707484104777	3.4264464633219682	2.4680588684787237	2.722861434361623	2.593012924479954	1.6148771856163113	1.6070153791961792	10.200467610982251
3.761232731374756	6.876588537590178	3.101650763152371	9.566763612548861	8.949021409179661	3.913034861396856	1.7663576956348073	1.6580628775478514	2.670523119499025	2.89990540646907	2.7110534622248705	2.6911186011291752	1.8288238065506717	1.450608543342497	9.872509238367652
3.4321056470370115	7.011495328743397	3.3201526451759227	8.45966193587969	7.528912933405693	4.2248899970630855	1.6312401411209052	1.7455330628765655	2.6938361383364624	2.6772767378232323	2.4908765429508346	2.6175154433772687	1.7782582765556187	1.575325573709241	10.28155428107939
3.8968128567486673	6.718710509406747	3.9418579703613954	8.8293834130469	9.745834004525266	4.0608759203742695	1.793668540104194	1.5125902937176048	2.4608252023672255	2.3546484712557225	2.340169406942303	2.67022480760455	1.6777202408412935	1.6010654002819986	10.493382439955436
3.750716269584212	7.385898831919418	5.069720452944891	9.164831425365175	9.23662482470438	4.275468594257043	1.5301978137754402	1.5087658457912305	2.4819661391296584	3.2175891777505905	2.6111433244746105	2.5136043720666685	1.6800692174529246	1.6848362453156744	10.007989172455316
3.7813694365150554	6.586959207261724	5.202652745256003	8.619495525027727	9.000476985190707	3.909606180235716	1.5188734799436239	1.4783623144910427	3.2353625372405985	2.401146091507659	2.2732264679423375	2.6351821015826595	1.4552210678523467	1.5375119225426208	10.219861132408843
3.191438311341594	6.689870157003638	5.128923060355943	9.816752307683208	8.99855530111974	4.333515103278779	1.6500226627409529	1.6858623571196543	3.236519718115175	3.2510133427482724	2.5680327644359955	2.590081312783544	1.750810638602545	1.4560306502286844	10.039063637978003
3.937294043329759	8.597166278455374	4.270011386149733	8.797495875267199	8.851011932717443	4.023261433327655	1.6982571721318136	1.6540638945241704	2.106591450649028	2.8223537790067152	2.3066016824036035	2.6715312971247878	1.6691029068477703	1.5608301212462816	10.004975361195376
3.7053719544440615	6.758813833044826	5.1631375714680185	9.208393108731073	8.756950667860911	4.448135534201334	1.9299730924400482	1.5416779744303333	3.1701435547340484	2.7246106560453573	2.53779283492108	2.8427972385387754	2.016690925758626	1.641352209784483	9.983225570912161
4.015041920646186	6.187445720490436	4.65440577351559	8.330726313086458	9.335700089034363	3.837826301377598	1.834086605878553	1.2813650330284645	2.7916379043609356	2.8738275496424457	2.6294863371665103	2.5020392147016577	1.5651888773476201	1.5069144501335276	10.119514844194905
3.636336646304648	6.925064158711084	5.333034022956927	8.997843118574536	8.954882522250777	3.6370154740735097	1.557771104733332	1.7004017884434086	2.5742105046465085	2.9473354266926326	2.5433670748493955	2.505926730230478	1.7157705690265659	1.6308528627642414	9.933386808500696
3.9790741625422794	7.203766065823904	5.510276856084731	9.637124335351817	9.553485686631989	3.9969975731936276	1.8161902797346294	1.5397954217525929	2.0039373646955334	2.5729192636405447	2.3186766998271353	2.5396527022233584	1.6866938731284804	1.6001902084693174	10.372208165011262
3.415661198691251	6.944914661878155	5.428057664885646	9.710689710049092	7.62848800521672	3.7701294655793203	1.7741785150791594	1.3931495767056705	2.6436911519510935	3.6401851360324855	2.596062071015151	2.413234724948042	1.7888949220403636	1.7450571921211795	10.035457831922232
3.7396268634754337	6.685876087576709	3.4333963813386883	8.949742373630405	8.457507540153832	3.958883523932181	1.7544641775422571	1.655984587975201	2.299528483741995	2.4718505516478033	2.5354524831327234	2.5932097007820674	1.8721468986937375	1.3898263795503745	9.983073715294076
3.999462091019906	8.109451568526794	4.452968682899884	9.147294790081453	8.780955889982152	4.140807236833001	1.7367512608049909	1.7733702643642195	2.763422183133918	2.7435358723489025	2.505121105271321	2.4232230133486503	1.8297671596730565	1.5345209217677789	10.23862947984187
3.5688301242172416	7.134805357785699	5.018121625917191	8.155498528715723	8.801008290407346	3.7175126089590824	1.7033241301714896	1.5811288142848507	2.353871003925885	2.955742477329554	2.6990158293853588	2.579977243691772	1.738193329161677	1.6328110948370829	10.194837705713685
3.51362019873978	5.6562520107559315	4.9518176524322985	9.359933130283677	9.798819536141261	4.414280204183802	1.5472439418341608	1.7468036121713881	3.221001693311549	2.401867438804346	2.407312024254727	2.504325279299391	1.580978523156223	1.2787464522353422	9.953524870029145
3.8185358897337407	7.683620062572966	4.231788661592512	8.483869583777928	8.368097271661279	3.772488485087287	1.6049132175054936	1.6434294814807358	2.931007107174273	2.6870429880275575	2.961735390404699	2.720548561094858	1.6332234942627608	1.8522546309432895	9.782714722497488
3.9574041110146148	6.3591181763057705	3.87101959197053	7.935429682532679	9.012358324093528	3.9171590195420123	1.5262453794781958	1.7360436580037157	2.159756645971216	2.738284498509325	2.5373340977058967	2.396044829462713	1.7488958389194185	1.5835893652771846	10.061004857084566
3.4669426170302984	6.667925044492334	5.4554594598850015	8.004644480444544	8.620155726847718	3.970387107477865	1.7764374569369783	1.403898728469456	2.294837698397552	3.0710555678322224	2.4777390399698422	2.386519322440631	1.806417030055555	1.6121197829836131	9.826974626566203
3.8495593699110833	6.7500739772091025	6.054274444846013	8.789932906146612	8.96597289239517	4.20162364669727	2.0125020222637238	1.6236265210540564	3.023763864467871	2.716487325500981	2.440194486421766	2.3784980995412264	1.4968754832818738	1.589527341659712	10.20277148521844
3.996262355351243	6.140504730260605	5.23473600318242	8.76420584895033	8.49488819826927	4.091710771403489	1.8319156566635428	1.5232330326934855	2.4721494700637376	2.73987693808958	2.4090195018265765	2.6013869033493155	1.589434349587128	1.5906968170075777	9.899108904438963
3.8121018243015965	6.503381809793617	4.8362815254356795	8.632212164772522	8.874836252779398	3.75123963016593	1.9585026407181818	1.5176828697006117	2.7566290120941566	2.9932486793054025	2.4181092340660935	2.8244854927521903	1.5261284689140915	1.5510952221266987	9.638761055798051
3.5977399613189025	6.803129203653162	5.681649105157705	7.8394321470755886	8.838402853277575	3.8518291882634084	1.7038893432731124	1.6320673326471047	2.2054230861186466	2.184795748874309	2.380589974293019	2.3247770003764634	1.608741094635845	1.6192069364343953	10.003848767510105
4.1061262880296105	7.758134297877056	6.023372149386827	9.206781891949408	9.367928883882952	3.8373724192219028	1.6834213248060825	1.6510025183566746	2.0595299642822864	3.3518231441680997	2.559015548595352	2.642075922347174	1.7343253749557581	1.3477829243404162	9.719635900282352
4.369340223300865	6.399727280139119	7.028966847058015	8.179767213448901	9.227691538018867	3.965980841304354	1.8382279863000952	1.384520562270917	2.218494371132731	3.0491288879673406	2.3052843395551825	2.674444126309311	1.7219462462307562	1.5125419548230623	10.20762317208275
3.360114206330723	6.797652433002999	6.350049566850159	8.644906106994302	9.589418781121902	3.9965759082176584	1.583770112924184	1.514492916456546	2.1353363567112393	2.376051214601677	2.717833617026243	2.397456482694092	1.6728351861357917	1.3863296984415077	9.934586955178126
3.187414157506791	7.877332956569415	5.839858587116556	8.911248464827615	8.107671541068369	3.9073405200013087	1.6972235086200416	1.6711549813191953	2.015906260433958	2.9846647332626173	2.417276273684336	2.5262810568198386	1.7251245947058227	1.547730392527237	9.996409552189805
3.7753731271766324	6.7222780682014225	5.406731484803429	9.728390038400066	10.274299005852928	3.987873587116031	1.559722180142408	1.4186716240713844	2.21705832884972	2.702304030671527	2.388965239896183	2.4718776547149695	1.8880529377328321	1.3245391808860711	9.890831446824382
3.0976535404242562	7.1200321630523975	5.932125069003395	9.179107321600101	8.518393572225975	4.381947130676205	1.771075982968336	1.4531864722218566	1.5832038562140314	2.511533589241075	2.4184318368113153	2.4284729180628566	1.7383577538033128	1.6924390634843558	10.140963223977373
3.696763550998382	7.108143209518011	5.8188393470517035	8.847488547200028	9.101983403518071	3.895964316445301	1.708572879753243	1.639681351797566	2.1181986596493436	2.2973716474586414	2.4826954130729844	2.6475063230150897	1.7076068596785179	1.5269988375080388	10.206526609490144
3.599140483023873	6.151884913128386	5.272639919464542	9.343006409609224	9.384017314964566	4.1008825555599095	1.7450181411953587	1.687213029270745	2.059400182684754	2.4819317366489146	2.8516919798393365	2.6429641796039025	1.7733383496662203	1.4580444374138946	10.223218866321462
3.522491494210601	6.131163507656641	4.1159619121473625	9.392773937718312	8.275636484693566	3.9507773784331945	1.5686879685822381	1.6595871128875364	1.6737039476879567	2.8239426210008665	2.582665556272531	2.4895557093081195	1.892554881492419	1.63595083313937	10.039217470197093
3.6907102707412514	7.023390446324218	3.9428305501928635	8.357441336150472	9.89928289276773	3.8827999178051136	1.7218406024466586	1.6352104206470406	2.099094389070285	2.3892876728417485	2.4295896839477593	2.35874919990201	1.4296437182870905	1.7217150808394923	9.724842409955151
3.953508157258883	6.648875685859381	5.660494649462421	8.17518626123355	9.255031819984746	3.969418294316944	1.70650070355877	1.5705386596870097	1.9753025537943112	3.0524890962063376	2.6722487116480145	2.5074284167894816	1.8706698595011046	1.5149513928714855	10.345668145047934
3.0320757188271856	6.303651682360291	5.035885546587614	8.800028533533572	8.960562030256979	3.770751640239801	1.6579174403250025	1.4739216541823035	1.8922549307903684	2.594148714347635	2.5373793404365195	2.5634570053110086	2.096609318859585	1.7378949598352325	9.950656411865056
3.300390432778419	6.413969383936827	2.939794848193774	9.428104554177402	8.689019099448245	4.189451867157827	1.589335821458193	1.4792048248099297	3.619814013731069	2.519855652030251	2.4795228169020604	2.7399670648316765	1.8415081626161345	1.611884390627914	10.298759945845177
3.65615212199605	6.82213995927479	4.92773600783034	9.260194350064653	9.61114224005328	4.341179392246687	1.638948036852945	1.6623710159166234	3.8170531002062846	2.6394617788739305	2.4301843421003624	2.1745194199769013	1.7384840322125212	1.4654852078886151	10.418358439923738
3.9069189147809658	6.612793259986768	4.511308116335842	9.578461453357699	7.389381521163511	4.258593826590118	1.8089439609998663	1.6096466270231702	1.9125381457542723	2.3468332064199613	2.4693546760414034	2.417822265312092	1.5850475600635114	1.320986417175531	10.28963461937962
3.936598103753414	7.638093214776486	4.327549347737753	8.871400249458043	8.296722946629087	4.30680941758231	1.8135731044299408	1.3765392750230343	2.394267795452295	2.907802182819592	2.582152277963615	2.45397268831441	1.6782312280216845	1.5583625696593126	10.015975184226615
3.438373162607174	6.8664162596012845	6.681581957890145	9.179633926367213	9.440342970616689	3.9777474932483687	1.6564239740948405	1.5174036910421127	2.821718398709731	2.965773335885057	2.3077342906384946	2.4515727895854798	1.5956657613673144	1.3355415368441197	9.85148454589151
3.5016852003584242	6.493163352649057	6.972446654348131	8.86385560832535	9.100968037244009	4.087221741071573	1.6884102054402665	1.3686365034275343	3.689428752205335	2.723352706706424	2.332191086280069	2.6493924895866034	1.7258522701760344	1.6023204950543026	9.562613499997742
3.5109445382058	6.122755576956765	6.107219639490501	9.209824247639055	9.305181696369784	4.099903046185679	1.7984938472754364	1.5213609223200553	4.0443705835631505	3.1268393575255766	2.101240486581825	2.220120739492806	1.5671250892186572	1.3396481709984382	10.169415799700158
4.082051435445129	7.090047940195886	4.900148174909073	8.404577899779246	8.747544763609781	3.7198124868203917	1.4254301912736178	1.5301624528827535	5.444888857454402	2.8581829987141427	2.3740702399700258	2.2695061472558584	1.6567313751540336	1.3701131369505275	10.249158739846887
4.060105586960905	5.70337375814777	4.904870017391369	9.640771321283323	9.637123852316698	3.816991627302633	1.6535717931774576	1.5910894851049793	4.3082288340125485	2.8207939479907416	2.4354946253279985	2.4391665307013484	1.8890650618402218	1.3727291053001185	9.973412599352606
3.405270231728145	5.612146036730153	4.70304604820539	8.829134646954735	8.414576138022253	3.6404410623246757	1.4977291878504575	1.3033444648168186	2.920943532071442	2.732685513130102	2.676770209923715	2.492002908623154	1.8159804286592953	1.4805639664318395	10.143237443747573
3.6858495365212596	6.085121138186868	5.3515205874772445	9.432401249782608	9.039952409889974	3.8683757047580594	1.4173660392226297	1.3220614237496862	2.2197073432075145	2.502775858833438	2.4240237387278905	2.6437892036741615	1.6520495766518348	1.5051117781489847	9.887394232286542
3.0511074023689906	6.4210951664323614	4.343120714257674	8.794404523385719	7.404183208741035	4.337456326240953	1.434538449275706	1.5693862813295842	2.1620296771677348	2.7934416985885333	2.6471061269616385	1.9313661976799772	1.7030683299334153	1.3036601550180826	9.940235409472582
3.433828658892768	6.8707860743664995	4.417855297690738	8.179535279851565	8.651574884408221	4.263047448482221	1.5026215865821373	1.542290043539924	2.5544166286757357	3.65318311950673	2.5112907118710592	2.226642465909077	1.661691467983056	1.7888201187616763	10.097098009410857
3.514305837158518	7.253974523915105	3.5870780220568577	8.612821415949997	8.472927424522005	4.278587345573061	1.5129880936139488	1.3971540038452699	2.5448178950882707	2.5821819641158994	2.2972853269891633	2.3075472648383695	1.579704365719605	1.4012625969204542	10.201337397988008
3.4342047072066446	6.57981449266463	3.9554633869998956	9.234036113397702	8.91370616556911	4.2739538503884456	1.4790846625768543	1.4260709099975457	3.0052245599793657	2.8114345110470347	2.370798059899139	2.244834901511862	1.4661814726284814	1.3643688944829913	10.206614642455664
4.049089027631621	5.879973713276073	3.9892366581861927	9.38494278394786	7.461915925248765	4.465192003556161	1.5326294849561046	1.5509451641535432	2.5611576429508722	2.659094458057436	2.588515473306906	2.448212412039687	1.7235444155875448	1.484359674983384	9.826914241026072
3.808058503592448	6.263089009845706	6.018415872775581	9.976770619154085	7.9591824295119045	3.951144182451843	2.4929651319935315	1.4079910294669538	4.900548533743839	3.0293337503688043	2.2533812272755416	2.6237631332972353	1.6365384267995808	1.3996069513734442	9.896972399106811
3.313558818590747	6.714330594590441	6.880417925422333	7.814494333830431	8.551769487736996	3.69255794574745	2.3557072138382464	1.3442035692807826	5.159443677507868	2.769385889661165	2.5422993451252744	2.3271230345964637	1.6289766382337865	1.3667274452712417	9.856698582700096
3.7753045070104645	6.770912404634923	7.843049656841183	8.632407204123544	9.475804203018525	3.6578701126595523	2.487899161733084	1.3762736617162035	4.324039352909056	3.122956991548597	2.298699184910761	2.5015364041344723	1.541778342718428	1.2592893811878414	9.9794520008537
3.2914514131167096	6.664832633672196	7.794172416963291	8.246389787786292	8.194051948632529	3.8337784220122804	1.9022621813109744	1.4065936581633314	2.9664014254775455	2.6922111061119893	2.9552968680524683	2.4628702633082393	1.6356428313269304	1.4864673793730165	9.763143127135207
3.6394956218500076	6.206292390529556	6.799283439563116	9.667741228557135	9.781983528439422	4.157288604163849	1.6255781304142778	1.4105032590053204	2.6524643347341383	2.8931680084677467	2.4263132692217044	2.212856703669483	1.4679158416813896	1.4469810197215311	10.586721834855826
3.2310099694105263	6.927119456741157	7.705901388597527	9.06687876048893	7.8636234142647385	3.9168549240410724	1.4825298657276702	1.4812547528962428	2.9838294180677774	2.697951867282436	2.361979394398342	2.1968214816743235	1.4245720466470695	1.3816550487663684	10.468045240725043
3.6019899974376703	6.791660683747466	7.117067475494204	9.218226237481268	8.421626509780989	4.244614809294514	1.5370446766923342	1.3283466860698119	2.638580137891853	2.4740654142314122	2.290397108021436	2.2865750926520656	1.6620741145876803	1.4352795026242793	10.122818374185423
3.895156665065268	7.651567290873473	6.705272649144035	9.469458324977703	8.453144571996429	3.7360801307933005	1.535421066005645	1.3007403974969292	2.000373048782167	2.5669808910832606	2.1256326413640627	2.245627293790313	1.6614480630480832	1.3922825903415714	9.691325799336651
3.4281623315217975	5.150495443530619	6.9482684530250856	8.523368457480066	8.5640332228726	4.034681722130105	1.6161853644794129	1.2650899299085154	2.182890217290175	2.6352907411402517	2.5031142859325195	2.272648606423766	1.8221397450091075	1.3263606261270597	10.012799960306973
3.888261557490529	6.602514319324747	6.81374829198314	9.34877794117786	9.113800534979944	4.39806211754511	1.8103683803768384	1.444469572698616	1.9221867607567342	2.5306089056185272	2.2391307615039895	2.228834241921771	1.631753476727398	1.0925713188458002	10.166638053058687
3.4254943624094842	6.3443258384128995	6.341376667376273	9.050929568180287	8.792854225761285	3.905849991818997	1.5065000781023439	1.344293953322057	2.0458408412751883	3.210027495530252	2.3449299801983465	2.2026047904865456	1.8807924004972427	1.4006051086993612	10.207038194875174
2.6839068073366485	6.646732743237121	6.131056196522167	9.29129209129439	8.494916104603718	4.007182817279604	1.4509739822639336	1.450409432113897	1.9656451465689981	2.6430074692331673	2.6098916559111585	2.345228023001116	1.6838800837079726	1.258913421859348	10.299553784323251
3.964326348805606	6.369728073689687	6.561936588380568	9.366107121782713	8.056395126310463	3.849967114876454	1.582821462672216	1.1980915835305403	1.944745720384841	2.9364380890337154	2.3639112652031544	2.2471732751090707	1.7374593593783576	1.225939370277689	9.851654905716853
3.5682461408230455	6.960960624073008	5.925600898595924	9.879579815121744	9.598274005852247	3.8953877090789537	1.9070914195401345	1.6374679729318702	1.9611935742669724	2.9009219110177584	2.163657915704388	2.560101115841178	1.7363685311014518	1.2706304071415602	10.058855375299185
3.5124987287824263	5.874930204783262	5.186241672014153	9.749648160379959	7.141553601599498	4.136144378276938	1.4132612189098097	1.1798019117191385	1.7899400813739699	2.6857870360392275	2.749835645238724	2.261252320829223	1.6017876948098866	1.5490042424108388	10.268820259371443
3.7067905214144705	7.601978058098966	2.549441593171356	9.491512395132407	8.704449596196632	4.1190812304187165	1.6765667025639315	1.2946005737888124	2.1498930063911614	2.518377340261366	2.2491898508728267	2.5631105000592656	1.6607636230203866	1.5350247430634825	9.94122198822444
3.542960370424187	6.787587410701384	2.7978227329903564	8.452940569893872	7.909239849249801	3.8859505039678557	1.6617474248043163	1.4750510163851325	1.7423864019674187	3.0452758630080097	2.538789998385544	2.1857136585728583	1.536429588558323	1.293350788659831	9.965256234662009
3.5247526752603493	6.058245459601983	2.8349184320022602	9.424516401067594	8.462355520799271	4.102479556009832	1.5411146699421536	1.5038290099368534	1.9423192198032566	2.7100988050820254	2.1686368748242404	2.2276963066602327	1.5329613931289483	1.2844714877139758	9.77667789828622
3.515929146135225	6.062055895612894	3.0963729075075856	8.152677088654643	7.87171457656757	3.9300115231244317	1.567812376635036	1.385570670162846	1.998175901425224	2.450976582430325	2.380753355600871	2.160998557993235	1.3680172535575528	1.402108548788003	10.189696435617702
3.8018496405657545	6.315168023721453	4.519018678107675	9.357918454360425	8.696767359904022	3.627674403710941	1.5409246790738769	1.4262465602038217	1.8894244826470712	2.0444623365248655	2.524433543108268	2.162466941572822	1.6926579981183703	1.3173502913480362	9.737896641698443
2.823056949353962	6.379293455983401	4.600870051405316	9.15834826245457	8.213394545880377	3.649348865858592	1.7177580844787683	1.571605244843217	1.8632364286718441	2.908040375759322	2.331889495776249	2.2343402792878604	1.592491135151416	1.3799785044704351	10.039641552613658
3.5795551427531747	7.158421495817585	5.9192502902972155	8.84131397770345	8.046902228815153	4.121418190898693	1.5214523723427955	1.6112173100776508	2.1271843344171346	2.8556456289996492	2.4406524963816634	2.0658555267582064	1.5648572709100337	1.2137084092927108	10.077706703182244
3.251351555673672	6.918516160921053	5.309763016926015	9.375313232091452	9.446671214713785	3.579905587476246	1.4368940108395623	1.1067139444176413	2.123700413857655	2.626925973045855	2.480360819941761	2.4009632153171694	1.6725914750981523	1.4416448729567861	10.178058331998576
3.969254021577275	6.022574142529447	5.327413065087228	9.43361730562884	6.92688263983663	4.008616112045585	1.4120556731526126	1.4587441779873644	1.794121080576999	2.5987547299957483	2.7197055047161838	2.1335512200899416	1.7826632582852957	1.3026752939101467	9.864205539948703
3.524993494403433	5.797386700730322	5.482861807461058	7.844261397951141	8.07285110976323	3.7574847173197328	1.643353576412145	1.3965107609295537	1.8240538309141174	3.2966496885838796	2.33485748419394	2.2031631173159845	1.5842670633443063	1.395722512578509	10.218172488981846
3.311211794548696	5.039876952866971	5.183406452133823	8.72054591591408	8.447874144251706	4.050706563555571	1.6575353370492993	1.469232648931974	1.685860055252361	1.822074048724079	2.538045942080289	2.1508237584243663	1.5189594984560242	1.2976044067164523	10.250783156991554
3.3164611730022333	6.339960738623327	5.197202029838262	8.316773797422336	8.081042062844915	3.5932990841443573	1.4180172437290193	1.4196141882842892	1.8270257576750406	3.467130585328972	2.1014975329700563	2.1391194351050657	1.7865640058774355	1.3646401516034647	9.95141281404718
3.200627551401589	6.9901986070746815	5.328269435051194	9.231448124001668	8.146598931082497	4.0888569820072	1.6471104770010323	1.1568926275309532	2.08333986288041	2.337704272077223	2.467763013163102	2.099638301849052	1.5645840205916195	1.2219709507290992	9.849837622014848
3.728252830368341	6.347171459192984	5.626842955929615	9.94499319385672	7.97773229528352	4.143066159273279	1.4149018520013805	1.2552857852127488	2.7519745206880795	3.1715654045976787	2.554815966523736	2.0583376844743886	1.6447453857341108	1.3759882833269297	9.790750563064563
3.3906228940536542	5.3822527681619325	4.7809596142844315	8.507537218069078	8.149676217066116	4.079880321748362	1.631116484800532	1.2683038568129812	2.6174373633580665	2.394944128284055	2.41476598956682	2.106668929000018	1.445105799461572	1.1382579484550277	9.944633299603888
2.8806356656423544	6.6158238196911565	3.816287130515276	7.408452464312334	7.872660160388122	3.0789242421762952	1.5079536315904911	1.2742259976992667	2.6937679828281156	2.584034546781079	2.7220218307273814	2.32532330019897	1.7598269603134664	1.1391693855645564	9.836089831076285
3.1005215688602625	6.868798704515628	3.4177932980659613	8.628565167353413	7.613395154461207	4.1379371760326915	1.646061238059608	1.3420373543425694	2.0342422590822817	2.5026493042299047	2.7175019002241436	2.214653388038536	1.7296686147773455	1.1301470306476995	10.033359434937177
3.4906690817751618	7.248411838842531	5.412338308071794	8.793723114431982	8.28071658011141	4.007532962853307	1.7103406700877086	1.1925136277943058	2.57457920121494	2.7043083482155867	2.5565284915562168	2.1775548041367436	2.2677194989552376	1.320287344775607	10.186077380131373
3.085270055209588	7.554442213248406	4.811517004692241	7.7778021020487085	7.939291451734047	3.5078872742359333	1.5332805311404556	1.3936387039335967	2.2004528010328546	2.433715246686989	2.587295891140209	2.129614022515411	1.7851143400941958	1.1149174095873413	10.501290028643988
3.050444619041008	7.714037007077736	5.482534135499035	8.969963473420997	8.204856167242594	3.7802953022684327	1.466994859817696	1.2968185375901207	2.3157100230693164	2.6699469606447312	2.316524042772371	2.1495306891136305	1.5764850687836365	1.2439186523369965	9.909330022881976
3.02697903833388	5.349415371569202	4.2385143999117	8.015375756034297	8.130270182753165	4.24819950487491	1.323354937239673	1.1947022059544483	2.5005943553934613	3.2423791247752742	2.2789928092702523	2.1295195915945038	1.6650059374398158	1.3003937816565228	9.904036471975882
3.480641734683118	6.283475229361448	3.1906502288929817	8.984703401903317	7.226857032891473	4.115201668738217	1.5693903289204891	1.1707637582622343	2.1080857637380532	2.585416791990156	2.403469782666878	2.4302469618779265	1.472943654479993	1.1844078828886229	9.683514183962467
3.0700385514633064	6.127105829944643	2.8292962674334636	8.91975255872232	9.051295679152066	4.258301801062917	2.665684864405436	1.381688223785268	2.2816690094070347	2.4064972151717634	2.1921286854878144	1.9240878541664608	1.6782310943092182	1.2677350706186903	9.914219390804279
3.7397818540540717	5.706744121693529	2.3373467030212893	8.84426154675345	8.811125028202756	3.898217025527861	2.77922739891014	1.3394821649913649	2.0462926954907776	2.848741716404349	2.246547104403261	2.202609155318967	1.528062802195096	1.495692710919857	10.549501940100086
3.446066176909286	6.371060737951278	2.808883833505471	7.890030785696782	7.9866370091017	3.6911665939133456	2.466858426978305	1.2208902816849123	2.1512509114233445	2.214676789435695	2.2352581498860262	2.2120124695618077	1.4255268077255159	1.1795413859001436	9.80381522067733
3.0508103911188846	6.638119987773719	2.971543852454875	9.90880841916319	9.272961833779243	4.276598806561429	2.364551992587655	1.1905240668702648	2.069588335355334	3.2876659155942303	2.286117366551877	1.8919388311615595	1.385265195615866	1.2669524763405449	9.992056688942721
2.974537979091099	6.5744372650272425	2.945511824902421	9.69957037647245	8.33582366330492	3.74374389864552	2.258413745990022	1.1662960044389652	1.9573405986733006	2.6493606399621608	2.4234866334229537	2.020958311089298	1.6767906234939625	1.362911986869147	10.317587819831234
2.8895944557915105	7.095088495298072	2.4255381160566505	7.659966689245189	7.738617853473813	3.8998771351964403	1.8544167897078816	1.2452870520200503	1.9741419045866784	2.344154978121132	2.477374972452758	2.112708848000143	1.6056048995249799	1.3052770463899712	9.902034329906371
2.6637331151737245	6.791804134178626	2.831823080100763	9.23857805997453	8.04382945294573	3.9638885153140815	1.7680058260782587	1.2534238255293606	1.7454732634302035	2.807035743845977	2.8813140558578967	2.0689125966190725	1.5684043143856223	1.1675307997648894	10.074405362171023
3.4334331429685423	7.5454236045663325	2.1294283097820834	8.087931445632163	8.241986823656159	3.9346248939893274	1.5770770122251052	1.2865812693670162	1.995829717776792	2.728826424848477	2.942867484093255	2.1633234144025653	1.5734045917872994	1.1911992691386981	10.142991195950838
3.3440823043362258	7.89934258189722	2.6982009461557888	8.14332502324266	8.425704169440435	4.099034604730167	1.4246424092619168	1.2008449138748456	2.222253031985522	2.2420517125043418	2.8368158961265713	2.020409586840458	1.3845422239431027	1.2457965477893052	9.768342178875688
3.348583570819288	5.323516936822293	2.3816489791505844	8.148789889396703	8.829125209690512	4.030070051500671	1.4407965509375118	1.2591064790763156	2.235082695658173	2.7911651821634265	2.2471549540865934	1.969475269782483	1.2958777629482154	1.0862890828134635	9.939120747342272
2.99655692812152	6.737166196188409	2.261822795279334	7.94711505860666	8.108582719400347	3.842217654200398	1.6800575107319902	1.3838167217979525	2.3912281733681766	2.787140223036416	2.545391730400671	2.2917905523324533	1.6944280760807322	1.2784896346171124	10.11202796825624
3.4881757892966276	7.790933352076706	2.6173353371101484	10.136111017189725	7.89322601418499	3.7475502506572314	1.2074093272078874	1.244845980764435	3.094801989309541	2.2622202307700605	2.6275650478694845	1.9661138163227694	1.795416010675539	1.3733920010190375	10.093726785198093
2.716184738600123	7.623987498745691	2.3136245228499672	8.440060892984993	8.927838760432824	3.8859229211655086	1.4329078320053845	1.2166490738195783	2.2964839428876296	2.283352978300974	2.507069040837077	2.2836043420690646	1.3838929987347812	1.1433573801257595	10.305651284331613
2.9983220846145953	7.525114074994093	2.713159426872265	8.34775333798842	8.653204909847128	4.055759904465805	1.6588750248908555	1.2177284786377085	2.065757876054902	2.672922327892173	2.3333771177229385	2.175136468954617	1.4137469768228865	1.2165503413213805	10.070297169819215
2.9521071544195094	6.51996943286787	2.4121558245412507	9.688578859614427	7.988952193726886	3.9122933984266455	1.7514339471340397	1.0295976169976344	2.2329564798584305	2.9813149752794863	2.3452244761263534	2.0063765633771955	1.415999153966162	1.228650289341174	10.036635219137771
3.268268286918415	7.072340455732062	2.723903340831905	8.967216500807949	8.163471608155874	4.136304544430223	1.5558474810632519	1.0712713419230677	3.0684812556519114	2.5486750796644837	2.390398377756569	2.2121146862055046	1.531580146201401	1.3169276447789708	10.04666071658047
3.4098189094001143	7.223206092499589	2.3178448197548542	8.669597653263688	8.464723108009123	3.5440262312958866	2.107733790664245	1.1069950215840816	2.4554080186677507	2.3675649325235018	2.817847061851843	2.2080224369805745	1.6416316842160552	1.3833431676298213	10.076805472651188
3.4039062238198774	7.561265876478923	2.6526432849170782	8.92081238552644	7.761630634446819	4.4157770856330725	2.2517014955469374	1.241142324649232	3.1723904641620186	2.6497968716858566	2.5536608698590957	2.095660563441441	1.8804866602411872	1.2416738170484283	10.19107652833061
3.6627213063264548	7.106888774249973	2.618331384731161	9.519486076551487	9.2887961130022	4.081056660360703	2.106119762189763	1.2363448772033827	3.4144079352333327	2.808531237036522	2.36020193013772	1.827661260945944	1.5496662764279434	1.330081774373707	9.831808403912552
3.3173726792312643	7.414764905832051	2.351736476269091	9.179630220656088	8.18884299142749	4.096325468401964	1.518017558933941	1.1499196956817614	2.8104942947077536	2.648781746536841	2.6533279040367383	1.721921847603211	1.4951853606870806	1.3428400170363197	10.16955670651457
3.1098406779389722	6.3280327612936915	2.6650198918611014	8.525888996451986	8.654910555617624	3.584126608203958	1.616696166942558	1.1065229424016194	2.400923376302804	2.827665682970464	2.258931829620132	2.112455399415189	1.4351202298038084	1.17964577234191	10.019337628834037
3.2611762842953644	7.581174725586007	2.2932709101331286	8.338785910047305	7.824231829112932	3.8745170290758786	1.6891027355772397	1.5428372890261564	2.422606182703535	2.642122954628923	2.8628812085031408	2.257024689017511	1.5017929805984007	1.2689588344702387	10.184719957388154
2.762758555858358	6.432990205888143	2.083204729425038	8.84396988082611	8.238247610564246	3.594634337477976	1.7889293917906357	1.2603496114214054	2.030640155938498	2.679979465283836	2.319965677163418	1.7423283614226535	1.498475094446661	1.084750114248354	9.84945338436224
3.351760922304508	5.89178819915317	2.3815393533255182	9.32837398261217	8.284369323441593	3.947570180471217	2.08743816437869	1.2635508904916142	1.9610002687993489	2.6074284306782975	2.4399506205216643	2.0769035961387807	1.5092330599723862	1.151471526729988	9.824560502505882
3.104213672861118	6.3562113882164	2.6463539076062643	9.143286940982946	8.167078704603764	3.712023951345553	1.7966607483705874	1.2520473071670362	1.949734710613938	2.0866751144230213	2.403238690804423	2.03484724628638	1.373207960257848	1.1210138211175904	10.372237585875395
3.1987701365319863	8.759921333976626	8.813184498013491	8.8417207813144	8.845508328300017	3.9142113148863413	1.4163155331128865	1.0352397489502878	2.281801319034969	2.558145454093102	2.4278510997914613	2.140674569720864	1.329051155497966	1.3372305413086314	10.377224622403043
3.2850578967549326	7.715350285428149	9.129552319357561	9.320513925575284	7.959843600211013	3.6707111502762966	1.4431729855601454	1.4065048663411068	2.2262246936187147	2.4307732843824885	2.2867077416698396	1.892396694737287	1.4408780908727223	1.2573044679765146	10.118359921498984
2.772691102557699	8.140149914019046	10.13393622293252	8.176228930754457	8.304437530416495	3.940343607853512	1.6575264885984213	1.157384967699147	2.0820514012095286	3.0508692796469346	2.3058591379318933	2.0801305386176154	1.6494189309489962	1.409320492691542	9.945792148875856
2.9710977679800585	7.438516041018172	11.161506459754358	9.144044898427007	8.844868547559786	3.703469416454403	1.4302121678003514	1.1848890544750068	2.2893637412200265	2.510634473828052	2.3310845196471317	2.0287505457533905	1.4828304430554369	1.2237078306692912	10.060812554872955
3.1818477690610907	7.577629800632161	10.67264946502189	8.09690385537195	8.394570227920251	3.9310596233736055	1.1996083267962376	1.3219219352005809	3.6953356250763036	2.702613147809251	2.3195006168033294	2.2797585272194403	1.5059238399196884	0.9140075968453715	10.21658368359294
3.222773421648783	7.198749372539684	9.479796009696717	8.246684618333001	8.598908886089644	3.8821209156589847	1.5265134343202322	0.9594411806603993	2.969079769436895	3.063980999466751	2.161205406158996	1.9873446243343855	1.5719587376635302	1.146649684881428	10.425039242936522
3.723929365115092	6.114611593910428	9.924092573278434	8.488265792910392	9.26052541075647	3.8632466086941553	1.5175225824421346	1.1322300238323342	2.4652026590667537	2.301121034798804	2.3964572557761032	1.7652720475572252	1.6013112097357551	1.1509070662553573	9.699556160559474
3.3900122725021733	6.36384197220971	2.713189329528239	9.331513091532432	7.980166205343316	4.293076068373223	1.4818260689493707	1.1297342713506224	2.5748634377273576	2.8616829992471273	2.4457371184310195	2.1126780869965764	1.3582271056349073	1.2064088361725946	10.081605397424747
3.368088793004149	6.999273882718219	2.3228875175753436	9.418106086049354	7.783677974921067	4.193904337687961	1.636802482861476	1.0916706747055926	2.6344686666431327	2.5567734960246047	2.316070788258102	2.181261247994959	1.362309735471668	1.1613925071855362	9.943042793743494
3.257218146898503	7.321296225698257	2.543331010671317	8.607648360671014	8.448813658908788	3.6319889889533923	1.5127707897031728	0.985358118134418	2.570964592153177	2.4508457702899284	2.084628112629373	2.185948901535248	1.393129273949563	1.13314209438685	9.83544114026595
3.2521952988492777	5.872942540094714	2.6282368920823145	9.657466573294114	7.428593982887851	3.6819072137346427	1.401464462838007	1.2538626502061703	2.730582928280815	2.8006485922677036	2.199664916933017	1.6706686489216387	1.3099378067679113	1.2069831289052795	10.217537817621091
3.581535320352316	6.8409606630509945	2.3862688024799152	9.167696080257555	9.108118421103704	3.7044167391532947	1.4714167059502725	1.285213602627005	2.541155545787871	2.7886670874730775	2.284857385588043	1.9510131493799523	1.4912091065327262	1.2472259044145049	10.0384690209161
3.6701360516892376	7.5619919436103125	2.6832302829446943	8.445338510265676	8.04850459687169	4.004643911826723	1.6354269377023243	1.1674751842540922	2.7123686334645414	2.601638720736371	2.0260523441109353	1.8807648743243273	1.5500448416724988	1.0607856739632717	10.334975604156808
3.3585048088722655	7.7259377598813606	2.448465057536551	8.059332324579051	8.061111393204952	3.9625504312983626	1.3113498351612087	1.2294572115225733	2.2038183679715746	2.1703696690316625	2.2408184303311334	1.7072427751969597	1.4960057105023896	1.2489826283129781	9.746857138011213
2.971534651225362	6.124311833544092	2.6680319030057396	8.743757816253856	7.276014655406343	3.8846820837033325	2.0400924213382283	1.0784340352699282	4.312622113636554	1.9711941536091915	2.3318089091174263	2.0666841716794604	1.4720636782615937	1.227926640513358	10.090192886673758
3.453957812359356	5.716344777324913	2.2242539279449387	8.448999343775307	8.416349945645093	3.7998126299976454	2.4019679939355667	1.1032352082763475	4.274978362734274	2.5701307193887226	2.227927660304588	2.0772998380267294	1.4200277429336954	1.1226559656122492	9.895106468253989
3.210214093570419	7.565960946508373	2.048811977776826	9.146839860005546	8.2260382499072	4.000854115626928	2.5415879455949475	1.0769635773560562	3.5644168895916604	2.5622623087994887	1.9967713507400562	2.053078846929461	1.3743124870715409	1.0235544379755732	9.977389510260306
3.0608399485737823	7.707901276968392	2.731398919588729	8.339259939461295	7.741656672961036	4.038050521391862	2.4799579440199238	1.2939501795960169	2.329797256290175	2.2726277783833386	2.2647296782951027	2.2171235925428685	1.5219026726716378	1.0625153690004343	10.105961664995894
2.9955593586567164	6.568138842594235	2.6236716523039165	8.93416033953883	7.932576242996692	3.9235561174548685	2.2400909372890956	1.1665497325115686	2.5227854135309586	2.412128144356273	2.3960077678100746	2.1661366099807386	1.5320218567146715	1.2155012644441914	9.927078465269425
3.2178584299309776	6.564904638442642	2.996614178648532	9.46596382609558	7.656889309891146	3.5185578227908954	2.2895246441250507	1.0912628274265623	2.378874994288967	2.603010983320614	2.5195017533825084	1.8138252066232006	1.9657102820949386	1.2220928720794886	9.934740033823898
2.668767629781225	5.644391799729176	2.5884769014581246	9.487698361897365	8.31866607309015	4.137975582167925	2.147970725467815	1.0771081075519793	2.4885753778828557	2.4456868841956605	2.2247783773743706	2.0420802792787045	1.6042582117567694	1.0551996980751013	10.096871389320064
2.758888281166572	7.832294503907487	2.310531284590603	7.715175250908319	6.766694909929104	3.7937054331267146	2.0771948399399274	0.9837651002836917	2.3608950158135085	2.66078128271606	2.1876775595732925	1.901216315230965	1.5065975384331964	1.2040909625933836	10.305998745064873
2.918506751584645	7.723901867101135	2.362609531792035	9.74840738234058	6.923718132208175	3.9384795737117497	2.137108388007376	1.0327162459948305	2.561025377037018	2.915777914467355	2.3457461286717782	1.8164600152051213	1.5650300702499558	1.0189700395770267	9.792219250060656
3.211422619144765	6.6015572292304014	2.465364137862386	9.43916376360713	8.235594273693188	3.5441994109115145	1.7796788089991467	1.0251167156256014	4.028981785822533	2.408054675035599	2.1374419045855717	1.87901746205125	1.4840518143877643	1.0111804131165076	9.833119393746076
3.212135093831921	6.077154250446558	2.4233555515526177	9.71631550743978	8.327600576009349	4.248607598612645	1.2911021333284338	1.0555981249576902	2.389663237071496	2.4774982323959653	1.9448425815001604	1.84462012132234	1.900134489784718	1.0059405168016475	9.935248303005162
2.9285262077987397	6.247998545421154	2.487017912977604	7.545111437280695	8.319498352480664	3.5294847392403548	1.379096491008754	1.095493930122039	2.1270429289625183	2.753420920467191	2.1157569784497277	2.0361210686981273	1.5010807160557247	1.1298414896535276	9.591478366626713
3.4873827257582293	6.314421469782021	2.3771083244894977	8.18585740218065	7.572049903749579	3.5242594071961633	1.288027791044109	1.0891300240676973	2.4231980672592726	1.864317346744725	2.127778005805027	2.0749024608514315	1.4153267970615164	1.1393705544802704	9.822816961503198
3.1486438904800482	7.521235014553375	2.5342469577213325	7.806588923568293	9.390890019263715	3.8075327039463307	1.126356388813424	1.224749404044853	1.9949130814105291	2.9276811133331795	2.1519313791308945	2.0538015139881853	1.415656759816515	1.1710310548506775	10.4771744946927
3.0018233173428372	7.085115813857326	2.6650760149463455	8.951571163239498	7.327271916559441	3.9015695524143363	1.7072454712550482	1.1694039394425784	2.3673070402719785	2.1394147994654364	1.7709337412981658	1.9423095170136402	1.484879276615311	1.378454954058636	9.871706624459629
3.2141315361452407	6.280562900853149	2.7421765433240854	8.583781071820994	7.853959878602016	3.4244287336732584	1.953145701777843	0.889125808451303	3.003312674045844	2.37813266305486	2.044134051808765	1.887325896020537	1.6519091107183628	1.0645425913137398	9.950029597309344
2.984395593468561	6.070890946338259	2.25279103659004	9.379702225162104	8.230712131165774	3.69558745159996	2.189928215414491	1.0580753265813614	2.622271377510853	2.6388243322813083	2.289757978202326	2.075099890933505	1.4379236999947314	1.0796626228318555	10.40302529590582
2.933514458297812	6.700248841068182	2.4452955395411733	8.943102236869166	7.5679398202330335	3.952397203325379	1.7463207705156192	1.0017782424149677	1.9868994621644906	1.8862256883441353	2.2694589331734387	2.0135976526828596	1.3563848984897793	1.1009313764867006	10.25753067210772
3.0399176023001124	5.685823521521706	2.5960234352982443	8.868951389761078	7.707970293063278	3.7034703851637434	1.3099827286461878	1.1727892604262014	2.068785639074715	2.816073599949739	1.8659359292578306	2.1790748256322727	2.008981978945043	1.1442041040867603	10.012023389004156
3.682980331466398	6.13123313804282	2.2099598101673505	8.470388669014936	7.269410041660403	3.438709796100233	1.2665700106580315	1.1755722592665352	1.966440294828174	2.2989154030525287	2.057889715150947	1.860103369918054	2.866317819851991	1.1235889056254238	10.155042353327904
2.636275898071214	6.1697582298998315	2.483087880813882	8.60493519189583	7.6347792895575655	3.907868772762234	1.272709000562772	1.0828774288307064	2.0556537750782957	2.211295051634478	2.434250489729384	1.72024496268885	2.545118970904218	1.0491959566942495	9.753528464237485
2.9791101245553464	6.735836273876456	2.238171345448054	9.08217734770181	7.683423292091515	3.668874436157747	1.2753863493782363	1.0511045780581048	2.2971470525813245	2.4432479315878477	2.208592909350516	1.7454415054814254	2.7397061161144984	1.1016777218225344	10.05943244475888
3.3222690740574277	8.143344923713132	2.465000946677037	9.487716524571622	8.6392928367848	3.859756549799199	1.2167148692634893	1.2119706416357912	1.9985418119167426	2.167696940597643	2.0011130578990857	1.6464091813329222	2.284447541432799	1.1594592403735984	10.024116856505625
3.0100909804864577	6.429627225739212	2.2315420620351896	8.466261266861002	8.220021539168535	3.899325601688605	1.6821510886189013	1.1595832967442639	2.0220299980780925	1.8683549613603123	2.1662397158452684	1.677030994335781	1.636929868808105	1.034467534402329	9.948821054668498
3.179862410071286	7.2741960905981236	2.3702882833317296	8.790801051040383	8.971530827402038	3.703017767655554	1.267901723250278	1.086434400573768	1.9666124230407684	2.0593807026312376	1.8141854763727485	1.989431112840142	1.3283096887413144	1.1797707751334916	9.849085677679618
2.779342352911047	6.25732783451771	2.3009987550988433	8.700404659304544	8.461370964589017	3.578029830759331	1.493544011927929	0.9377624036314672	1.9726257139527277	2.4046739937134323	2.1452123109313455	2.1895031988492986	1.478978860352387	1.0011050554204044	9.867627758327865
3.6257295614431557	6.350768966005815	2.3011172100236448	9.140568000055016	8.22361119558023	3.8041752535793316	1.2687041848176928	1.1956895291473315	2.033222513113037	2.2998812808905598	2.321086073667197	1.7162012589247775	1.4746140750213594	0.9201141983184734	10.457708821686294
2.5393087290262404	6.980783712830903	2.695989846076042	9.89032475353207	8.605687404772905	3.8696358224789287	1.3592983991494814	0.9684417269571329	2.0402828009475114	2.0787617506788427	1.9060708617227418	1.734033645354031	1.345669590136832	1.0523230836921893	10.050647024213426
3.001719170019274	6.257183806440584	2.4232344273523916	9.064377548341916	9.46897880735772	4.008704222410507	1.321613271007983	1.2504286606688266	2.126770985398061	2.1876841317353866	1.8990400333122244	1.5406703852661647	1.4686927500021907	1.1480000329022513	10.5872079581493
3.4906170325039154	5.898346834621381	2.3851345860101723	8.712642153632604	9.621870860404432	4.085322951804316	1.2956532873939486	1.2037724955890325	1.9201686542854928	2.1598324158147513	2.075259966379428	1.8376341606148845	1.3296486007000587	1.140088992455604	10.219827567790396
3.339800831174796	6.952806687797041	2.2908892769822193	7.886407502846654	8.966203570835077	3.3633578620887867	1.4778898198608237	1.0921166814312424	1.8648111530148803	2.650461946903655	2.2486061542575513	1.9437227969594157	1.5452381466424894	1.0233152279479922	9.995234841539624
3.199252727307448	6.785016558927568	2.403640963917673	9.362071665343032	10.188529071797202	3.8035313359215044	1.378785403878225	1.1092208068121154	2.2560273261729185	2.022677404796151	1.8941192440529053	1.749558294986924	1.2880711084178231	1.1674822695170193	10.049174143493822
3.300979618953923	6.842998596190526	2.3877195905649833	8.770315434684525	9.150939600262474	3.795624175665833	1.4619481120286553	1.0779113765647932	2.2629012696992326	2.9564529075874484	2.0087080575980245	1.7952698092694455	1.227211800612133	1.0714262546594544	9.874499104671592
3.0891486970378064	6.08578288276046	2.4735880073194947	8.72301349494711	11.045370376277312	3.65163234412865	1.2366995232039792	1.299474970724437	2.150945689142707	2.1329457901491273	2.489205235514081	1.5844534040071279	1.5004652356952175	1.269422705864849	9.918734927531641
2.621475064302129	8.074724150062623	2.2763210610873568	9.066863154419021	9.136786296823175	3.8788554357149625	1.2447778059397119	1.0100898727907752	2.482420460116222	2.535111464413742	2.1167374588757966	1.6425928259356175	1.305324998625578	1.0297648420236942	9.830890524533979
2.682613962788436	6.736543858767336	2.368004748724018	9.349156696309182	10.603521224918513	3.9416788252427173	1.4801921594450342	1.0033489740163075	2.3656399856993517	2.2455866696397133	2.1336642128348857	1.6701246698677814	1.3969432498308527	1.0142396213898124	10.041595780385444
2.674469396772933	7.247001799331472	2.4255671429540717	8.430020386871472	9.964488907141625	3.8487475464881733	1.1793833823743969	0.9354763405792176	1.907580809156618	2.273342243383425	2.22164474750125	1.8208932375322375	1.2460029297228763	0.9986916719735421	9.957516093916484
3.2073615966532785	8.733012807414623	2.1803517254852185	7.515176945662843	9.82618128942761	3.652389884757595	1.3575901567323436	1.1900808210926679	2.0555325712468973	1.9980136961287642	2.143336545683728	1.6957076689580992	1.4005447177271793	1.2621324645694576	10.113453359405607
2.937470677293632	8.80310161947133	2.3990658703062606	9.861161144820072	12.359223327782157	3.798586066279511	1.368116984698989	0.9905589769246401	2.030369571978864	2.0148105034603785	1.8782375862980787	1.9001240233673324	1.3611975535888707	0.9092175626690663	10.302885197731921
3.2107604914989376	5.145303724918804	2.916823250072928	11.959446201763797	8.635627119800837	3.9012578887429394	1.4396769415103425	1.1829868353215913	1.9356972948175422	1.8723946738687824	2.1379840845956704	1.8413411066837009	1.2772488260999766	1.233117241349809	10.065610056009653
3.0495085302861162	6.744797773905281	2.39476867468886	9.936091509735283	8.171151337081065	3.8059670080928525	1.1939799361333465	1.1013853374829303	1.8285826471895725	3.265669532200087	2.482952461581532	2.0308113901749603	1.2709825749698478	1.083126926190183	9.681371244850467
3.1824206454765034	3.5446074333159023	2.2788629967296363	11.591975070506312	8.321469275991955	3.6664840414107736	1.3408581059708666	1.0136107355723418	2.0181966955285144	2.21008103628549	2.155735816652159	1.7523678110009717	1.3676872950562018	1.1629822055508459	10.260321727907446
3.040564603016828	5.287044477164388	2.4825772501813805	10.817651362766362	8.206411321958491	3.3899791799254695	1.2221851375223105	1.0730245588814527	2.0719614906303647	2.157221289757908	2.211614195449138	1.6471621913444994	1.396196838069743	1.1678517606256387	10.29128241878665
3.108045027327507	4.423158883937075	2.713891436685943	11.288552929520312	8.083421990701897	3.866908123203738	1.3422791719282083	1.0083994324472088	2.0245341964338457	2.5292834653300513	1.9752379328602985	1.7362627279946892	1.4169698252194187	1.2500445774909668	9.943180873241275
2.8092044887565204	5.61952733109697	2.329677854806735	11.42583206082065	8.161844821292991	4.1263691692072095	1.2688254278225113	0.8383811146965919	1.9923690729446546	2.1591557586448786	1.874613469572114	1.789481072080508	1.3256811571949656	0.9775554962561898	10.281346698312541
3.179879514660333	7.437856506427799	2.5005865167306816	10.883562535750082	8.327587590732463	3.5956984136620105	1.379079641362835	0.9793819050714615	1.857507518501599	2.5600085254028753	2.397781013426098	1.935258606140868	1.2443827881834455	1.0215421915485454	10.441104374173007
2.890107029451581	4.402560897689778	2.1540034879423646	9.837065039935068	8.425135235015746	3.838736766117142	1.5417221850849796	1.055528314542553	1.8131605500534391	2.2479547119101264	2.2592190726003873	1.9001174062078394	1.2013262394295372	0.9543376156987585	10.033521180327869
3.045961906982696	4.194288278960112	2.4736575561892336	8.831832040176728	8.279075922407307	3.8497950955032243	1.210207302352457	0.9766018487934361	1.8668854852384897	1.9751807613374506	2.206982644693757	1.7474084438107007	1.4168829396031202	1.0388493728490351	9.859537133073164
3.085629577602315	5.702051717467425	2.4318453640098383	10.33150164532426	12.703628698913253	4.169316846801129	1.3566250386560053	0.9317289834673191	1.915860661330441	2.379947374293262	1.8316066039886025	1.9426140957520188	1.433077216672075	1.0104749988999522	10.419836201241507
2.975419730994453	4.819359195587347	2.49402778053862	10.908103526535033	8.510140192274443	3.6216645228299043	1.298926882920338	1.0919084845679423	1.7476651743607503	2.322578564508802	2.003393299815988	1.4234105282435163	1.2446305383452525	1.1475709144760866	10.058765825133579
3.207716451979659	5.251341089157926	2.6409230746957073	10.32008121919432	8.682571438532618	3.7841370258775875	1.2782586130089562	0.9949427984985679	1.9757164071327118	1.9195424981320235	2.249195767896954	2.052450713169217	1.3607518946792543	0.9998396911111277	10.389899138869382
2.9850601621250683	7.286099840310843	2.249732262990711	10.79961620721891	10.948685035783116	3.8145348686946154	1.4816758606024791	1.085012635306691	2.1026283060657343	1.6376681312368442	1.8616478392311706	1.6707839252641086	1.4790492857468676	1.0640962750266585	9.850098063840786
2.550904441372429	4.2914680365017555	2.352974744628313	11.626760150919466	10.157962701975338	3.598811361630446	1.3618421528075304	1.0242750843577064	1.969927105524187	2.087585746601847	1.951362266762175	1.770039217558534	1.4162798614636907	1.0192696355610442	9.999380280613483
3.262370920358823	4.494008306746005	2.198552374488259	9.534586975986842	11.251939876034141	3.552786289262249	1.2985385544136543	1.0436183074910137	2.0259024103671615	2.4983969036876434	1.8732671902179727	1.8407235707113732	1.3365475966664266	1.098804809949729	10.259430739287698
3.0022453859301472	4.249237923051798	2.206855758726746	11.307253139469543	11.852034065790662	3.5946844392593498	1.350714368521994	0.7770730495702547	2.0224371466253466	2.09373611299097	2.288314534937711	1.9709876906948411	1.4063196792535317	1.0251700441070222	9.829581737665322
2.6753327471807737	4.930786246296378	2.3975067927493754	9.752304283278221	9.787358195556486	3.8056813677885613	1.3747712894741062	0.96940429252312	1.9438173924346376	1.9455876106423389	2.1365023453116607	1.484134629308819	1.2717254951466521	1.0498189230687875	9.889296793407446
3.0225079461749247	7.730902909194774	2.2362797849066114	9.241193794882221	10.949951359838147	4.052495882885186	1.3100646654883739	1.079110618304917	2.0422827226407843	2.0221595237317036	1.941923000468841	1.856277002967233	1.3325507023539778	1.1120996815449893	9.531013677177283
2.7934412390258636	6.587735563421933	1.910128340738674	8.656227921395516	9.788652990883257	3.576006892929534	1.3665990348500137	1.2589880380521614	1.9981484260973552	2.3204162289890147	1.977677769722074	1.9353624006954455	1.4348636810643376	1.0638501669743978	10.107949170281872
3.0922444324177487	6.33116795407249	2.3624214528572383	10.107745133030905	10.981646561682343	3.686541455665778	1.3551677395928214	1.034672150744471	1.8855211693220681	2.155505855864042	1.9699670442398172	1.8924254096600568	1.3715458763112072	0.824154624842354	9.712496273737274
3.47178555766839	2.634309447401076	2.447115982019097	10.963739468288757	12.298536374923973	3.8634065405091698	1.1613923402746358	0.939940390244385	1.6880634551437403	2.298969294683818	1.9573253790868526	1.6667874636914208	1.4668619505956089	0.9383906169298655	10.016716874775671
3.344598490905838	6.5060795367025985	2.549940019646857	10.2433089353492	9.059618431103498	3.5945612341145465	1.3388674448447875	1.0156947554676534	1.8683367549001306	2.625293210773401	1.7843644417691422	1.565989479010506	1.5792096104642634	0.9441523988165493	9.8223601813603
2.871687704488601	4.842529401235372	2.4284539202430926	10.574188220392609	10.37747019627555	3.58867068824874	1.4387769831482475	1.0832452144602995	1.84804335262453	1.5094071815497787	2.007878701230021	1.560491454432288	1.1547021183966137	1.051115235060468	9.849808518146395
2.362105676684304	4.739740696999168	2.2230596600286225	10.418686381797555	8.183113415926753	3.702145610398917	1.3030749461120732	0.7947178306039869	2.002221414272344	2.3146751984120444	1.8064195570540038	1.738796589379116	1.3552418736018421	1.0456103668509429	10.420208781622001
2.838360569815823	4.0366992931050625	2.465944167062788	10.095716416379977	8.144987469797645	4.030851727079515	1.4603778454101088	0.9424760121671198	1.7498557126998309	1.9579260995924042	1.5492851311797509	1.694008214135651	1.2212805046614092	0.8702427449082873	9.936115244058852
2.6907077310400536	5.522100335532884	2.351203952552389	10.275801483101882	8.293475202310216	3.8626173204090675	1.376079432888323	0.9996999329196646	1.9084221335428273	2.3199580454595345	1.6660138602927814	1.560079984377761	1.3998246578385263	0.9764905599603471	9.923737421507042
2.852542098291663	5.702459652141699	2.455678802539669	10.665046497085408	7.860335662702669	3.6821437029196047	1.3278973742596527	0.9984059165642382	1.8279068676203505	2.4490135497172294	1.8354879567911264	1.8184016517520558	1.431497541864198	1.1635687019329517	9.875081271009234
2.258886135913199	4.574560998605267	2.259538747011681	9.849021912729992	8.190302816403987	3.7149057909840657	1.0529133460514044	0.8892700852298485	1.8390905554962507	1.954039165833231	1.880454003259909	1.5209716862300977	1.1971270070674518	0.8141050281358078	9.849878922638354
3.0813258149158287	4.332532894006968	2.3063760397510977	9.677654377866762	8.199207954446344	3.6019286760174545	1.2555421603043289	1.0050255330953402	2.1583708351700266	1.753448727436908	1.9858319259316237	1.6075916816024798	1.3349518542068533	1.1306214004677255	9.922690591328797
2.837786398631142	4.7727145172637195	2.1261994228339844	9.03596953194251	8.248979753860404	3.6883105800160823	1.4088406056243215	1.1703921383081761	2.1198770079629163	1.9667152254694236	1.8736527787979838	1.6723326951113586	1.3270833537428428	0.9962970791236572	9.755323173128462
