mass_1	mass_2	phase	time	distance	a_1	a_2	tilt_1	tilt_2	phi_12	phi_jl	theta_jn	psi	ra	dec
0.71075	0.60727	0.04946	0.63697	0.21062	0.08535	0.0518	0.01376	0.01206	0.04697	0.04759	0.18038	0.04785	0.19276	0.08026
0.7147	0.57443	0.04699	0.63405	0.20786	0.08536	0.04934	0.0133	0.01072	0.0485	0.04676	0.18065	0.04622	0.18236	0.07898
0.71352	0.56514	0.04662	0.63186	0.20906	0.0819	0.05011	0.01276	0.01054	0.04739	0.04585	0.17786	0.04534	0.17887	0.07926
0.70899	0.56492	0.0467	0.62314	0.21143	0.07912	0.05065	0.01383	0.00993	0.04748	0.04602	0.17719	0.04545	0.17649	0.07883
0.70999	0.5687	0.04692	0.62782	0.21275	0.08461	0.05036	0.013	0.00983	0.04721	0.04524	0.17555	0.04545	0.17772	0.07895
0.70829	0.56526	0.04734	0.62541	0.21438	0.08263	0.0518	0.01321	0.01042	0.04659	0.04736	0.17463	0.04586	0.17983	0.07853
0.70814	0.56511	0.04601	0.63312	0.2131	0.08209	0.05146	0.01288	0.01014	0.04569	0.04552	0.17612	0.04584	0.18147	0.07927
0.7099	0.56479	0.04683	0.6282	0.21315	0.08172	0.0524	0.01285	0.0103	0.0457	0.04615	0.17443	0.04557	0.17964	0.07808
0.70307	0.55515	0.04579	0.62629	0.21364	0.08245	0.05086	0.01261	0.01054	0.04584	0.04773	0.17834	0.0453	0.18122	0.08004
0.70489	0.55611	0.04738	0.62956	0.21451	0.08435	0.05063	0.01399	0.01106	0.04617	0.04617	0.17726	0.04614	0.17922	0.07959
0.70024	0.56072	0.04761	0.63049	0.2123	0.08351	0.05141	0.01365	0.01114	0.04703	0.04563	0.17719	0.04379	0.17751	0.07893
0.70199	0.54977	0.04616	0.63889	0.21112	0.0814	0.05134	0.01304	0.01132	0.04642	0.0463	0.17714	0.04547	0.17702	0.07956
0.69852	0.5488	0.04637	0.63258	0.21266	0.08083	0.05188	0.01305	0.01068	0.04615	0.04611	0.1788	0.0452	0.18049	0.07982
0.69818	0.55521	0.0464	0.64023	0.21043	0.08119	0.05324	0.01321	0.01046	0.04609	0.04666	0.17497	0.04566	0.17896	0.07972
0.69497	0.5449	0.0469	0.62823	0.21347	0.08115	0.05244	0.01373	0.01068	0.04612	0.04588	0.17606	0.04571	0.17737	0.07849
0.69702	0.5558	0.04755	0.63366	0.2144	0.08205	0.05277	0.01286	0.01067	0.04636	0.04642	0.17734	0.04795	0.17494	0.07884
0.69956	0.54922	0.04614	0.62905	0.21391	0.07994	0.05175	0.01381	0.01017	0.04444	0.0457	0.17579	0.04686	0.17399	0.07915
0.69819	0.54938	0.04546	0.63169	0.21672	0.0809	0.05191	0.01324	0.01085	0.04596	0.04637	0.17688	0.04485	0.17888	0.08153
0.69896	0.56417	0.04807	0.63148	0.21437	0.0803	0.0512	0.01372	0.00973	0.04623	0.04533	0.17641	0.04523	0.18018	0.07878
0.69706	0.54951	0.04705	0.63133	0.21577	0.08192	0.05232	0.01341	0.01027	0.04572	0.04599	0.1757	0.04473	0.17996	0.08111
0.69586	0.56308	0.04762	0.63157	0.21342	0.08035	0.05175	0.01339	0.01046	0.04658	0.04592	0.17664	0.04578	0.17709	0.07871
0.69889	0.56546	0.04684	0.62891	0.21406	0.08104	0.05106	0.01365	0.01114	0.04608	0.04546	0.17823	0.04534	0.17526	0.08062
0.70053	0.56767	0.04815	0.62752	0.21278	0.08026	0.05177	0.01403	0.01041	0.04691	0.04676	0.17618	0.04511	0.17336	0.07805
0.69834	0.55809	0.04631	0.62409	0.21453	0.08194	0.05171	0.01295	0.01014	0.04496	0.04644	0.17424	0.04514	0.17742	0.07901
0.70007	0.56669	0.04551	0.63155	0.21667	0.07901	0.0501	0.01367	0.0104	0.04514	0.04544	0.17645	0.04599	0.18034	0.08046
0.69632	0.55834	0.0452	0.62911	0.2169	0.0814	0.05197	0.01348	0.01095	0.04532	0.04512	0.17614	0.04484	0.1779	0.08098
0.69552	0.56554	0.04704	0.63088	0.21591	0.08051	0.05191	0.01323	0.01009	0.04624	0.04531	0.17788	0.04595	0.1766	0.08082
0.69229	0.56658	0.04615	0.62826	0.21489	0.07966	0.05104	0.01412	0.01012	0.04638	0.04677	0.18063	0.04525	0.17802	0.0777
0.69582	0.55457	0.04638	0.63362	0.21589	0.08033	0.05023	0.01334	0.01023	0.04527	0.04518	0.17645	0.04552	0.17257	0.07856
0.69497	0.56573	0.04727	0.62797	0.21514	0.07905	0.05209	0.01393	0.01052	0.04613	0.04588	0.17461	0.04545	0.17624	0.07893
0.68978	0.55631	0.04612	0.63512	0.21635	0.08095	0.04991	0.01405	0.01109	0.04587	0.04555	0.17472	0.04549	0.17601	0.07783
0.69597	0.56411	0.04576	0.63139	0.21519	0.0784	0.05132	0.01309	0.01018	0.04584	0.04671	0.17779	0.04572	0.17853	0.07996
0.69368	0.55461	0.04659	0.63328	0.21364	0.08031	0.05209	0.01305	0.01081	0.0457	0.04692	0.17536	0.0451	0.17724	0.07924
0.6925	0.55268	0.04592	0.62932	0.21243	0.07985	0.05224	0.01386	0.01017	0.04559	0.04634	0.17517	0.04602	0.175	0.07976
0.68806	0.55178	0.04727	0.62663	0.21292	0.08202	0.04994	0.0131	0.01001	0.0469	0.04556	0.17731	0.04496	0.17958	0.07787
0.69052	0.55511	0.04537	0.6313	0.2127	0.08149	0.05234	0.01301	0.01037	0.04587	0.04594	0.17634	0.04484	0.17894	0.0795
0.69438	0.54445	0.04494	0.63202	0.21512	0.08049	0.05108	0.01349	0.01126	0.04733	0.04557	0.177	0.04577	0.18038	0.07959
0.69269	0.55633	0.04574	0.63081	0.21635	0.07976	0.05353	0.01388	0.01079	0.04636	0.04632	0.1738	0.04511	0.17953	0.07802
0.68956	0.55152	0.04619	0.62739	0.21689	0.08027	0.05151	0.013	0.0103	0.04676	0.04503	0.17633	0.04649	0.17569	0.07782
0.69265	0.55899	0.04619	0.6334	0.21638	0.08151	0.05238	0.01306	0.01086	0.04608	0.04636	0.17247	0.04462	0.17861	0.07993
0.69193	0.5543	0.04519	0.63441	0.21755	0.08153	0.05321	0.01315	0.01036	0.04586	0.04533	0.17764	0.04504	0.17438	0.07916
0.69283	0.55306	0.04662	0.63067	0.21556	0.08205	0.05147	0.01283	0.01059	0.04548	0.04551	0.17767	0.046	0.17445	0.07961
0.68802	0.54824	0.0472	0.6271	0.21842	0.08057	0.05223	0.01264	0.01049	0.0465	0.0456	0.17662	0.04603	0.17502	0.07983
0.6926	0.56274	0.04628	0.63185	0.21755	0.07917	0.05041	0.01309	0.01029	0.0452	0.04522	0.17654	0.04651	0.17205	0.07876
0.68717	0.5579	0.0471	0.63382	0.21927	0.08028	0.05138	0.01317	0.01071	0.04449	0.04561	0.17727	0.04599	0.17487	0.07816
0.69276	0.55132	0.04637	0.6308	0.22082	0.07986	0.051	0.01328	0.01051	0.04578	0.04531	0.17284	0.04619	0.1766	0.07747
0.69395	0.55305	0.04635	0.63134	0.21928	0.0806	0.05242	0.01347	0.00986	0.04533	0.04547	0.17663	0.04501	0.17598	0.07945
0.69144	0.55561	0.04702	0.62541	0.22287	0.08062	0.05234	0.0129	0.01084	0.04455	0.04544	0.17678	0.04566	0.17573	0.08035
0.69011	0.55055	0.04589	0.62306	0.2234	0.07923	0.05092	0.01316	0.01084	0.04614	0.04671	0.17778	0.04521	0.1751	0.07944
0.6923	0.55402	0.04636	0.62497	0.22406	0.08194	0.05144	0.01347	0.01082	0.0455	0.0459	0.17717	0.04486	0.17304	0.08051
0.68728	0.55899	0.04524	0.62502	0.22859	0.08023	0.05113	0.01296	0.01042	0.04548	0.04575	0.1761	0.0448	0.17384	0.07828
0.69295	0.55459	0.04662	0.62993	0.23006	0.08115	0.05138	0.01357	0.01079	0.0459	0.04612	0.17371	0.04415	0.17691	0.08026
0.68908	0.56111	0.04682	0.63008	0.23304	0.08168	0.05082	0.01327	0.01084	0.04529	0.046	0.17507	0.04564	0.17314	0.07896
0.68654	0.54782	0.04736	0.63233	0.23174	0.08297	0.05133	0.01355	0.01051	0.04516	0.04531	0.1787	0.04536	0.17485	0.07871
0.69054	0.54361	0.04659	0.63195	0.23338	0.08294	0.05226	0.01312	0.01031	0.04572	0.04619	0.17568	0.04555	0.17623	0.08042
0.69583	0.55458	0.04629	0.63064	0.23348	0.08085	0.05117	0.01312	0.0101	0.04404	0.04571	0.17603	0.04563	0.1768	0.08008
0.68494	0.54869	0.04641	0.62888	0.23568	0.0813	0.04991	0.01334	0.0109	0.04554	0.04544	0.17794	0.04494	0.17145	0.07909
0.68686	0.54661	0.04559	0.62591	0.23806	0.07951	0.05072	0.01299	0.01116	0.04516	0.04489	0.17579	0.04533	0.17164	0.0787
0.68737	0.54384	0.04601	0.63333	0.24008	0.08283	0.05108	0.01304	0.01071	0.04539	0.04612	0.17607	0.04546	0.17036	0.0799
0.69088	0.5518	0.0458	0.63086	0.24313	0.07902	0.05006	0.01352	0.01023	0.04508	0.04575	0.17653	0.04584	0.17238	0.07875
0.69052	0.54771	0.04527	0.63159	0.23977	0.08073	0.0519	0.01335	0.01077	0.04481	0.04528	0.17622	0.0445	0.17304	0.07826
0.69055	0.54692	0.04711	0.62769	0.24383	0.08232	0.05248	0.01294	0.0105	0.04494	0.04558	0.17928	0.04442	0.17406	0.07903
0.6888	0.55273	0.04637	0.63237	0.24566	0.08043	0.05246	0.01354	0.01075	0.04601	0.04438	0.17752	0.04611	0.17173	0.08085
