mass_1	mass_2	phase	time	distance	a_1	a_2	tilt_1	tilt_2	phi_12	phi_jl	theta_jn	psi	ra	dec
0.72557	0.58873	0.04822	0.92184	0.31975	0.05041	0.05001	0.04743	0.01444	0.04979	0.16358	0.2492	0.05172	0.9971	0.71348
0.71638	0.58665	0.04878	0.89106	0.32818	0.05019	0.04748	0.04613	0.01588	0.04741	0.15596	0.25217	0.05146	1.04501	0.71182
0.72296	0.5926	0.04715	1.01453	0.34002	0.04914	0.04853	0.04821	0.01644	0.04699	0.15552	0.25394	0.05238	0.92933	0.71525
0.7222	0.5866	0.04666	1.00246	0.33679	0.04801	0.04864	0.04948	0.01685	0.04674	0.15939	0.25976	0.05401	0.91668	0.71372
0.72346	0.5908	0.04543	0.86438	0.33447	0.0488	0.04804	0.04946	0.01625	0.04605	0.1608	0.25498	0.05227	1.23692	0.71363
0.72055	0.59117	0.04658	0.90015	0.33257	0.04937	0.0494	0.04904	0.01705	0.0469	0.15663	0.25659	0.05249	0.94698	0.71077
0.72193	0.59552	0.04708	0.88937	0.34236	0.04806	0.04797	0.04846	0.01821	0.04634	0.15954	0.2508	0.05314	0.91149	0.71312
0.71799	0.59491	0.04654	0.9348	0.34183	0.04788	0.04787	0.0495	0.01598	0.04517	0.16116	0.25538	0.05361	0.99448	0.71296
0.71492	0.59681	0.04582	0.85128	0.33527	0.0499	0.04892	0.04923	0.0166	0.04567	0.15898	0.25314	0.05134	0.9317	0.71712
0.71116	0.60258	0.04631	0.86205	0.33109	0.05018	0.04909	0.04858	0.01655	0.04589	0.16198	0.25614	0.05271	1.17239	0.71131
0.71658	0.60298	0.04737	0.86854	0.3353	0.04852	0.04954	0.04813	0.01739	0.04678	0.15861	0.2564	0.05272	0.97336	0.71347
0.71347	0.60524	0.04725	1.05136	0.3347	0.04884	0.05063	0.04822	0.0173	0.04566	0.15705	0.25343	0.05382	0.96328	0.71328
0.71156	0.60989	0.04589	0.92506	0.33452	0.04908	0.04923	0.04903	0.0167	0.04714	0.15779	0.25489	0.05353	1.06802	0.71751
0.71325	0.60427	0.04657	0.95079	0.33737	0.04901	0.04878	0.0497	0.01718	0.04676	0.15753	0.25757	0.05257	1.09915	0.71597
0.7137	0.61127	0.04651	0.85165	0.33892	0.04931	0.04971	0.04931	0.01695	0.04647	0.16201	0.25632	0.05354	1.23099	0.71487
0.71728	0.60186	0.04726	0.93662	0.33283	0.04898	0.04867	0.04917	0.01547	0.04529	0.16127	0.2569	0.05423	0.90738	0.71338
0.71755	0.60353	0.04734	0.91228	0.33101	0.04963	0.04855	0.04877	0.01727	0.0466	0.158	0.25273	0.05299	0.90799	0.71722
0.72237	0.6	0.04695	0.86487	0.33712	0.04856	0.049	0.04919	0.01603	0.04623	0.16311	0.25645	0.05285	0.95336	0.71759
0.72276	0.60231	0.04724	0.94359	0.33678	0.04815	0.04769	0.04799	0.01726	0.04578	0.16129	0.25584	0.0521	0.90835	0.71354
0.72083	0.60704	0.04704	0.92062	0.33371	0.04862	0.04923	0.04874	0.01745	0.0462	0.15913	0.25663	0.05382	0.9268	0.71143
0.71827	0.60362	0.04678	0.90959	0.33924	0.04912	0.04959	0.04822	0.01591	0.04605	0.1594	0.25687	0.05265	0.98817	0.71397
0.72088	0.60386	0.04616	0.92649	0.33513	0.04872	0.04977	0.04712	0.0169	0.04504	0.1595	0.25431	0.05314	1.01019	0.71159
0.71637	0.59871	0.04772	0.85078	0.33267	0.04772	0.04876	0.05039	0.01569	0.04528	0.15728	0.25243	0.05138	1.27643	0.71579
0.72184	0.59643	0.04673	0.85821	0.33497	0.04923	0.04946	0.04832	0.01617	0.04506	0.16324	0.25627	0.05276	0.95671	0.71521
0.72423	0.60173	0.04784	0.93257	0.33258	0.04855	0.04852	0.04852	0.01565	0.0466	0.15991	0.25411	0.05203	0.993	0.7138
0.72192	0.60425	0.04556	0.85768	0.33407	0.04696	0.049	0.04664	0.0168	0.04474	0.1591	0.25636	0.05331	0.95298	0.71689
0.72058	0.59946	0.04655	0.92909	0.33502	0.04898	0.05092	0.05002	0.01603	0.04484	0.16008	0.25656	0.05301	0.9602	0.7129
0.71671	0.60007	0.04764	0.89503	0.33788	0.04726	0.04895	0.05035	0.01736	0.04559	0.16144	0.25803	0.05346	0.99512	0.71383
0.71554	0.60241	0.04642	0.86137	0.32673	0.04656	0.05034	0.04653	0.01702	0.04596	0.16154	0.2613	0.05254	0.95668	0.71452
0.71734	0.60651	0.04675	0.90739	0.32918	0.04962	0.0482	0.04817	0.01659	0.04447	0.15972	0.25552	0.05067	0.92606	0.71431
0.71493	0.60747	0.04587	0.85339	0.34244	0.04934	0.04928	0.05053	0.01678	0.04604	0.16181	0.25571	0.05189	1.06524	0.714
0.71753	0.60006	0.04641	0.84744	0.34561	0.04795	0.05042	0.04734	0.01568	0.04535	0.15915	0.25242	0.05184	0.91607	0.71506
0.72393	0.60146	0.04655	0.93563	0.34384	0.04925	0.04876	0.04992	0.01798	0.04573	0.16214	0.2527	0.0536	0.98375	0.70928
0.72289	0.5972	0.04666	0.91084	0.3426	0.04787	0.04926	0.04735	0.01613	0.04434	0.15964	0.25589	0.05181	1.2389	0.71765
0.715	0.60924	0.048	0.926	0.34133	0.04794	0.04921	0.0479	0.01628	0.04638	0.15807	0.26001	0.05249	0.9237	0.71088
0.71826	0.60225	0.04703	0.98769	0.33602	0.04894	0.04986	0.04854	0.01659	0.04571	0.15847	0.25719	0.05101	0.90374	0.71235
0.72124	0.60123	0.04618	0.91508	0.34001	0.04691	0.0478	0.04857	0.01733	0.04603	0.15932	0.25417	0.05266	1.09013	0.71139
0.71859	0.60473	0.04616	0.87197	0.34003	0.0483	0.04951	0.04774	0.01591	0.0458	0.16112	0.25675	0.05264	0.99516	0.70965
0.71869	0.60072	0.04755	0.90789	0.33899	0.04859	0.04912	0.04892	0.01613	0.04511	0.16133	0.25705	0.05227	0.92121	0.7093
0.72156	0.59796	0.04647	0.86932	0.34005	0.04849	0.04821	0.04901	0.01753	0.04582	0.15962	0.25934	0.05226	0.98589	0.71479
0.71894	0.60394	0.04756	1.02692	0.34886	0.04952	0.04871	0.04956	0.01727	0.04577	0.16023	0.25654	0.05264	0.92133	0.71096
0.71408	0.60224	0.04598	0.93087	0.34576	0.04821	0.04788	0.04869	0.0164	0.04496	0.16232	0.25717	0.05287	0.90919	0.71416
0.71201	0.60249	0.04599	0.88338	0.3417	0.04858	0.04896	0.04743	0.01689	0.04545	0.16128	0.25802	0.05218	0.97218	0.71718
0.71366	0.59944	0.0457	0.86564	0.34672	0.04849	0.04924	0.04863	0.01655	0.04582	0.16292	0.25664	0.05209	0.9967	0.71501
0.71173	0.5985	0.04542	0.87131	0.34216	0.04853	0.04893	0.04801	0.01626	0.04529	0.16198	0.25921	0.05314	1.23287	0.71457
0.71503	0.59896	0.04708	0.94414	0.34158	0.04835	0.0495	0.04847	0.01662	0.04545	0.16162	0.25743	0.05274	1.22414	0.71553
0.71711	0.60023	0.04577	1.0167	0.34374	0.04885	0.04928	0.04776	0.01726	0.04624	0.1617	0.25881	0.05184	0.99686	0.7133
0.72077	0.59818	0.04642	0.95738	0.35155	0.04931	0.04884	0.04783	0.01759	0.04515	0.1605	0.2573	0.05281	0.96127	0.70903
0.71608	0.59172	0.04669	0.85767	0.34609	0.04827	0.0478	0.0501	0.01676	0.04511	0.16152	0.25405	0.05255	1.23403	0.7111
0.71041	0.59714	0.0468	0.86649	0.33835	0.05004	0.04818	0.04835	0.01673	0.04555	0.15869	0.25743	0.05371	0.97419	0.71464
0.71721	0.59332	0.04623	0.92906	0.34074	0.04734	0.04867	0.04929	0.01657	0.04497	0.16147	0.25844	0.05328	0.94383	0.7094
0.71651	0.59269	0.04688	0.91502	0.33248	0.04841	0.04915	0.05074	0.01639	0.04537	0.16284	0.25586	0.0518	1.12811	0.71477
0.71613	0.59488	0.04596	0.87941	0.34005	0.04842	0.04997	0.04746	0.01639	0.0457	0.16193	0.25674	0.05259	0.93508	0.71332
0.71548	0.59519	0.04629	0.89553	0.34062	0.04917	0.04955	0.04952	0.01639	0.04528	0.1587	0.25708	0.05265	1.03633	0.71169
0.71441	0.58455	0.04754	0.94276	0.34609	0.04883	0.04893	0.04788	0.01729	0.04559	0.15954	0.25726	0.0506	0.91545	0.71281
0.7145	0.59539	0.04649	0.89892	0.33648	0.04745	0.04967	0.04958	0.01647	0.04519	0.15936	0.25754	0.05177	1.24104	0.71694
0.70834	0.59605	0.04723	0.88539	0.33669	0.04849	0.05089	0.04824	0.01692	0.04524	0.16015	0.25543	0.05254	0.99423	0.71153
0.71361	0.59304	0.04566	0.90736	0.34071	0.04736	0.0501	0.05011	0.01623	0.04618	0.16289	0.25682	0.05202	1.12696	0.71511
0.70775	0.5954	0.04628	0.91501	0.34559	0.04834	0.04951	0.04864	0.01589	0.04549	0.15906	0.25523	0.05186	0.98131	0.71474
0.71732	0.59926	0.04646	0.9681	0.34662	0.0484	0.0501	0.05026	0.01631	0.04348	0.16253	0.25711	0.0521	0.97817	0.71635
0.71427	0.58765	0.0466	0.899	0.34029	0.04749	0.04911	0.04886	0.017	0.04515	0.15637	0.25764	0.05117	0.95078	0.71763
0.71157	0.59142	0.04706	0.87299	0.32705	0.04804	0.05068	0.04947	0.01659	0.04437	0.16082	0.25752	0.05242	0.98649	0.71302
0.71279	0.59378	0.04631	0.90858	0.3321	0.04812	0.04903	0.04769	0.01685	0.04458	0.16105	0.25983	0.05182	1.04426	0.71587
