mass_1	mass_2	phase	time	distance	a_1	a_2	tilt_1	tilt_2	phi_12	phi_jl	theta_jn	psi	ra	dec
4.535775188093289	3.306737930256353	0.521276794866628	8.060583601593585	6.029659673101219	0.4966683110423037	0.4284827545181006	1.2541272999926931	0.43831422148845234	0.5233127834257532	0.5580459848516446	0.5471416477623227	0.5163532390462309	2.9726510711133347	1.8198193401831455
4.161045349292791	3.489783852361256	0.5178867119167163	8.080790342967628	5.989386358128074	0.47944871575198933	0.440104228287124	1.2271410111739058	0.4407572916432481	0.523993766385119	0.5266742880087614	0.5486929071093523	0.5111387971111794	2.960252537477608	1.8061120926471732
3.9022483226077416	3.560556535047534	0.5054973869460367	8.027909559150405	5.965049013910936	0.4812738529633501	0.42651291125418206	1.2245585823514382	0.4404665394339163	0.5078497177836372	0.5187820131567916	0.547916321428777	0.490488477806426	2.967593518866917	1.8100925466828621
3.875350507079013	3.5321113413124037	0.48412111071797675	8.021583779846008	5.992767001135672	0.49927202847278274	0.4386542553164543	1.240460638475994	0.4593342554964739	0.5165668560284145	0.5179058355605944	0.5616399177836571	0.5233511118118008	2.9799804316070175	1.8341023861507113
4.0057745655564005	3.4713535268288984	0.5109083189251212	8.043256085747192	6.014719569120091	0.4836554882225045	0.4343957000706035	1.2523479411556235	0.4500131100741204	0.5141063109838859	0.5197849632630804	0.5418028819022954	0.48867676749295436	2.9949024873086882	1.8322267008843822
4.096224384402423	3.497265036096406	0.4997892490997725	8.084059241018975	6.0232667964906845	0.4864038428105482	0.43096428280976457	1.2492631082725993	0.45486725242348763	0.5153438054772004	0.5227361411678467	0.5351192675390186	0.5073677579797906	3.0226404759771714	1.8134098873116427
4.122572310027565	3.5173101967873057	0.5122297128187367	8.019724900530415	6.0096852833582135	0.4995292213507356	0.43674163349234274	1.2325889944003252	0.4514492375218358	0.48527263553152955	0.5045949874702079	0.5447237027788743	0.4998065763590385	3.045091363750649	1.8094654911841437
4.094686584280585	3.4312489437556937	0.48325330199103367	8.15510878401854	6.000504248194885	0.5002004106002059	0.4263719216377834	1.245063691433068	0.44788490619848204	0.4941472919868331	0.5068665377028376	0.5443729850321709	0.48822568321299253	2.9969778135454948	1.8234539707631903
4.11032081762386	3.4658935880471544	0.5152743072989506	8.222283586544041	6.000887671216561	0.49774481194741893	0.44539282536169333	1.2242954112222633	0.454142297382764	0.5031782364497857	0.5117720768520472	0.5432782683916094	0.48627775484314595	3.01073448650511	1.834487826390375
4.372110145960454	3.514387738298755	0.5025524974618617	8.121399302408866	6.009921495382334	0.4923275213153466	0.4327195016862511	1.2470114064427875	0.44329647740379785	0.5060899350392184	0.517899573028915	0.5464231439205448	0.521492165233428	3.028512383037073	1.801360129094351
4.204598952591256	3.4368578058626853	0.5064649223753236	8.359014518583017	6.016627643116923	0.493864686480749	0.4174678892177021	1.237367885569983	0.4513484863268691	0.483950494674041	0.510866532069282	0.543021250955245	0.4994915811208128	3.0259855232768023	1.807690074867383
4.279927138375432	3.564875785946209	0.5065971827983755	8.375939180435525	6.030366250396258	0.5105162912712786	0.45277422427244834	1.2410419879950745	0.45800116009250863	0.4818394937274371	0.5137081754625281	0.5562796626015333	0.5041157270451145	3.009970521920635	1.8118382372742432
4.3228783492499305	3.6441717315243563	0.512044458960671	8.05949439944431	6.002573370438629	0.4990170180003106	0.4259807552770257	1.2674741183898803	0.4530863471012754	0.4892489272838906	0.5051658529383112	0.543721122457251	0.49837465855337326	2.9991838758849787	1.8051713227348432
4.292780108550262	3.564588810665162	0.5119864537434109	8.132636518255572	5.991842231288855	0.515502971922145	0.4405354306661043	1.2466169654289372	0.45938774228006235	0.5223526822646214	0.5094200415709401	0.5489226227977668	0.5069656325418451	3.0152421131891933	1.851359104816587
4.223038365484262	3.7208180637751873	0.5060421438563494	8.170526746201515	6.021908610538351	0.4863265339103705	0.41653317619403657	1.2472118548736018	0.44944130531562976	0.49662412219172725	0.5189852893826573	0.5457960563447983	0.5052816969421295	3.0436390508884363	1.8231449161260522
4.257214056807192	3.6504218744003145	0.5182293785375175	8.00936481478048	6.013804493687141	0.5055349612084759	0.42178973863679603	1.230246357205638	0.44906680046137615	0.49016091651757	0.5201719694352576	0.5519629766076313	0.5142664214894569	3.0090400656517815	1.8126481207510303
4.180021343705235	3.6813349012757337	0.5089761222324389	8.060656623956293	6.024321396686018	0.5085124435410542	0.4373495074631423	1.253997590357076	0.4678290391161949	0.4779288647275781	0.5454266475458716	0.5454770558476545	0.5018851967806097	2.9946909082482738	1.8206874827644761
4.172675053263069	3.6788914294667863	0.502066860603202	8.333850046108516	6.011981000240249	0.4903129062991518	0.4444458385886489	1.26219142153784	0.4550416119636429	0.4771541788261271	0.5188414142026335	0.5425616710281712	0.5059382140022524	2.9944026436504925	1.8233037586892884
4.12727233004466	3.549739444916532	0.5029797108120336	8.23939857370268	6.006106807037396	0.5037804300111554	0.43364079324533467	1.2390128266398739	0.4547769441356866	0.5114878175656506	0.5167151447655105	0.5508565824733216	0.5104320980649261	2.9958565440628524	1.8362450406430468
4.0979439036506315	3.6851557491085893	0.5067501354158571	8.013047654204954	6.022670988725862	0.496237119410845	0.42973187367033533	1.2550422775325074	0.4565774225646593	0.5064738011610199	0.5083911580728417	0.5419744828269787	0.4979372760744303	3.0068963313336896	1.8106173186945593
4.228896293378501	3.62444307867298	0.5029999232865067	8.160703174189297	6.004398306445323	0.4971906917520495	0.4149385486651176	1.242313992722772	0.4463204555482417	0.5000587764884454	0.5031466918973186	0.557854739537174	0.5011976100885577	3.0028948825355966	1.7906440340477854
4.074725735160575	3.528583778625078	0.5165691611055234	8.204943666550728	6.001126995474795	0.5009010597404117	0.4495734373214712	1.2543774901441183	0.44922517640668924	0.49979669566255813	0.5162991227050028	0.5526918056852186	0.5201655548068365	3.0386037253619316	1.8135389036448406
4.256513643173918	3.553465227299476	0.5004580326472664	8.190021851394555	6.012486238771253	0.5171594983422342	0.43795826474662186	1.259923621196285	0.4496149360055261	0.4955074116746566	0.5151103081864579	0.543796139947918	0.5217992704780862	3.0576450758049747	1.7920157127502343
4.053639723418171	3.585220190364079	0.5035170144077377	8.378254238499636	6.009513196922968	0.5053513145549368	0.43527712298686033	1.2571260590349118	0.4447352261694908	0.49273351193356935	0.524307327295005	0.5533605083359973	0.5061779157616503	3.051452100135827	1.7894728360725634
4.009001360497059	3.5696404949405	0.5027723210052915	8.228941025986726	6.013910205795518	0.5170847892571017	0.4256290284256279	1.2698304782821574	0.45032909140762906	0.4887681924952224	0.5074188956872582	0.5383599314310401	0.5112358597543918	3.0409495554659314	1.8167979631308715
4.156181749691825	3.565629730384226	0.49766313516693717	8.14434040787685	6.011484600666881	0.508613893370563	0.4244839656481407	1.2476002062737592	0.45732729152695106	0.4870804809899417	0.5097070295837295	0.5453127097112587	0.510434023615513	3.0604084589852314	1.8145905037736318
4.119670738681387	3.5305064535827637	0.5043419568733744	8.335830374516293	6.0227618935343	0.4986192919065887	0.4224543272498071	1.2655857433840563	0.4521835543964672	0.5253443484986235	0.5088341901377034	0.5459294810810338	0.5174975800067247	3.0339576617088038	1.8063253680804008
4.254756477056672	3.5033140149136	0.5016206196273467	8.09474865086812	6.0206933540613345	0.49676627501831216	0.4250759549690986	1.2598456792814627	0.44157106452769934	0.4933605382408568	0.518694372137316	0.5477750198635938	0.5111934802081834	3.017299642626847	1.778181312747627
4.027168075890325	3.552831356588409	0.5206087959707962	8.074651640917343	6.00615269458398	0.5126765876110582	0.4231810482944812	1.2669196426100975	0.4428825811562992	0.4859724235620546	0.5092805905566165	0.545779244869859	0.514708079153717	3.064048009915752	1.8094265852137403
4.1686437584655485	3.524239611019552	0.5083822423425396	8.271258923993766	6.029541465018869	0.510891693000505	0.423284906908994	1.2548303469832025	0.44051822408221775	0.49588777556416536	0.5115438626754965	0.5508448774281496	0.5134787481950692	3.050247124282084	1.8252521934820054
4.130312737031599	3.564776644328064	0.5038145739901388	8.04263503393099	6.015052162356041	0.504290997243361	0.4256916352929653	1.255753171529036	0.43595879420743466	0.48437039613777166	0.5218485638902566	0.555941428573211	0.493216164438866	3.0344269637221384	1.8209659943158498
4.111417098969688	3.584423918720953	0.5018821648037147	8.243657819094164	6.001526356862862	0.501994421871233	0.42970094592953506	1.232575141305824	0.44603878659855933	0.48299070364556607	0.5221412700597144	0.5451574325718749	0.5286313436072423	3.0291384179108705	1.7888059415897897
3.876361589241724	3.517998563559053	0.48448158527952273	8.261658780122417	6.001159369472868	0.5033382434399186	0.4230027263114168	1.245962595594538	0.4504942269356061	0.48997071413050974	0.5206646740581355	0.5514710299540575	0.5226459827947744	3.0321885607000962	1.8032527402548943
3.900833209134139	3.5652793058264876	0.49435694677433467	8.329412301768441	5.980827806095589	0.513305541097223	0.43983292072711183	1.2513440985587612	0.45487378133720807	0.5137135750597203	0.525132997780716	0.5487209629893525	0.5091870195236091	3.010616298001249	1.825014707104269
4.128967165506073	3.5986549944181236	0.5037961877918541	8.188154464352346	5.981593990044143	0.49932998104680965	0.41096770756843976	1.2669806011796463	0.44569165635769	0.4951646771952378	0.5173530585862663	0.5527932912713229	0.4939317801916677	3.0388839306588427	1.8362095540762837
4.056526232392716	3.5166051304992916	0.5119520194574794	8.072344184134442	5.9797925218887436	0.48762361286354017	0.42185558954665214	1.2334294933718914	0.4521238835265968	0.4877821894550583	0.5095264376011093	0.5562846876068518	0.5195047756999378	3.0223040859344232	1.8105369912555556
3.9853685346995458	3.5964334419922133	0.5065360576455417	8.141331917668516	6.008764566700849	0.4931750909791608	0.4375073732571839	1.2377231733752823	0.4396991420473192	0.5031605102873595	0.519594812030957	0.5529490747087008	0.5023773057394926	3.015610531275194	1.787387803602513
4.023196033431404	3.563313655929102	0.4989372305046609	8.151459447774846	6.004035115409267	0.4694837478276084	0.4325152405081227	1.2473155018484268	0.4446968535628234	0.5030512078406858	0.4917753909521038	0.5541782334161074	0.5068851403044381	3.0048319990061767	1.7813958740605484
4.041194564251608	3.502280602645679	0.486447356282742	8.169707681515034	6.016123576933425	0.4969680137649243	0.4117605930508835	1.2291254639009495	0.44669573813289826	0.4917791707447229	0.5041423028517039	0.5510153271674579	0.529008556026896	3.0383756148994534	1.7995976310120816
4.034164240052987	3.378796760071367	0.5211572053313915	8.115233879736383	6.0019081807658825	0.5031206404813133	0.4238271331919879	1.2391969948008297	0.448925640843189	0.5042764797113493	0.5127086844558646	0.5493577409773414	0.5098121313699208	2.9986036042291113	1.8109262424638355
4.066868037364253	3.5467441432851334	0.5154422949098286	8.252360909109406	5.998029428011434	0.49972471153404635	0.4310201187035503	1.2363377793551853	0.45190736253061947	0.5065504874287262	0.5211150887657682	0.5483054403609193	0.5137022585475871	2.9960682040286284	1.789853961565596
4.042072197625791	3.458654603234373	0.5187772479564736	8.089486599835494	5.987947026789294	0.5005219194262297	0.4316965428922602	1.229053894368778	0.4588282935159152	0.4970687085648276	0.5105393835503619	0.5424382224637108	0.4977540346046748	3.0098972397851216	1.8333230724095497
4.106573290182791	3.6159479262474434	0.5134725976542377	8.35921748174138	6.002885680616801	0.4932061842523158	0.43792779307575586	1.2410781237219677	0.4503779189737372	0.5116570447882973	0.5166328783369754	0.5398799369284685	0.4901125007529447	3.0172564477759245	1.8369098199168783
4.1511078332518165	3.5394513648259416	0.5031575090799514	8.148339026859109	6.005556972479179	0.5055274175260158	0.4368071554006738	1.252921235677068	0.4558746818126521	0.5070359674585917	0.5092435446986161	0.5515544335380845	0.5177302321705846	3.020205325593302	1.8212811252872028
4.202127930690654	3.500594068986562	0.5132112702442997	8.35501383832484	6.0162844000661515	0.49359046475600604	0.425752442010512	1.2548288700613366	0.4348660067930342	0.5071307667424075	0.518784263064642	0.5468996416406584	0.47777507681534026	3.0345622388751954	1.830890780198964
4.107797302346153	3.513372289693047	0.5169897412897514	8.401703992494625	6.021103195777492	0.49464061300254974	0.43486631731378755	1.2421354445454196	0.45207136479202586	0.49512411572102377	0.5090365573804057	0.5461705241008902	0.5100086032120166	3.04087747194128	1.8226613276529489
4.069978896783219	3.5178381691174785	0.49878360304398456	8.187282031974023	5.9967017705429395	0.48243980142496995	0.4310878574495784	1.2429044592528875	0.45907587462865884	0.4915539947498196	0.5205878555072577	0.5492662646855663	0.5135574224409152	3.0043356330145907	1.8149287113310637
4.018092158660929	3.4028171563397884	0.5132126189453178	7.977706713397043	6.021632945866304	0.49307150435836744	0.4346492849700634	1.2644950670153439	0.4465065204150489	0.5003295960069785	0.5076050225538896	0.5404962489769876	0.5098996160660669	3.040397924173433	1.8200399561979945
4.063677571104768	3.521346604852441	0.5045564057245113	8.225070660514413	6.018238914920466	0.4964591480305535	0.42000291346555285	1.2537134964931913	0.45523850882625105	0.48153460597406395	0.5075410633471179	0.5488613163474161	0.5188100016886242	3.019121847405796	1.7955076748035392
4.094456884034436	3.4445896017040813	0.5075162340122942	8.138085066555268	6.047524335075042	0.5046015388655899	0.43273013341509137	1.252059558551874	0.4608382122270255	0.5151187338616499	0.5007246837724757	0.5484834520786489	0.5155051960672373	3.045146784443657	1.8281733000149236
4.1125775742357735	3.4626834140245846	0.5092274344340741	8.226553104415306	6.0702408416690306	0.49235776360345185	0.41846985810872517	1.249252932358278	0.4585813063136302	0.5006668539460967	0.49425991327996865	0.5523071120512449	0.4982228405016969	3.0652928673295947	1.8044140825491286
4.173913972585728	3.4188359323100728	0.5030838160837707	8.27927274419575	6.0733366389219565	0.48184775076935277	0.41933325829912105	1.2488245548881118	0.4448504147280466	0.4920980202166318	0.5317443799678431	0.5334197132449797	0.5069739141693134	3.075431921514336	1.8053442674522924
4.113989849397028	3.4384054760734024	0.5015370825496641	8.170876965129734	6.075061834444418	0.4850033067505765	0.42938337760442596	1.2287821507463836	0.4405205916158155	0.48869948368547284	0.5038087134216536	0.5543450976482297	0.5016203279186193	3.1008124033149804	1.8211617087868763
4.16350059548801	3.5899561531990805	0.5092923664591787	8.439149459750178	6.063431009002233	0.49824307781187377	0.42449300739012213	1.2601062122504092	0.45403974341550246	0.48130311159674094	0.5128952776720958	0.5445086054522005	0.5178714375507711	3.044376478332966	1.8126044085688697
4.09544421267544	3.555317424594502	0.5007311459603466	8.424408879250764	6.066448972705086	0.49038752241213596	0.40662580818181693	1.2605035225936783	0.4497582858136962	0.4735607633047018	0.49334524527173224	0.5423046950099968	0.5110285522220178	3.0720650432886556	1.8332795902202672
4.092977617477431	3.4411044792051624	0.5213153858430111	8.132561599235663	6.100043537197897	0.4999799391686079	0.4265008471264935	1.2459285842583752	0.4522020961940283	0.4880198582232991	0.5149013099275686	0.541514212286346	0.5348629836319514	3.0102112912392673	1.8228306847924196
4.132799872575663	3.490269915322949	0.5040602032047499	8.206666600446534	6.1123790668311715	0.49650021017247464	0.42564015176554	1.2379085712221012	0.4496773507407408	0.48338141392787703	0.49953239615992395	0.5594495568584199	0.4993007819091988	3.0689524588106876	1.839296982378954
4.146803628772861	3.5473269428820045	0.5000011557595534	8.166781221724172	6.087007774436144	0.48412167247030624	0.4348184762264679	1.2516591815922162	0.44439506508806675	0.4915329285584745	0.5157882976229061	0.5528401687726736	0.5163726468764293	3.0739827327736164	1.8167610098838576
4.146394634711804	3.575257205227987	0.5053818066990949	8.142589980571636	6.099971187585504	0.46262672827241363	0.4244965397891999	1.2509370987386796	0.44888137339970585	0.4947430433131143	0.5134108185693058	0.5505004154130103	0.5088600706150307	3.0921473661344003	1.823101414227272
4.163254515652819	3.535216218291615	0.5047086449207413	8.3465563641947	6.0991510305991765	0.4781779304687237	0.43301539773866654	1.2518418160072038	0.4467402284070373	0.49909991226423717	0.5029873621581037	0.5570315775170958	0.49182328260681374	3.0807791834220595	1.8258680211870832
4.105651595046686	3.5506286496525803	0.5113281441422292	8.398544888811722	6.113018159792672	0.49422557962587355	0.4304011503853978	1.2401273581567236	0.4445533211854278	0.49768614303001224	0.5123526420667907	0.55696948661642	0.5041333217534075	3.075560658831116	1.818247734404247
4.047021500442998	3.4844933945062473	0.5098551478550329	8.26778548394213	6.141451925075452	0.49593369428668377	0.40923058268036183	1.2445605774189794	0.44895526211767867	0.4846557013995487	0.5134583196309923	0.544574473190016	0.5120229206733571	3.0442474122552383	1.832182939896915
4.127541984281775	3.4798897429997555	0.5117341068094026	8.288597560691288	6.152007450930167	0.49537574948696816	0.43738483539433254	1.245062254465845	0.4459221662466524	0.45979289327619155	0.49927081575646765	0.558802543286295	0.5143000238207044	3.0656227650306387	1.821304822500454
