mass_1	mass_2	phase	time	distance	a_1	a_2	tilt_1	tilt_2	phi_12	phi_jl	theta_jn	psi	ra	dec
2.6146371278745004	3.520193113309628	0.5121161639320562	7.966202318871	3.657026142638864	0.3586271761864406	0.3526400553210361	0.18038402130988782	0.1309055641452535	0.5365761059900475	0.5439135170600864	0.5267957541105742	0.5257700772192407	1.5732628228669359	0.699043396444281
2.8024947022915283	3.6690112948496765	0.5126910831768761	8.039225744295662	3.6136152399914674	0.3601245373024223	0.3573505649550226	0.18383407028438398	0.12931341066172103	0.5215230568752709	0.527023397843396	0.5423404832994345	0.4986971863385295	1.533751237422322	0.6727999610265253
2.9114271414549453	3.7442010932377228	0.500807475158953	8.057203939482328	3.622268168359173	0.3395007585722038	0.35286939071595225	0.18409820089743478	0.12904336847053507	0.5173129485512189	0.5090682016494564	0.5355121171907337	0.498905937036989	1.4835126694691823	0.6737393891623148
2.918925319174316	3.737989196067809	0.49491169990645417	8.09665864439623	3.61968264796373	0.3609812789582065	0.3530826534629202	0.18667527778951187	0.13586117965209898	0.5105445745236425	0.524643522490999	0.5232410515717322	0.514640050531714	1.4712963638950145	0.6744285254975009
2.879417354828871	3.7245403070365564	0.5088497979962702	7.919259263887045	3.6376970354518408	0.35621030331899567	0.36917735550517045	0.18447706839027223	0.12939062162166654	0.49664481585269166	0.5198425096196166	0.5168850712119759	0.49772440470289625	1.4778864763507624	0.6662197271197079
2.8604892469327297	3.7097333912597033	0.4876624601978588	7.908381009923546	3.6283110518352313	0.34160636187804677	0.3494103489272802	0.18050433659666926	0.13483886895206637	0.5039924142161287	0.5269877328147249	0.5264836969876378	0.49241790599383967	1.4917744767211276	0.6804013038867451
2.919356559826567	3.7083120725743703	0.5279386078683966	8.045625039432554	3.623264298834408	0.3440766321137144	0.3594928636455567	0.18441177116601362	0.14226950308855515	0.5104802256569336	0.5195876379709715	0.5282905371263046	0.5009308754109502	1.460262109786386	0.6848153487157044
2.8796435759608157	3.721091074896723	0.5100114153012936	7.889555834014726	3.631960139957311	0.35779426792300384	0.3566968527048161	0.17746737779880467	0.14276453331097186	0.4938224323865768	0.5259683026961282	0.5244872400348797	0.5202189237116186	1.4875309169416757	0.6994031028932691
2.8826966830520293	3.7752525123017118	0.4968130899624305	8.20251888859848	3.6487950422819857	0.3504097450276989	0.3500739927437676	0.1788017073566689	0.14058805135515431	0.487163589690768	0.5112026134737414	0.5188365682395936	0.5109899893497962	1.486369078497076	0.6774800859703389
2.8976651221424627	3.790439851252007	0.5001983652122668	7.936965174093565	3.6476167896383016	0.359439699189987	0.35375872057343377	0.19015093349344644	0.1442749442590358	0.49504427546560265	0.5330224073418157	0.5295144777242752	0.49366015844954303	1.4858281367665758	0.6767626573533971
2.944172809637821	3.78816137061113	0.5171309645977161	8.032164277374374	3.6376773468934713	0.3601591023990761	0.359733066158155	0.17687925314846079	0.1433444578963965	0.5140802736580664	0.5353160781800089	0.5213457702039058	0.4958713629998347	1.4439768918598643	0.6663090384260014
2.9611790856815237	3.824570452247211	0.5255363872894446	8.274370172697644	3.626443840792566	0.3588862162447832	0.3626383286942195	0.18553491529764843	0.1503366033127233	0.4905643630625533	0.5279699447689411	0.5232897110329826	0.51441841951011	1.4688801017979207	0.683354005765301
2.98309154056449	3.8979605788732092	0.503462592861965	8.00919696617144	3.6377293937102464	0.3565503405796248	0.3506343566769145	0.17766546870796815	0.12919905761316913	0.4975470700172719	0.5204177122882893	0.5238550536507146	0.5193675284595342	1.4770288511692138	0.6679694522126284
2.9279207440899326	3.86233456485837	0.5194941032355183	8.057432732029167	3.6270845736184003	0.3628043930274385	0.3361842503288006	0.18121413461035704	0.13378995963451934	0.5045987931216227	0.5245046584188644	0.532623581944399	0.5101831623445839	1.4876888954137886	0.6765452201546515
2.979016187402333	3.9838007615876365	0.5241139588907123	8.26936694483331	3.638856914718537	0.3656297261696294	0.3469024431722335	0.18430057038824127	0.14390812370747322	0.4859950646597092	0.5079051548696996	0.534985521640078	0.4999839137724386	1.4806184805752411	0.6976065188097746
2.981062294544827	3.9159470533729883	0.5275473676637996	7.97438907298518	3.6500901196627358	0.3625527936704744	0.34334998327074534	0.19170645098884448	0.13620335151948626	0.49565684274770866	0.5260137238462033	0.5202636807709135	0.4944901149509825	1.464322700639413	0.6986284359745503
3.001822026312757	3.98460413452969	0.5225702701038883	8.012570524059463	3.648107854282323	0.3629692336295599	0.3518455622325394	0.1816763218321286	0.15248352407271942	0.5139210146573574	0.5235299243852863	0.520028717281865	0.4945927329060135	1.4453014158798037	0.6843247317054714
3.038246845915929	3.939357376967474	0.5256281042927683	8.182179128344243	3.6446756066479673	0.35087996395987386	0.36891411974256355	0.1824669859646266	0.14790364877402287	0.49496335222889654	0.5307747229964458	0.523684574334167	0.5020524540187943	1.450956562863754	0.6797978368181932
3.0024412857853737	3.836849991866647	0.5075595903546364	7.958696851730441	3.648897313657022	0.3674302971917546	0.36964002394438383	0.18407296217966534	0.13279212452876546	0.49119384899461227	0.5207916905181434	0.5166764385774644	0.49713906873642993	1.5038891766488216	0.702338150586781
3.098030064565313	3.9579038605517116	0.5042941128457937	8.15326931144168	3.6440776642762693	0.355447823267894	0.349779946396856	0.18251580684407628	0.14157786064736708	0.48610548964069605	0.5377047000246608	0.5073413640878867	0.5369500332456341	1.5097638889706622	0.687566195738239
3.0310761407049425	3.918073220961639	0.5081209333060838	7.914507287564656	3.6398197651923794	0.34713503317334216	0.3579705472886349	0.18757162630838356	0.13894113919155057	0.5044452681701501	0.5179379896755332	0.526449859472029	0.5276316755211657	1.4623678727293181	0.682583639474751
2.9618028201326982	3.8843295456857123	0.4880320432805261	8.069259598671673	3.6472874544569276	0.3609518850827403	0.3363430146584013	0.1771932508658303	0.13794433305058834	0.49594724062950574	0.5096898869895542	0.5160513078827323	0.5183948907192015	1.4621067922535491	0.687074080470378
2.9667079517045756	3.8408894126088167	0.5073899917193078	7.99262510038375	3.6542297381646485	0.3539613642667807	0.3434279587921316	0.17735936041086664	0.13711380899893597	0.4904070487292702	0.521733104946671	0.5414775659882284	0.5088928922628683	1.4654707887000253	0.6852460840537925
3.0396342771806744	3.9226850895244096	0.4931143596282655	7.968134066938879	3.639633711500958	0.37371297593399144	0.35823033994350434	0.18658858992920885	0.14069536590469942	0.48598182706573206	0.5106733244804462	0.527746249138017	0.5157604682710397	1.4602333056035097	0.7017327681258723
3.0946564479114476	3.931992748316766	0.5061738746596894	8.199807978732679	3.6466558263718114	0.352406181386139	0.34494447740529377	0.1869173057296248	0.14362752708675602	0.5068479909587809	0.518822777395927	0.5236908894268298	0.514489414694024	1.486811258809799	0.6831000296618654
2.98765123602237	3.8911802897816132	0.542299651977188	7.953547691126609	3.640403470909606	0.34292880909518747	0.3507207875204898	0.17975884638492148	0.14348198516484856	0.4994727965466984	0.5201551849665609	0.5278667827519749	0.5024405519561188	1.4696665706995313	0.6788009510498243
3.0712269472180935	3.920754081617117	0.49727034198810793	8.218129833206993	3.6599083288729988	0.3567408658003649	0.3511358702812967	0.17773439072616348	0.1372547350089096	0.4913952090187988	0.5170665728387975	0.5241762496741823	0.5159656732162053	1.4792943433210297	0.674946915852361
3.090221095146372	3.890240776155122	0.5042143313006401	8.16646140247004	3.6449239972068748	0.3572672420656449	0.350821509048938	0.18370584245521157	0.14146199996963554	0.4969753599885811	0.5156191462878345	0.521546792668294	0.5109713845190801	1.4766970322162802	0.68054255776991
3.079126116590249	3.953036329215793	0.49390062680222063	8.06893328796164	3.646232816964619	0.3513023548547463	0.3673976414541535	0.1867723510437297	0.1387680121814252	0.49690319729268906	0.5193348795585772	0.521890263112186	0.502606452978218	1.4258384776044197	0.6646725450039068
3.123582263725831	3.897803934632502	0.5096200017158198	7.988271969268128	3.661307237573821	0.35729807374516626	0.35538954249767574	0.18936754780586823	0.14421846592917242	0.4935451048790172	0.5279482573605953	0.51830777349506	0.5269014569932062	1.439177132844719	0.6877568484075635
3.1240955309706573	3.9517979473704976	0.5107153978083765	8.096048827222006	3.6303815610477903	0.34765743204345845	0.3470441651637915	0.1969589269617422	0.1408569206259849	0.482974172975417	0.5116614576436509	0.5192227607729535	0.5175865122942992	1.449698386648017	0.6911982204336926
3.099885801199072	3.9612681227652704	0.5092399906832866	8.068019736659558	3.628183154170808	0.34898404351814266	0.3402661686480202	0.18642799778379995	0.14978328233721894	0.5025215179354885	0.535340237761779	0.5155567356315188	0.5150041552738635	1.4908890686736873	0.6785082913720671
3.136733471499845	3.8808795507988063	0.4965679738689639	8.094164237855754	3.619653895447088	0.36313064971375025	0.3487396415360772	0.1855616118683836	0.14048718355507847	0.4865552933682204	0.5157654511014634	0.5180824785735064	0.5174377115274935	1.448553774679726	0.6762945690773656
3.1030859136389934	3.864062054564456	0.5167467550790588	8.09648762218469	3.6163483192993016	0.36008490137728794	0.3500624245547295	0.18806707191456984	0.1385028309730958	0.5119576565062299	0.5208714619169366	0.5234859199459064	0.514572048015948	1.4521822135455449	0.6571930916991261
3.1109273209291137	3.9659104036948967	0.514789096494103	7.994487677590458	3.6153499497293167	0.3518139668422526	0.3615903142007767	0.19165532268109325	0.1379525704342193	0.49485625907446823	0.5234652161412713	0.5241417853013871	0.5067935133576663	1.4813635698157477	0.647990898798176
3.0761594122599942	3.9233789159418424	0.5065517198713764	8.139925379420422	3.6232391821880126	0.36399971390682345	0.35893449784255965	0.18055838681588018	0.1439620551611827	0.5125675923872371	0.5204527222422451	0.5226453526054462	0.5095861161150254	1.4840779083593112	0.6968505262193034
3.1289338107104245	3.9624343333724705	0.5322876370554509	8.03617474391149	3.638749890200203	0.36854567578880043	0.3560017010697015	0.1828790520366006	0.1447821436261411	0.49362710926637793	0.5233118393271388	0.521473107139601	0.5086100753567733	1.4815559415802708	0.6733742474641681
3.065752746793756	3.9782124557638276	0.5141124641009932	7.97066136256302	3.609059365420482	0.36069875924454065	0.358898073029601	0.1857100225736098	0.1437531746248502	0.5102978513273646	0.508595653123875	0.5194352969422191	0.5081838892024777	1.477841910036951	0.6880341034742405
3.0861118634152906	3.8717428537425707	0.4924244465446825	8.205539026545647	3.6459614050003104	0.33778077534629514	0.35921367187478925	0.18915888164505745	0.138357135857915	0.49750288999194064	0.5176768387031374	0.5226240028929364	0.512910191813588	1.4487862312464526	0.6649434623914715
3.078961445696193	3.75267714929593	0.5223664006457962	8.1626914520719	3.6333297115605387	0.3474173078899076	0.3491750375913362	0.18355838669952937	0.14776265359199092	0.5196494953429758	0.5034095561232707	0.5280986681292816	0.504951945257285	1.4475949460274433	0.6733461609160856
3.152771454690097	3.970812964018593	0.5206834843728725	8.007060964044378	3.6263905170301207	0.36932981290747097	0.3704209598386387	0.18073447220241415	0.13488114632872694	0.49724890018165063	0.5095199968368297	0.5195090464949456	0.5162193887669017	1.4583071078726284	0.6750410630351082
3.138435117491644	3.8918071800792693	0.5246935617818869	8.269772547917418	3.629647350270108	0.3595086549666887	0.3475291145111132	0.19511831304062002	0.14008993661600708	0.4955730016147471	0.5118351917490871	0.5291906973306679	0.4905051754598059	1.462765124980399	0.659073494411011
3.1389764831648534	4.004007584628131	0.5131395839112262	8.036930030370568	3.643711221030691	0.36041520872741895	0.3526438914925143	0.19127417921086437	0.14773828143988754	0.4909055185601225	0.5254468037165162	0.5224892675692671	0.501172678913967	1.456322171113014	0.6710008112168845
3.0795752575849735	3.869865872295559	0.5190457952349129	8.282347801129898	3.6367782521578924	0.3576626009832985	0.3579094503846783	0.17474235199898752	0.1381816756797857	0.4801589829375918	0.5081308273788884	0.5134932489876584	0.507110141396414	1.4637445612341151	0.6914808169705129
3.0888276194259143	3.837220029875556	0.5185476877236309	8.034099598850283	3.6390262162680935	0.36909922071753487	0.3548822971793913	0.17949502401709544	0.13829203599660672	0.501815132960333	0.5386561654945938	0.5172748726590642	0.5049313008172089	1.4523842663186703	0.6747076030970912
3.1143048368191355	3.8524445377713143	0.5050865351506679	8.026838744691327	3.6400249960349584	0.35038902844186837	0.347087699849279	0.18034425456025258	0.14300073217171422	0.4739493787738275	0.525882707709532	0.5222271424628678	0.4882038720325117	1.4723255329419231	0.6906842942809218
3.0932370134616916	3.8653934190421806	0.5012497219952529	7.895543663355024	3.6507636075368604	0.3560110945181197	0.3581876096303615	0.17533371629826447	0.1454993624830674	0.48681763374037934	0.514895582552866	0.5222714405250185	0.4987701660834021	1.4726241736355608	0.6798185583809068
3.1380058070787546	3.8294524711799385	0.5039833022543206	7.907777239435552	3.645812315445346	0.35973566227424697	0.3478695883824039	0.18329832415204794	0.14098206420302356	0.49206228716196837	0.522666869273687	0.5168844883402389	0.5180806732236102	1.4617270214088123	0.6812953279317344
3.1386256281748826	3.864113609363983	0.5061711276506791	8.237604027116182	3.6665945366462322	0.36483077355009796	0.3560995454274017	0.17867320869629175	0.13176867758418612	0.5146945319863268	0.5034381624862515	0.5280968968515498	0.5206504246410939	1.4845222514935141	0.6839493140702746
3.131902889202154	3.84553544476573	0.5119830093320966	8.029762277413704	3.684877041115373	0.3559499739209069	0.3491357584461589	0.18745418844506193	0.13696921515537197	0.5003484995996831	0.5108429265492325	0.521285231331006	0.49396136840414046	1.4604330944673338	0.6855510176124252
3.1656962861538203	3.8685207510481896	0.49544430258206185	7.964180363637669	3.692234184876029	0.35974347556412567	0.3567478250006458	0.18469142723926377	0.1410924236473608	0.501546172815917	0.5070077371895654	0.5204024087582402	0.512977320668613	1.4715462088245497	0.6597963739224982
3.1003073947637056	3.8296371047506064	0.5243007152496199	8.01346146605727	3.7077828824588845	0.3545970475327169	0.35470885880991415	0.18030117236497784	0.13909362872786082	0.48936316643696176	0.5246071631723809	0.5096886083912664	0.5110223791258246	1.4541258252860814	0.6911474607718479
3.080973829816991	3.782982713206553	0.51780555139573	8.197738922207058	3.700150378897396	0.3511098283095553	0.3577742573577589	0.18095464318626728	0.1364267027689835	0.513399760646085	0.5067470209011052	0.528380855459655	0.5435680777872495	1.44540254180518	0.6785694221894043
3.1455963898085626	3.903583966571882	0.5209595214283409	8.149107882306177	3.7058173140195763	0.35405665552478227	0.34833535607030985	0.18412950936638459	0.13808100460000505	0.48701355297187093	0.5138738301213326	0.5164612952294436	0.5208364887020943	1.4526093943605154	0.6995222767152957
3.1793375248926	3.8744876010482754	0.500808522961717	8.101084504282543	3.6978673141959355	0.36422701428180615	0.34931941991513155	0.17820483837803713	0.13812264089399678	0.48199182694603726	0.515527016130127	0.5243051071921359	0.5250392369253954	1.4447862878358315	0.6688206770798392
3.1372759534035533	3.7380487511942393	0.487703706819355	8.421512451779478	3.7155688437599084	0.3620753663303635	0.35936688182743304	0.18571254324101683	0.13491501812304138	0.5085563830271116	0.5041239245714688	0.5099324036805414	0.526802224951258	1.4600967865199739	0.6974184925030554
3.136989891173892	3.870731116512699	0.521086715045829	8.028602345418735	3.7343639189577855	0.3477549980844472	0.3531523847465305	0.16888534790812518	0.1438258468628917	0.48305709111411316	0.5091119319443818	0.5316259634224277	0.5287777149779831	1.453159920315134	0.6771509883337218
3.1552270055169305	3.9120223597221724	0.49039419498127207	8.19192301751618	3.7363422202063474	0.33153929748886984	0.3642655916077023	0.19676442136325967	0.1373839580207397	0.4891198369267493	0.5107671639609686	0.5194656064801967	0.49594817869382074	1.4237304481742858	0.6892494449855147
