mass_1	mass_2	phase	time	distance	a_1	a_2	tilt_1	tilt_2	phi_12	phi_jl	theta_jn	psi	ra	dec
0.96444	0.88969	0.04976	0.80488	0.81374	0.12131	0.07792	0.05146	0.02205	0.04842	0.0532	0.2558	0.05051	0.6701	0.38248
0.96149	0.90433	0.04999	0.80558	0.81442	0.12119	0.07524	0.04855	0.02096	0.04868	0.04872	0.25921	0.05119	0.68741	0.3963
0.96135	0.89667	0.04707	0.83742	0.81095	0.11836	0.07542	0.0443	0.02109	0.04618	0.04855	0.26501	0.04693	0.66099	0.39083
0.95962	0.89579	0.04686	0.83463	0.8102	0.11726	0.07632	0.0454	0.02154	0.0465	0.04737	0.26621	0.0458	0.64779	0.39886
0.9612	0.89987	0.04725	0.82506	0.80913	0.1162	0.07588	0.0459	0.02044	0.0471	0.04912	0.26602	0.04563	0.64778	0.39014
0.9636	0.89538	0.04819	0.82084	0.8084	0.11415	0.07674	0.04669	0.02037	0.04664	0.04874	0.26804	0.04787	0.65078	0.39611
0.96277	0.89791	0.0481	0.84025	0.8043	0.11526	0.07761	0.04661	0.0214	0.04704	0.04925	0.26764	0.04748	0.65668	0.39294
0.95975	0.89855	0.04717	0.84994	0.8022	0.11488	0.07662	0.04579	0.02128	0.04701	0.04959	0.26997	0.04682	0.64832	0.39053
0.95936	0.89838	0.04605	0.80045	0.80288	0.11512	0.07759	0.04562	0.0205	0.04621	0.04789	0.26945	0.04569	0.64944	0.38505
0.95779	0.90131	0.04735	0.84705	0.80266	0.11513	0.076	0.04742	0.021	0.04654	0.04842	0.26648	0.04722	0.64813	0.38469
0.95807	0.90517	0.0463	0.81779	0.79671	0.11504	0.07567	0.04596	0.02088	0.04585	0.04857	0.26881	0.04679	0.66091	0.38595
0.95985	0.90024	0.04642	0.83512	0.7971	0.11625	0.07779	0.0452	0.02097	0.04727	0.04693	0.26946	0.04777	0.6629	0.38588
0.95832	0.90455	0.04787	0.81456	0.79457	0.11487	0.07563	0.0468	0.02178	0.04658	0.0479	0.27013	0.04821	0.66326	0.39078
0.95743	0.9001	0.0457	0.84017	0.79237	0.11461	0.07808	0.04656	0.02042	0.04726	0.04755	0.27234	0.04659	0.66197	0.39083
0.95374	0.89876	0.04648	0.82501	0.7928	0.11448	0.07567	0.04281	0.02186	0.04684	0.04793	0.26849	0.0473	0.65923	0.38967
0.95425	0.89896	0.0463	0.82276	0.79904	0.11595	0.07673	0.04603	0.02149	0.04685	0.04851	0.26584	0.04761	0.66506	0.39494
0.95154	0.88439	0.04499	0.83342	0.79332	0.11203	0.0761	0.04677	0.02074	0.0458	0.04851	0.26582	0.0457	0.65368	0.38743
0.95265	0.89112	0.04725	0.82013	0.79219	0.11146	0.07436	0.04591	0.02168	0.04678	0.05004	0.2707	0.04763	0.65435	0.39382
0.95104	0.89488	0.04675	0.84673	0.79566	0.11456	0.07514	0.0472	0.02219	0.04798	0.04892	0.26827	0.04619	0.66741	0.38855
0.95263	0.90222	0.04725	0.80316	0.79195	0.11471	0.07511	0.04659	0.0217	0.04657	0.04941	0.27179	0.04644	0.6655	0.39151
0.95256	0.87987	0.04704	0.81489	0.79587	0.11557	0.076	0.04609	0.02192	0.0473	0.04902	0.2685	0.04701	0.66171	0.38632
0.95411	0.897	0.04613	0.82749	0.79504	0.11313	0.07682	0.04611	0.02146	0.04632	0.04923	0.2694	0.04733	0.67043	0.3848
0.95499	0.90258	0.04788	0.82305	0.79474	0.11375	0.07477	0.04576	0.02207	0.04607	0.04815	0.26655	0.04688	0.66271	0.38803
0.9486	0.89965	0.0464	0.81762	0.79168	0.11332	0.07725	0.04722	0.02098	0.04591	0.04819	0.26936	0.04717	0.6535	0.39271
0.94878	0.89472	0.04698	0.8421	0.7888	0.1152	0.07464	0.04664	0.02091	0.04796	0.04942	0.269	0.04644	0.66331	0.39301
0.95247	0.89757	0.04711	0.8496	0.78977	0.11595	0.07589	0.04488	0.02115	0.04591	0.0495	0.26792	0.0469	0.65453	0.38407
0.94937	0.89157	0.04697	0.82176	0.79067	0.11572	0.07746	0.04855	0.02116	0.04831	0.04846	0.27147	0.04686	0.65018	0.39277
0.95187	0.89818	0.04757	0.80843	0.7901	0.11543	0.07467	0.04446	0.02137	0.04696	0.04872	0.26836	0.04594	0.66558	0.39362
0.94954	0.9004	0.0466	0.84182	0.79068	0.11555	0.07542	0.04762	0.02131	0.04596	0.04833	0.26856	0.04697	0.66688	0.39415
0.95165	0.90314	0.04644	0.84419	0.78882	0.11446	0.0745	0.04717	0.02107	0.04691	0.04786	0.27089	0.04666	0.65627	0.39342
0.94998	0.9007	0.04704	0.82933	0.7868	0.11345	0.0755	0.0457	0.02147	0.04689	0.04835	0.26681	0.04784	0.66149	0.39249
0.95423	0.91038	0.04741	0.82512	0.78683	0.11506	0.07525	0.04583	0.02208	0.0465	0.04886	0.26597	0.04665	0.65434	0.3968
0.95468	0.90722	0.04665	0.82233	0.78352	0.11414	0.07419	0.04496	0.02132	0.04714	0.04919	0.26661	0.04723	0.66484	0.38977
0.94959	0.88946	0.04657	0.82307	0.78497	0.11294	0.07453	0.04568	0.02184	0.04633	0.04825	0.26769	0.04821	0.66123	0.38364
0.95422	0.89794	0.04723	0.85339	0.78077	0.1137	0.0754	0.04686	0.0215	0.04587	0.04807	0.26869	0.04686	0.65091	0.3852
0.95413	0.90017	0.04617	0.8368	0.7876	0.11543	0.07435	0.0457	0.02121	0.04608	0.04918	0.26731	0.04709	0.65544	0.39212
0.95228	0.89471	0.04717	0.84157	0.77945	0.11521	0.07484	0.04753	0.02232	0.04707	0.04854	0.26926	0.04721	0.6498	0.39738
0.95416	0.89534	0.04737	0.84456	0.78028	0.11253	0.07606	0.04716	0.0228	0.04612	0.05042	0.27143	0.04639	0.65012	0.39312
0.95338	0.8938	0.04652	0.84271	0.77979	0.11531	0.07543	0.04558	0.0217	0.04702	0.0495	0.26732	0.04663	0.65551	0.39514
0.94998	0.89945	0.04579	0.82092	0.77861	0.11502	0.07531	0.0453	0.02065	0.04667	0.04945	0.2677	0.04633	0.66783	0.39262
0.95083	0.88777	0.04678	0.80972	0.78002	0.11476	0.07417	0.04603	0.02239	0.0479	0.04853	0.26741	0.04717	0.66372	0.39354
0.94935	0.9091	0.04675	0.81861	0.77934	0.11576	0.07483	0.04598	0.02092	0.04457	0.0483	0.26782	0.04614	0.65937	0.39276
0.95189	0.89211	0.04688	0.82228	0.77528	0.11526	0.07547	0.04564	0.02115	0.04524	0.04878	0.26774	0.04592	0.65601	0.38616
0.95237	0.89349	0.04651	0.83465	0.77412	0.11582	0.07455	0.04545	0.02042	0.04615	0.04881	0.26566	0.04575	0.65882	0.3822
0.94842	0.90028	0.04675	0.79906	0.77529	0.11514	0.07452	0.04359	0.02118	0.04466	0.04834	0.26853	0.04625	0.66165	0.38948
0.95321	0.89356	0.04638	0.81827	0.76929	0.11415	0.07538	0.04524	0.02155	0.04678	0.04907	0.26851	0.04712	0.66819	0.39256
0.95155	0.90952	0.04664	0.82192	0.77064	0.11494	0.07433	0.04617	0.02165	0.04659	0.0478	0.26622	0.04638	0.65885	0.39378
0.94959	0.89482	0.0467	0.84091	0.77409	0.11388	0.0741	0.04623	0.02216	0.04645	0.04766	0.26847	0.04752	0.66595	0.39359
0.95572	0.89103	0.04526	0.85112	0.77456	0.11157	0.0759	0.04421	0.02087	0.04658	0.04767	0.26943	0.04845	0.65768	0.38982
0.9534	0.90002	0.04629	0.80395	0.77155	0.11522	0.07393	0.04322	0.02134	0.04601	0.0485	0.26952	0.04726	0.65428	0.38594
0.95225	0.90633	0.04572	0.8227	0.76956	0.11323	0.07446	0.04439	0.02208	0.04623	0.04778	0.271	0.046	0.65179	0.3842
0.94887	0.89161	0.0458	0.82733	0.77359	0.11437	0.07553	0.04601	0.02084	0.04631	0.04911	0.26644	0.04639	0.65999	0.39202
0.95253	0.90096	0.04736	0.81128	0.76429	0.11469	0.07419	0.04536	0.02121	0.04641	0.04851	0.26973	0.04666	0.65884	0.39113
0.95402	0.90147	0.04531	0.82314	0.76966	0.11461	0.07591	0.04516	0.02173	0.04714	0.04852	0.26766	0.04659	0.66794	0.39495
0.95288	0.91175	0.04694	0.81017	0.76991	0.11385	0.07546	0.04337	0.02173	0.04738	0.04948	0.26782	0.04693	0.65869	0.3913
0.95333	0.90146	0.04531	0.81913	0.76822	0.11357	0.07657	0.04624	0.02088	0.04606	0.04813	0.26792	0.04663	0.66286	0.38865
0.95413	0.90029	0.04528	0.821	0.76696	0.11563	0.0742	0.04784	0.02237	0.04697	0.04952	0.26772	0.04635	0.6494	0.39276
0.95463	0.90976	0.04651	0.83816	0.7656	0.1156	0.07522	0.04494	0.02145	0.04732	0.04896	0.26733	0.04545	0.65703	0.39955
0.95304	0.88898	0.04754	0.81625	0.76726	0.11448	0.07509	0.04266	0.02088	0.04603	0.04821	0.2688	0.04513	0.66069	0.39942
0.95586	0.89595	0.04767	0.83344	0.76313	0.11217	0.07643	0.04527	0.02145	0.046	0.04906	0.26711	0.04563	0.65589	0.40006
0.95214	0.90703	0.04588	0.82959	0.76225	0.113	0.07647	0.04677	0.02103	0.046	0.04804	0.27054	0.04688	0.65963	0.39946
0.95483	0.88865	0.04672	0.8383	0.762	0.11545	0.07381	0.0466	0.02165	0.04706	0.04947	0.26747	0.0455	0.66899	0.39776
0.95095	0.89459	0.04684	0.82885	0.76069	0.11412	0.07409	0.04567	0.02112	0.04652	0.04868	0.26735	0.04513	0.65853	0.39514
