mass_1	mass_2	phase	time	distance	a_1	a_2	tilt_1	tilt_2	phi_12	phi_jl	theta_jn	psi	ra	dec
9.280781709724446	7.938823693237894	0.5607742493229688	9.861829507279532	9.62641283587515	0.7532615731212421	0.6284529257732802	0.1544211265614494	0.1965232010972938	0.5353659629034347	0.5904646190317917	2.4195920868417624	0.5380809936272698	8.764441556319401	7.880287604337817
9.2849021562274	8.149161039695118	0.5267817439324741	9.803286354035782	10.028822830294438	0.7234560012711114	0.6307864913624124	0.15255764636706617	0.20414891701365656	0.5376537971215006	0.577311315337906	2.408809520314949	0.5157461605380279	8.861299959610143	7.86857406142737
9.531944668286608	8.1434802363476	0.5275211935506976	10.022218295075495	10.191732863439041	0.7261169545768771	0.6149008042101526	0.16006662296019383	0.19898020756739654	0.5204939678642708	0.5617522729209791	2.501592419194083	0.4998435171123716	8.590799099899582	7.924012040589124
9.596603101847082	8.054277009162433	0.5276711419359663	9.973036212178073	10.00287058249789	0.7099146429025361	0.6071205054430621	0.15709931949773154	0.19591410448446925	0.5082569513908257	0.5676852972184121	2.516797857998719	0.49874342377373065	8.232077840705964	7.788767045224474
9.65203690482614	7.979836715645923	0.5092524718090663	9.587050481640205	9.893851666569802	0.7134009503868054	0.621069358054656	0.16408804618736572	0.19730955949474127	0.5137649622523899	0.5601340247742179	2.5533475791552607	0.5195947648552393	8.234570411613529	7.876830569559633
9.589396215104735	8.016537615441505	0.5264326028720218	9.934556699017596	9.88092554152316	0.7122729372723228	0.6236817556722404	0.17075277963082658	0.18804949097737997	0.5066624935057127	0.5457824165996095	2.562246049879132	0.5079452133895279	8.270200779432091	7.904888923900539
9.404544809729588	8.234437200574805	0.5174110502831549	9.985391455851577	9.973862555131742	0.6967086060042561	0.5901126211075105	0.1662473211549613	0.19842326996959264	0.522436848256633	0.553175029684482	2.552720696001242	0.5159824898935178	8.24637961753514	7.821965612540558
9.341172303108316	8.14777603184422	0.5102925383840506	9.639859910119904	9.985107026931585	0.7124408766544886	0.621718807748841	0.16045234270659853	0.19356617534324613	0.5166066453898329	0.5537230519812529	2.5574225624743936	0.5125780052713845	8.456752031717114	7.910482278606555
9.358536432308519	8.2775551444869	0.5171829982499374	9.747127310356259	9.982909973904205	0.695088015303716	0.6350073018586883	0.15491952353988814	0.19111969055016695	0.5128147888786183	0.5599050027827386	2.5460950386302845	0.5149300232425219	8.278932352942917	7.85009986210347
9.37403548311894	8.265074602778784	0.5207569420602257	9.824804810026896	9.954054829096334	0.700027655153451	0.5966132345233481	0.15440641544704634	0.18799417044736802	0.5227734011250283	0.5691142031517898	2.526534767045839	0.524351474923633	8.387391266526476	7.982653406463655
9.39481527236368	8.194275712129073	0.5197945408999652	9.963252058176511	10.031611203240889	0.7039611739456058	0.6129759137682039	0.16792061994670932	0.20057072956140998	0.5004657416295544	0.5619571342910726	2.53544937989085	0.5200559057376659	8.365366381823574	7.838524739360833
9.379759404840094	8.388205964339019	0.5077371356754614	9.857349655410989	9.916715401762815	0.7011884945352258	0.6218946820406487	0.16374559569810587	0.20594243636852183	0.508187640349982	0.5411508476595335	2.5420845360613606	0.5061965856676081	8.470372392696373	7.995448910974823
9.544661500782137	8.363551806627118	0.5111187164092716	10.138525107319362	9.881336970086949	0.6840078703884153	0.6253432748387662	0.16034525157770393	0.20904703033573793	0.5176744516708319	0.5494729281732126	2.5505966548689063	0.5314858033884795	8.516946929302284	7.948403192148162
9.492074702157632	8.154104571317333	0.5174337340291508	9.707824934299875	9.80681203832332	0.6868776773016697	0.591762496453197	0.1526039517646539	0.18919565500928334	0.5394935891298241	0.5874558706368116	2.5357679750232935	0.5141497029237535	8.400915541885512	7.809109547816807
9.51257690044741	8.335960663436357	0.5271941338859588	10.102325482647032	9.782644576897384	0.6992373438822583	0.5993396024951028	0.16431092302151462	0.19106737590817083	0.5259260050989392	0.5579935435552952	2.5201780960078715	0.5234500030278794	8.459270420969013	7.805513682243361
9.626177336937928	8.363157880036322	0.49558691618612655	9.996069292008295	9.937708126930486	0.7113113512745471	0.6074121457713639	0.16105571747534275	0.19079602986711777	0.5028944444292195	0.5639083227479578	2.5471853160205606	0.5205270373981429	8.357116909265512	7.889450689834369
9.664364213267472	8.33418537612735	0.5216779210500774	10.041573743790659	9.924412687392985	0.70747093337634	0.6132673139380911	0.16045886506802667	0.19711928125182596	0.5189996861794569	0.5508375367278284	2.5343762059381607	0.5316079924112772	8.262034865951728	7.737064571319044
9.663834552569599	8.231257764279938	0.518335210162153	9.618144859355603	9.79215031240623	0.6886297245730773	0.5805303435899943	0.16738968126071052	0.19753589067116506	0.5336614415652056	0.5564321221331521	2.5287134556061663	0.5136177875178997	8.44081017341827	7.798111543201059
9.551837107784753	8.401045583603889	0.5185710079127629	9.77914073422473	9.72469209358241	0.6913275731763177	0.5996212995608727	0.16024700892958565	0.1924377499334862	0.5151055293894332	0.5486566162596174	2.5398061230023274	0.5226494458581197	8.441268825591706	7.785523815722615
9.603824271663287	8.30663800860526	0.5043727269042542	10.02147484449408	9.824479006895173	0.6856177499665146	0.6088640821693192	0.16227211272480996	0.19727551150728273	0.51833615252746	0.5633030529352905	2.527247958868623	0.5196697106057366	8.477189766277457	7.915320297259193
9.716493500857181	8.19428337268798	0.5005164338629533	9.705474093816713	9.931811297755141	0.6820602209491499	0.6025492261412441	0.16525650503827938	0.18851051308574518	0.5205405193324939	0.5729579496778855	2.537070602720389	0.5244237782301436	8.457857119144254	7.800653425637475
9.719549648171029	8.01793768759556	0.5328378107589371	10.081577172034262	9.985633767527842	0.6882520870040697	0.5961509772221592	0.16056908540880924	0.18905221149966495	0.5122267734843272	0.5352822965429734	2.5458446417256195	0.5162338292437381	8.352717597015326	8.010984071688076
9.754401099145364	8.221308941550154	0.49373715455692335	9.613183491238523	9.901385014435261	0.6773899701635705	0.6083726249335669	0.16487516812309372	0.19200815319338813	0.508681184968978	0.5642195431377568	2.5211421945693653	0.5143398818718738	8.335366839612679	7.864439591870498
9.752491525192678	8.160656208381909	0.5006839274385818	9.902256046659522	9.910592861238934	0.6876416479629308	0.5914626183055709	0.1558889297084466	0.193697136411715	0.5139211646304886	0.5519177292523711	2.5271123248470166	0.5051618742054068	8.265581880342612	7.926015167344028
9.73623444998786	8.037607150120747	0.5216265285089812	9.733154805434655	9.944260755344287	0.6856601669523662	0.6038985348583609	0.16751829960549564	0.19013435260095665	0.5391702042646592	0.5465969790800846	2.52667433672715	0.5128566341694969	8.462080984981315	7.972523781708949
9.602719813642612	8.063137413384249	0.5050455339505769	9.891886449855084	9.972488458121262	0.7215661571379148	0.591853771630816	0.15980593901479698	0.19814664251073988	0.5166581178501691	0.569049571936044	2.5217641587138795	0.5023601475020514	8.279867979299022	7.862017628413399
9.59341187349583	8.242201736055115	0.513044063612366	9.698331864278948	9.905588349245793	0.6826973693834234	0.5850311308181663	0.165949521108216	0.19093199283851148	0.5277953124485263	0.5510088200562078	2.5475232202164504	0.5042875625783528	8.405443190398163	7.820381589500172
9.808486610409041	8.132801920120025	0.5138907497494714	9.806155787590981	9.816657429074207	0.6929318532131828	0.5945401315938678	0.16063982744972333	0.19973388209438706	0.5296917470063577	0.5586603187295378	2.524938931955119	0.49910885532867727	8.497375187844439	7.707761465626741
9.582938618881744	8.17068315963729	0.5279466153227569	10.098736821247108	9.934025621900622	0.6852239179971257	0.5781893400199025	0.1735833305904696	0.20133988198405808	0.5313894922393846	0.5705392450305014	2.5509973226040015	0.49775374210668477	8.579318214035231	7.795904020975674
9.616564283986415	8.017369786391852	0.5109544083571844	9.694569499094872	9.956240165104251	0.6816766968482492	0.6040931007152681	0.1573894803630028	0.19469217207462336	0.5351726306090182	0.5515043287084513	2.520057004447782	0.5007501337300463	8.534533379835556	7.769629176075401
9.565706718830498	8.077363132683242	0.5181220710358532	9.81230064419116	9.946351157864692	0.7122881110727373	0.600202720745357	0.15662657634538849	0.19457915777475018	0.5155456747877928	0.5503594074278507	2.5194998848035635	0.5110315587935033	8.45556900934688	7.8573370875906035
9.70836290989423	8.10323115215798	0.5191050264476395	9.947236011385318	9.803197568504133	0.6942566034893465	0.5967966376432902	0.16350766468126451	0.19246074487811538	0.5237807582354579	0.5595022053058094	2.5351261181094653	0.5167487174984695	8.563482065593092	7.785510882401395
9.623551543076726	8.037477489163559	0.5247130832556923	9.733237612735804	9.834407241139486	0.6959482182136851	0.5856510251915681	0.1606987435988582	0.19477889343297922	0.5193763039642847	0.5588000732994921	2.540944170823085	0.5244685737155893	8.529218390673215	7.899568596509431
9.681995141083357	8.20927750299764	0.5245467820953242	10.109956511945969	9.915241198627086	0.7030033786529123	0.6035159213855038	0.15783849246521486	0.1847105115082915	0.503652962262453	0.5531473561925907	2.522094870011466	0.5268103658210262	8.39081472838783	7.893279768261837
9.805458159935297	8.162426889413569	0.5277045722912244	9.678793953515619	9.82740545044229	0.7012553202498956	0.5944042101357101	0.15941932489084376	0.197976143885785	0.5194859568472854	0.5608906836692635	2.5283196133565013	0.523708260323004	8.35641909971874	8.024015916165135
9.762254082322652	8.269342404255294	0.5229697096602292	9.810550667033487	9.813861865716836	0.685055017112442	0.6058262338883553	0.15975108232800353	0.19253251315789321	0.5022459525974188	0.5773247986215654	2.5366769372812326	0.5271217612681032	8.518526838082822	7.879535212737358
9.586168626006351	8.191794603205732	0.511525670354855	9.620501155386332	9.85348458893813	0.7153265224350812	0.587638339939851	0.16086099486170707	0.19401999966314998	0.5221586952139013	0.5626014343358446	2.543959209413577	0.5243891876461586	8.376706824098969	7.825539049799861
9.86192207788659	8.22688705256355	0.5125169175363926	9.708161912608057	9.868364600553912	0.6809427323086535	0.6018832564922373	0.15715223781859725	0.19192298495981394	0.5200926322579335	0.5489042742949547	2.5454287789798045	0.5439907797532374	8.285602883153873	7.856221056374781
9.680108175790515	8.197264280688113	0.5355889124265494	9.786032971981525	9.82264073912285	0.6947449763914345	0.5897376646787337	0.15987536429658467	0.1948319634223419	0.5206721370718391	0.5621533837512388	2.5111014148464355	0.5263756530920672	8.300246352467221	7.869051633661819
9.600647976004456	8.190027764042386	0.5157203970153531	9.978029231577977	9.828577031832433	0.689990503318227	0.5890693152090863	0.1574848375962545	0.19830897364364825	0.5242059659176653	0.5694608644586949	2.515908728413292	0.5030847005754893	8.418520919599047	7.874470955520854
9.665451124199912	8.307184109570395	0.5275310448014763	9.87815531248037	9.908320348217456	0.689743626317508	0.576375533120208	0.17086414414926265	0.1938404755409437	0.5167134095651388	0.5461825384843686	2.5152339650694744	0.5099565280049448	8.504390136807936	7.926498324852813
9.601166290712275	8.37205630646469	0.5362287326045934	9.65510224771311	9.862084545362606	0.6865174117392326	0.5671658815449724	0.16604501326732074	0.20320029226186911	0.5169299162320624	0.5644672900785309	2.5368954512062105	0.5295439314363781	8.395500843372947	7.8959680417741085
9.571885568300607	8.230149169240455	0.5177695250499693	10.112641588907934	9.702008353842587	0.6821121460309896	0.5831292643257835	0.16531724452793742	0.195500251966071	0.5236837141488114	0.5453684097381453	2.5490185106783207	0.522038105929203	8.278759593222974	7.814149166361114
9.712858614402045	8.24595669279391	0.5238795335990433	10.08294626207719	9.767653802784293	0.6873899208260115	0.5782227638110241	0.16332645412472205	0.18281608775546393	0.5169344406116996	0.5480465660013739	2.5331475218676442	0.5244550862582299	8.294160086812564	8.113664890263719
9.761869865780968	8.246551551480257	0.5377932928428973	10.058599534421115	9.866486921387446	0.6918035020844447	0.5715713361580167	0.15839257769920884	0.1998900987939895	0.497205187071807	0.5525972900535117	2.5285051370976754	0.5112599913885151	8.429424407023227	7.777756633466651
9.546537422059576	8.300207572284952	0.5160975056381344	9.99486255981069	9.785794697548361	0.6721339934159092	0.5964834727522987	0.16543015368615283	0.1886294599345912	0.5127995499678499	0.5714874530528453	2.5034439350817563	0.5099381907132587	8.415223192324442	7.931533746380422
9.659971572859098	8.411663034134651	0.515799043673059	10.038745316171898	9.82430194049063	0.7033561255695663	0.6063330298068741	0.16065552022512875	0.1894830795767035	0.5167148029612665	0.5463552893165863	2.519907241289794	0.5154116623641788	8.334293058903217	7.9634671927465925
9.570246551299462	8.296207891829576	0.5234322815779888	10.077741190702993	9.851758812327196	0.6877312987876619	0.6092649076192842	0.17017677965913192	0.18669565182081432	0.5040177679265516	0.5498694509407902	2.5464268938250134	0.5241159961030035	8.443693117114739	7.9502991481614345
9.75961183163542	8.40685944650803	0.5372684514688792	10.116067249198096	9.767707552114413	0.6868010775431787	0.587484272406377	0.1657493162208516	0.18714456026811818	0.5210886668278665	0.570899900733531	2.5146492870814514	0.5233430622866363	8.456511962502985	7.7989824909848044
9.793136666306264	8.43965104799137	0.5129340403193098	9.781801892858255	9.69901022479496	0.6807905740327278	0.5906168715911021	0.1468233260637256	0.20145092345421475	0.5290451078214412	0.5455437143566744	2.542261852579118	0.5292817645699485	8.384683888259941	7.99347520452263
9.698356978404878	8.301351439010963	0.5260588917434708	9.689178996570657	9.76783376833269	0.691686550923204	0.5793002964747959	0.17358006205075038	0.19385449805694627	0.5139471968845587	0.5499216555672074	2.532629530127645	0.5079733294738057	8.328381516471936	8.024395654516564
9.650249165941286	8.324263169123384	0.5135497513744173	9.929355987318527	9.748493680546938	0.6999318315630194	0.59244229921605	0.16354571540791535	0.1999892697502432	0.5128735914577027	0.5622107034103304	2.5174214483788857	0.5184120312223007	8.494538220327446	7.772803651841616
9.767526942856504	8.285295711902757	0.5137867603348102	9.780296313895297	9.896313818479166	0.6830253323597529	0.5970801437729958	0.1623949629203407	0.1934806720194567	0.5180906535331726	0.5496769219109215	2.5396133808183183	0.5228055373970997	8.591077930856278	7.857179167054336
9.66747158285009	8.325169699531841	0.50095365932175	9.621128221218228	9.817676903655881	0.6884841619583922	0.5660022388115837	0.15887578692136867	0.19905471674333075	0.5043993283984758	0.5664320760132839	2.5340857337441154	0.5274484619258061	8.409930245916431	7.8791285714891925
9.659165992319048	8.252930946200319	0.5238063852394264	9.761837762297104	9.805923297161202	0.6940187644866097	0.5814623810478936	0.1603851062583256	0.1995256987247877	0.5093230272845432	0.5539329475101127	2.534835762854147	0.5185394257961154	8.509545049773553	7.986248616829585
9.746994384133625	8.175021051737778	0.5110718538607844	9.651959396212302	9.730680227078471	0.6866494145850907	0.6145345532906442	0.16732638565153596	0.19488809862114712	0.5135464015445503	0.5461779435332299	2.559231630318515	0.5067185167827343	8.337299107015694	7.934698075807321
9.68972256594064	8.281526321363055	0.519049170177106	9.961816409249636	9.715918545592743	0.7060469920360776	0.5809560821925462	0.16660517273334316	0.19912688897106678	0.5033916674269271	0.5441665935986757	2.5305435138857786	0.5103085944309074	8.43501726891311	7.934219609297396
9.665786419975763	8.302312950250824	0.5037148817245282	9.692561807511167	9.756711400594934	0.6788801691118952	0.5886892497157313	0.16642047616248526	0.19402808198686816	0.5283982942591574	0.5540534992681186	2.5352430696124455	0.4997280609796281	8.318299317193613	7.8397759812131875
9.756147485914317	8.237135759698768	0.5328084174820136	10.051977558803198	9.702015337913755	0.6944314250388466	0.5778787211110813	0.1665206550559037	0.1865412760902952	0.5072742316854795	0.5552603045737512	2.549964450998275	0.5005819342317257	8.255030104888757	7.7233532987380995
9.785627576596431	8.280718653836878	0.5112905643899686	9.694898353532844	9.680930873113828	0.6797972979550239	0.581920883626689	0.1601865460760465	0.182873610845562	0.525739966419047	0.5536985708921596	2.548836035380663	0.5125557178912398	8.22390630401541	7.708073685850564
9.729580786851818	8.23888627428786	0.5275222948054201	10.110210280454481	9.80037999335584	0.6962738476597887	0.5790560727677746	0.15374873679134604	0.19344708648315637	0.5137289335476044	0.5465580444231901	2.5255083126071125	0.5347759567242428	8.433808386904097	7.7944245341294245
9.621089382794503	8.369016669740699	0.5171176938301127	9.630887383045446	9.71969197185335	0.7034093346783434	0.5843799437477252	0.15403370747494657	0.19936050843281763	0.5217676368146457	0.5609248805336704	2.533098029015403	0.5443052945666826	8.476052512210071	7.696642187529949
9.766019666785533	8.277031587477722	0.5129725330379609	9.609090159522852	9.55286947882223	0.6767709494738148	0.5716167294232218	0.15693731214624346	0.19355455386125	0.5156884271726436	0.5551390237374682	2.5586578665086805	0.5388567003988919	8.549986532241935	7.923105115884247
