mass_1	mass_2	phase	time	distance	a_1	a_2	tilt_1	tilt_2	phi_12	phi_jl	theta_jn	psi	ra	dec
7.028673082542641	9.208879135129152	0.5282980377065309	8.903757038810552	0.7460653250488429	0.6900629607264301	0.5440774523754393	0.15702075054121864	0.13168343497216478	0.5291002300230138	0.5457468351643514	0.8182099758388736	0.5341387642014981	1.297216683085599	0.6717442037164031
7.178338991345867	8.81964657188829	0.5285119633605745	8.845426410627104	0.7201867304040606	0.6833183151590787	0.5378697218259312	0.1430247567607112	0.12849892051665304	0.5164852053040003	0.521718154855254	0.8207323346854472	0.5263837578580272	1.263695347180259	0.6516159202293372
7.327844417586683	8.335577850972157	0.5078948347726386	8.784777248320374	0.7229771192293019	0.6894142520855512	0.5239229216353566	0.14419794065620606	0.13528936840366254	0.532912304553243	0.5188485544099546	0.8231157225893457	0.5186062314339279	1.1947835857817393	0.6566634110924139
7.282069360363043	8.285138654241965	0.5216252670639123	8.894820054557933	0.7259701769070908	0.6747877953831265	0.5208568964137146	0.15268761154535238	0.13604774399340278	0.5269557434059737	0.4715531193027302	0.8408344422543242	0.5204469594859688	1.2208243904099325	0.6469707539196575
7.3944460879303	8.452151815601944	0.5001535652753	8.795293969579074	0.7174306949360761	0.6826314542215345	0.517079165260674	0.14113429823733564	0.1272922164741085	0.5191430048187855	0.5018422907146356	0.8370517238591745	0.5160398845735094	1.2513820207272697	0.6393757554211253
7.2964069870251365	8.41934950964267	0.5253063836289453	9.015972129633013	0.7317214076480221	0.6602434702476347	0.5173669655002305	0.1354585359562351	0.13406819635307118	0.5263037309171014	0.513829521816538	0.8377321628275931	0.5094126362815296	1.2615777026441892	0.6562780088297738
7.205945443436175	8.380720047320354	0.503203439754224	8.709650996585802	0.7307377190402096	0.6653184691127593	0.5283500133880306	0.13789317580497532	0.13427997906762917	0.5177709122125188	0.5056379768640982	0.8424141587045494	0.5103737832848354	1.258134762944775	0.6531051305166391
7.257016520288597	8.421840419372597	0.5140131899152279	8.80228467443044	0.7323756914647211	0.6770053939009028	0.5308391933164118	0.14636373084361837	0.12359732497262642	0.5327875906040415	0.5001659133622286	0.8472743617969677	0.5176386339530828	1.2381960229572877	0.6485631754844011
7.306624331210699	8.333041325008804	0.5166675716304678	8.724345472486913	0.7351048222398683	0.6749732439518839	0.5281920107911984	0.14285889903219626	0.13043626175696565	0.5221079748424615	0.49966260728345696	0.8290269142539051	0.5122192302816503	1.2076372190238132	0.6650749613672611
7.284743379067875	8.378338280557262	0.5204070460977881	8.798275149953744	0.7355875884209426	0.68431191785721	0.5110609356508673	0.13814857256271945	0.12856439399279324	0.5188965391912206	0.5124299877954455	0.8362332759065696	0.5076210268317985	1.211018708999768	0.6429660884327602
7.266002497837546	8.386641401589843	0.5100807495936601	9.088835660969446	0.7391548367098233	0.6680030131602553	0.5327494075138669	0.14188588932327828	0.12534285436773504	0.5129024712463719	0.4932150749022268	0.8308805902835946	0.5144581116123939	1.2293144064106623	0.65019823829122
7.24062490020071	8.447013288926234	0.5148877468689308	8.786453301104594	0.7420517276021031	0.6469288434582143	0.5508406437936083	0.1497574052209705	0.13324160363530743	0.5312672806753861	0.4981860474518244	0.8251077041075153	0.5254322573846412	1.2195289868647152	0.6463017154585697
7.304416379565744	8.364815506431414	0.5029580066821704	8.692515621680645	0.7419678215436569	0.6531612428409961	0.5184482135219158	0.15923679228875162	0.12919693158127155	0.5357012839241473	0.5073606430792246	0.8514140736700492	0.5273025184509746	1.2234326067637942	0.6694725723024405
7.272529192544206	8.316263368697568	0.5209305216927576	8.774334386095665	0.7378987098282945	0.6688477709827951	0.5180927696455399	0.14424796150520217	0.14147137458533846	0.5187240961148831	0.49068481940235886	0.8377053046190861	0.5227578936550933	1.223484049167188	0.6586442871699373
7.331714613250443	8.285404431346487	0.5196250390644225	8.665115136373888	0.7436443942877733	0.6635170885214913	0.49433451918352084	0.13611915815890746	0.1368564112504082	0.5338877023538428	0.48924507697876046	0.843310853112762	0.5204208069994266	1.2304386520860087	0.6787193675034632
7.320703447205451	8.208454392427473	0.5124590059672595	9.088472501706747	0.745864088068367	0.6632198655331455	0.5335770256391282	0.1474920988137853	0.12824019028824718	0.5164047564796984	0.5009858823736967	0.8406095846887016	0.5138317475637865	1.2359798969140467	0.6343146720900968
7.4407702140310885	8.235390458732887	0.5148977338415518	8.715213360439039	0.7406940549771481	0.6513098501052331	0.5101021676606801	0.1392571118162021	0.11983921219831584	0.5324845835998255	0.5103988452546774	0.8299987714954092	0.4918489810872723	1.2223921718310704	0.6649036028043948
7.3650272600469044	8.141757008674194	0.5012177334521493	8.715797770513943	0.7365300527921151	0.6699655372058261	0.5135286204954317	0.13262509826563296	0.12772673507057214	0.5449913560899915	0.4839388483928885	0.8270590462835831	0.5173103977372625	1.2235336836471622	0.6559112887424885
7.339834259140192	8.251404976166002	0.5154610638931666	8.726533343029292	0.7428529086290411	0.6485583447303426	0.5005809150137516	0.1457692340252723	0.13600654724439218	0.539790400054535	0.5211447860714468	0.8410198022341818	0.5262786922264161	1.2301745744582182	0.6601958916024709
7.311337214077147	8.327036645239863	0.5203682028607781	8.73358699147878	0.7469256164022801	0.6673721606110289	0.5130577434314533	0.14444880517907324	0.1220189385959591	0.5078067703987498	0.5044933450888952	0.8312784594644053	0.53071488858935	1.2261807926852333	0.6569934648434566
7.515018859405734	8.313924257237282	0.5048423652223354	8.828998411291042	0.7496450156916195	0.6673310845852698	0.5250274062437469	0.148536785973149	0.12422898607491688	0.5241888524714575	0.5069283938354293	0.8216250434390342	0.5205704462087769	1.2372777850370194	0.6526037696160975
7.493640894877455	8.363081868747159	0.5106502577134172	8.748776263103485	0.7336717255274496	0.6611067219585715	0.5294305248454682	0.1364469088696385	0.13607794487843633	0.5170368204229474	0.49045253223922375	0.8437181432914583	0.5120675886202776	1.2134721807614988	0.6425995812851995
7.393243907685369	8.273890715721206	0.5063230867425105	8.989692185772263	0.7292031683495284	0.6683292297128149	0.5105200189378346	0.1494343291939319	0.12645049502038605	0.5212972188402545	0.4983304178737954	0.8232780641688131	0.5259242669684072	1.2507322038040731	0.6481382248572714
7.381036177889686	8.330524965280306	0.5109683573696728	8.695600217072876	0.7268327593005498	0.6489496600772297	0.5348247504117484	0.14559655257938606	0.13852711435615253	0.5190407056029193	0.5166109527229081	0.8288123557914343	0.5068819204409848	1.2343084737557806	0.6473629879623438
7.423177515771396	8.43414951773674	0.5163084927636847	8.729493467274851	0.7258456788848183	0.650678512290547	0.5307881145191524	0.14582579798153344	0.13661551619700849	0.49952892985955877	0.5059927808907645	0.8381041511626319	0.5074863719265292	1.2373895508031825	0.6383589069362171
7.356743882051643	8.432779924370761	0.5187175712441681	8.727661930968036	0.7185095829487647	0.6684315760580452	0.5022413392708897	0.1530518432923168	0.1228096741336545	0.5288133263024699	0.49329795634789125	0.8331769962276071	0.4923240818880576	1.210698066850019	0.6426183181420762
7.315486956880433	8.251132833642274	0.5206957938162854	8.804808721447083	0.7200009182600706	0.6413634262153092	0.5161106815306875	0.15015292943984326	0.13220182275510184	0.5063843615814432	0.49169018785218793	0.8375612518878133	0.5148676544003836	1.1940028167076675	0.65245423494756
7.3571768396644694	8.339504641217413	0.518627202172559	9.082443267642809	0.7201850043494166	0.6537159291443465	0.527358113036211	0.1484696830722994	0.13368042985226838	0.5360894541988424	0.5016890210550377	0.8276615794464249	0.5225586402615252	1.2175424449534336	0.6525829730834773
7.303298138810881	8.334866365888734	0.5297857228900833	8.809418249271014	0.7242401047468231	0.6434104188136287	0.5038653876861641	0.1434007438149407	0.12941764426350333	0.5160575267705584	0.4950492473486903	0.8360478533128571	0.5216209829778256	1.2258229198561295	0.6389475404803102
7.398681282379968	8.476540214965453	0.5174123421872312	8.774510125479152	0.7261627143381671	0.6404055090915284	0.5292427628621357	0.14145660656586212	0.13587291552310804	0.5210002385810435	0.5181906601946504	0.8529840335565961	0.5040570297902397	1.2158706772015389	0.6492507616900386
7.31541522344334	8.422006727136088	0.5210026662506858	8.871918008677124	0.7246157360526815	0.6515919038567162	0.5140964797876065	0.14435213889493256	0.11766739641698172	0.5271624642879567	0.5047942001796395	0.8355795471642193	0.5166390102458268	1.2223290305992793	0.6436536655410415
7.32637687618499	8.372742515302342	0.5363060646355567	8.973411812249825	0.7226322667555021	0.6487758520437701	0.5152449505117976	0.14603391787259215	0.13180105736987552	0.5279933361346789	0.506678875361776	0.8254976686562412	0.5140373308962807	1.233214051778781	0.6500948685472534
7.357969279847803	8.337914663105764	0.5167883525140259	8.633843250714603	0.7184408518882731	0.6741709045677232	0.5266390703132988	0.14800038137346028	0.1358805769534189	0.533703646814291	0.5075577026741512	0.845398368759018	0.49997212900679605	1.2499799473732356	0.6519106604085383
7.308745569803452	8.249049798938302	0.5087181317342756	8.676414132327514	0.7266331961797513	0.6444577772693552	0.5156917745075127	0.14657824265171215	0.13481193674522654	0.5151013521539057	0.500668974299264	0.8325869053647896	0.5189734304387007	1.238565350615459	0.6535750784836649
7.377703779803256	8.18390857909507	0.5269899827329567	8.707371700742524	0.7307420397109518	0.6579655838126238	0.506772090796234	0.13201602904482584	0.13848418167870147	0.5280651498002724	0.5032115186262257	0.8353602087134284	0.538081593702186	1.1999678623174213	0.6543929869021048
7.421336003993811	8.152017975040366	0.519192810256485	8.644410378343633	0.7425329651375627	0.652620182782884	0.5189919671398038	0.1476968151322796	0.12939086481736742	0.5213651604627474	0.49712625009684597	0.8332911706352699	0.515064988586188	1.2261639165030431	0.6644185981315738
7.365209442981639	8.22922542543024	0.5102919289193888	8.686343397215778	0.7362499267058736	0.680886780301423	0.5148570674130611	0.1415180876373693	0.134009306892535	0.5372433189839524	0.47926354099357293	0.8323602841420216	0.5129881631436612	1.2339299345596477	0.6794724265705532
7.490274057130592	8.195980077856369	0.5218181557200479	8.678913061393136	0.7322313909189305	0.6483061958388513	0.5263918449773635	0.14141445873620986	0.13865308770688767	0.5056296425587905	0.4976333092303823	0.8417238957297556	0.5142088494922192	1.237327317876611	0.6456924974822933
7.359857901366947	8.181029237929527	0.5245049496961607	8.733664467684598	0.7369749938184401	0.6651246587336352	0.5326413812819548	0.14159666141325483	0.12326320232358239	0.5335905521396568	0.5092884886124054	0.8362358647874878	0.5237219270546957	1.2173750319733678	0.6413268584564676
7.361715233237609	8.290398863431792	0.5087611270581458	8.770057045945142	0.7400210614892461	0.6466742539356365	0.5139785097031961	0.1412845288005127	0.1395470260894789	0.4930003312508033	0.4987982151538517	0.8262451833061739	0.5061656993037756	1.2161111156122	0.6708734264994904
7.290966932262123	8.169900412209037	0.5214571904418958	8.603091045158914	0.7362354204127329	0.6793310060756259	0.5185950265376044	0.13390136237702158	0.13038133704179408	0.5308115274803937	0.500540146233744	0.8276111422185305	0.5143083362767352	1.2088775508210037	0.6526778196102139
7.395022952849049	8.04491657585329	0.5154905044481926	8.627724117045975	0.7440754484390747	0.6667718585266117	0.5114953451856521	0.1477435843430899	0.1320122639428557	0.5245527215307368	0.486641320464047	0.8354161427905792	0.5182211683830721	1.2144814841352387	0.6575382344813346
7.393401441373063	8.082909736723273	0.5208277656984729	8.702671616919817	0.7490605584037041	0.6558426237170428	0.5092361012813643	0.13403727459270054	0.12838672662094466	0.5102983905985022	0.5117535232367122	0.8369403748018478	0.531190595659726	1.2390151882919633	0.6679178199594848
7.374858404034734	8.165177517879235	0.5138273205887346	8.707274047889616	0.7487738130696903	0.6633570474025087	0.505112358397112	0.13928173461954962	0.1298333478730145	0.5123254692541114	0.5084325823331954	0.8386241269170704	0.5122176254604985	1.2182049023396322	0.6660716412759613
7.405426739388844	8.298064332219885	0.49797187705520135	8.866098313662151	0.7486944093620206	0.637918673866029	0.5052252930121609	0.1447837746657716	0.13533011758582603	0.5299612690998233	0.5025631971053227	0.850484713338003	0.5214753215239837	1.209225918898573	0.6618636836933558
7.370132090680749	8.049571940863423	0.512445328544421	8.736028443682603	0.7495363329010547	0.6392355176290442	0.5076846114912589	0.13240739641437158	0.126636437303842	0.5257682967850004	0.5105360091659892	0.8533509928149652	0.49811022540090316	1.1887655877989414	0.7027292515667262
7.368134839790717	8.069719875438327	0.5074024516483238	8.654277451178123	0.7604179314037339	0.6596642499500597	0.526829834276883	0.14660965255694725	0.12659174016448113	0.5264963498339887	0.5040361322938286	0.8289925430333375	0.5303516475267689	1.2394980405523854	0.6616345344406295
7.3449065729189	8.148985383094226	0.527642192969097	8.707566136640784	0.7574235859092037	0.6586786200086455	0.5094214196190081	0.14102503583787995	0.1381977524029143	0.5202031943915552	0.5027407159093451	0.835622046204981	0.5100203711816518	1.2537149043825884	0.6522443450298092
7.4297455515181685	8.178858383472065	0.5259094580202676	8.983566012073153	0.7568576326418937	0.6407913596966139	0.5324479501355679	0.13053667630409563	0.13319497572240868	0.5241632286098435	0.49564706452617197	0.8302467250901746	0.5390375448425924	1.2229336882439148	0.6631664875634127
7.397823314840296	7.95917342322686	0.5146105985867624	9.064557002277756	0.7651085553034757	0.6542170248047349	0.5127313751320955	0.14594711646818115	0.13823213452042382	0.5107618088142547	0.4891977450953949	0.8380796073899514	0.5247628320334061	1.2391084083636923	0.6462624185342147
7.387242962653858	8.122307704148756	0.5220045513580602	8.770347919015778	0.7690643809482239	0.6454861897356072	0.5101034751702137	0.15056794373397525	0.1274176756939871	0.539008411161951	0.5014840408232938	0.836601168604413	0.532706737221454	1.2215510883019531	0.6492337920508409
7.359877449904404	8.142387712130661	0.5120282165789153	8.631109563598969	0.7715889425984331	0.6426379556051536	0.5032196793755428	0.14848908063035807	0.13068411255141885	0.529111252053146	0.5145094096206795	0.8365364102439051	0.5202973698644066	1.2073616192418308	0.6606973392541786
7.448798821959353	8.187841248193976	0.5339423042353557	8.641223245643609	0.7793830392696071	0.6515269826485719	0.5103713128935752	0.14814401437468364	0.12339209905988481	0.5302273559224242	0.505241246000749	0.8486842662166842	0.5339890214698884	1.234488821578625	0.6491793068618398
7.328435834098056	7.948094546594095	0.5199193211705136	8.625160974627706	0.7833012283639418	0.658120737537883	0.5115300426992059	0.1434083231682985	0.13426846091091363	0.5180021404550375	0.5130622311538486	0.8362841879004592	0.5033899929985602	1.2241893166897047	0.6602297094993975
7.407497044053278	8.148818839856975	0.5308087601861299	8.728223541394359	0.7899064108996839	0.6639593395514312	0.5186203803081528	0.13933621632712215	0.13042285521501987	0.5346386017554535	0.5028832499864264	0.8330957051211199	0.521171797368531	1.2159246869674307	0.6609161853473103
7.4046039458075885	8.287282079192734	0.5071833773849338	8.761206989007897	0.7911934506252447	0.6627857940861832	0.5246037438630208	0.13348446949028797	0.12225556356986741	0.5203790960842991	0.48747442435483634	0.8337927629023006	0.5170795732488703	1.1914076698712128	0.6466424059102369
7.346303795037189	8.29341502185024	0.5183656211630155	9.018235962858235	0.7968214940570006	0.6521043926764376	0.5161245821144149	0.14846578224863982	0.13302794153630057	0.5153890318846717	0.5086909928758019	0.8238392229474015	0.5227993727692873	1.2172062834132387	0.6484707300403095
7.3967107473291245	8.223226318423064	0.5052531348959276	8.78881606539704	0.7982036395236571	0.6480733982714153	0.5219380804446418	0.14807298521890247	0.12308720246510167	0.5077048568696925	0.5081795056821179	0.818478086171314	0.5153062900291296	1.2173294664558538	0.6700515001608301
7.3667320727307075	8.213596241176502	0.508301498116122	8.71241873580974	0.808338167263355	0.6704064161319706	0.5385432454292848	0.147720416836231	0.12726447676212999	0.5060708532770556	0.5016136673942537	0.8385986612008586	0.5156535980724335	1.2645434166997056	0.6501463917331894
7.439711589595208	8.247796027617197	0.49957383479610856	8.83678929384226	0.8184477745682448	0.6557405063027415	0.5195057595447548	0.14750638150381556	0.12590038091743183	0.5047904233784741	0.4784377759309874	0.8353850375639305	0.5157173533493729	1.2274449214937884	0.6431568755571502
7.372805319620525	8.10365509835091	0.5117470707882278	8.648101232293223	0.807789154240652	0.6572924296021982	0.5033350321905923	0.14427041896210388	0.12922407850046516	0.5204477970122111	0.49684536138231267	0.828663139842564	0.5302951430884476	1.2144332665352797	0.6477168752991284
7.37404336754044	8.050795642723097	0.4954351258027461	8.690790844089458	0.8137407111350398	0.6511734281816491	0.5093332487193442	0.13858255652218024	0.13178707562352746	0.5167968838189682	0.49645916624434816	0.8317865940686795	0.538696112147733	1.2202317170272288	0.657357148791232
7.430201910992074	8.167467050254718	0.5141851211973135	8.658629723352727	0.8200602828684632	0.6488409154074968	0.506196161190654	0.13707324868435308	0.13254792656367462	0.5281619276994162	0.49094998467022505	0.8220641701076387	0.5298353175865914	1.236685509659302	0.6609841103844766
