mass_1	mass_2	phase	time	distance	a_1	a_2	tilt_1	tilt_2	phi_12	phi_jl	theta_jn	psi	ra	dec
0.92449	0.8632	0.04669	0.51831	0.24899	0.05563	0.05128	0.19775	0.05381	0.03989	0.04514	0.1644	0.04375	0.13339	0.0826
0.90359	0.78037	0.0362	0.92082	0.32655	0.06044	0.05657	0.19913	0.04762	0.04355	0.04505	0.17029	0.03594	0.18681	0.0892
0.88905	0.79147	0.0244	0.77166	0.26936	0.06871	0.05376	0.17966	0.05066	0.03765	0.03625	0.17904	0.02259	0.21001	0.08385
0.89786	0.83898	0.01547	0.71958	0.29018	0.06469	0.05226	0.20176	0.05653	0.0383	0.01951	0.17631	0.01116	0.21184	0.08409
0.85671	0.77315	0.01037	0.69029	0.26148	0.06833	0.04004	0.19181	0.0551	0.0346	0.01125	0.14738	0.00605	0.17947	0.09184
0.84813	0.78282	0.00935	0.73681	0.26728	0.07621	0.0434	0.15078	0.05247	0.02577	0.00979	0.16767	0.00348	0.13689	0.08692
0.88189	0.79109	0.00851	0.56891	0.25666	0.06149	0.03349	0.1788	0.04729	0.01499	0.0088	0.13578	0.00351	0.11577	0.08352
0.92346	0.80919	0.00555	0.49985	0.26203	0.0657	0.03477	0.19856	0.04994	0.01338	0.00843	0.18363	0.0019	0.1131	0.08444
0.90481	0.80245	0.00631	0.78855	0.34991	0.05372	0.02905	0.19489	0.04494	0.01227	0.00624	0.20615	0.00094	0.1174	0.09365
0.8812	0.76333	0.00408	0.48981	0.25494	0.05626	0.03113	0.18884	0.0452	0.01153	0.00407	0.18957	0.00102	0.12993	0.08429
0.91482	0.8475	0.00353	0.60893	0.26725	0.05387	0.02789	0.18058	0.05351	0.01053	0.00439	0.22459	0.00166	0.11467	0.08511
0.94419	0.82659	0.00332	0.49434	0.31947	0.05343	0.02767	0.20736	0.0553	0.00792	0.00712	0.23839	0.00431	0.11802	0.08627
0.93893	0.83107	0.00469	0.47374	0.29501	0.04445	0.03159	0.20699	0.04538	0.00827	0.0023	0.21282	0.0014	0.10282	0.08465
0.94283	0.82794	0.00508	0.50498	0.33674	0.05579	0.03134	0.21281	0.05436	0.00714	0.00341	0.2383	0.00175	0.10817	0.08342
0.94446	0.85438	0.00183	0.61465	0.42004	0.04251	0.0359	0.22509	0.05345	0.00545	0.00323	0.25371	0.00295	0.09719	0.09002
0.94897	0.86658	0.00276	0.64993	0.25768	0.05136	0.03225	0.21383	0.05949	0.00636	0.00597	0.22293	0.00082	0.13088	0.08641
0.95862	0.86424	0.00223	0.44903	0.32684	0.05348	0.03194	0.21766	0.04823	0.00623	0.00296	0.27609	0.00055	0.1431	0.08083
0.91872	0.81381	0.00081	0.53059	0.33757	0.04786	0.03669	0.22626	0.05261	0.00517	0.00318	0.28793	0.00149	0.1104	0.08339
0.95071	0.82983	0.00109	0.76295	0.32736	0.05477	0.04252	0.1902	0.04721	0.00512	0.0052	0.23607	0.00128	0.09938	0.07772
0.90532	0.75422	0.00169	0.47216	0.27828	0.05101	0.03057	0.19935	0.05468	0.00549	0.00351	0.20064	0.00156	0.14788	0.08951
0.95455	0.83013	0.00197	0.49414	0.33444	0.05219	0.03251	0.2225	0.05292	0.00534	0.00317	0.22125	0.00075	0.09189	0.07992
0.94619	0.79581	0.00098	0.45919	0.2701	0.04682	0.03313	0.18433	0.04983	0.00459	0.00784	0.25866	0.0007	0.1238	0.08385
0.87065	0.79665	0.00184	0.52828	0.34855	0.05317	0.03588	0.19758	0.06012	0.00395	0.00304	0.20814	0.00142	0.10303	0.08267
0.87949	0.76083	0.0007	0.50856	0.24533	0.05405	0.03309	0.17483	0.06375	0.00563	0.00522	0.17421	0.00131	0.11797	0.0757
0.9203	0.8423	0.0012	0.45079	0.37634	0.05584	0.03418	0.22965	0.06529	0.00324	0.00259	0.2257	0.00178	0.11609	0.08002
0.90406	0.80505	0.00226	0.50108	0.35923	0.05278	0.02655	0.20954	0.05025	0.00485	0.00569	0.25142	0.00068	0.10975	0.07169
0.88497	0.79665	0.00078	0.46323	0.30174	0.05248	0.03186	0.18729	0.06987	0.00427	0.00526	0.24244	0.00119	0.13865	0.07887
0.89817	0.80026	0.00101	0.47663	0.38916	0.04614	0.03204	0.21511	0.07014	0.00408	0.00287	0.29007	0.00145	0.13172	0.07692
0.92602	0.82929	0.00077	0.46444	0.46281	0.05407	0.02998	0.23994	0.05566	0.00514	0.00165	0.25908	0.00053	0.10361	0.07855
0.95617	0.85865	0.00042	0.64514	0.4942	0.05919	0.02902	0.26164	0.05445	0.00483	0.00154	0.32481	0.00193	0.11895	0.08519
0.9522	0.87718	0.00065	0.71706	0.45675	0.03922	0.03718	0.25132	0.07655	0.00326	0.00252	0.32252	0.00089	0.13699	0.08878
0.95668	0.85704	0.00088	0.767	0.54938	0.04804	0.03271	0.22018	0.07056	0.00445	0.00331	0.33981	0.0036	0.09833	0.07969
0.95476	0.86746	0.00162	0.62038	0.504	0.05447	0.03374	0.23699	0.05678	0.00439	0.0026	0.31147	0.00085	0.13133	0.07597
0.94375	0.89606	0.00065	0.66324	0.48558	0.05482	0.03158	0.25574	0.0758	0.00462	0.00401	0.33066	0.00068	0.12701	0.07666
0.95858	0.9079	0.00122	0.55857	0.567	0.05943	0.03259	0.24097	0.06634	0.00288	0.00483	0.26767	0.00083	0.12848	0.07288
0.91739	0.84522	0.0027	0.47986	0.39684	0.05327	0.03279	0.20761	0.06454	0.0045	0.01217	0.25283	0.00111	0.10344	0.0658
0.92124	0.81821	0.00114	0.44973	0.46548	0.05709	0.0313	0.19889	0.05416	0.0068	0.005	0.24855	0.00058	0.13402	0.07881
0.92992	0.85661	0.00048	0.49879	0.48352	0.05629	0.03018	0.23657	0.06294	0.00434	0.00424	0.30827	0.00124	0.12016	0.0709
0.93036	0.85745	0.00128	0.50139	0.59111	0.05106	0.03082	0.2255	0.06099	0.00094	0.00145	0.35617	0.00084	0.09389	0.06904
0.89515	0.82667	0.00136	0.46023	0.45454	0.0482	0.0342	0.20709	0.04127	0.00114	0.00174	0.29553	0.00047	0.13974	0.07106
0.97274	0.89734	0.00296	0.83543	0.6083	0.05118	0.03255	0.26487	0.07175	0.00327	0.00316	0.39087	0.00123	0.13096	0.07162
0.89761	0.83295	0.00125	0.55814	0.42033	0.04418	0.03234	0.23397	0.04966	0.00458	0.00211	0.27137	0.00155	0.16193	0.06593
0.94023	0.85029	0.00182	0.49589	0.4947	0.05084	0.03096	0.27088	0.04679	0.00503	0.0034	0.36052	0.00091	0.12061	0.06188
0.94499	0.84335	0.00153	0.60021	0.50886	0.04718	0.03392	0.18786	0.05226	0.00269	0.00277	0.29726	0.00063	0.12109	0.0588
0.93922	0.86469	0.00075	0.43562	0.48415	0.05542	0.02972	0.23898	0.05526	0.00398	0.00203	0.35407	0.00139	0.12602	0.05919
0.83051	0.79878	0.0021	0.4834	0.44337	0.06137	0.02974	0.19967	0.03874	0.00075	0.00239	0.28999	0.0014	0.12874	0.05672
0.79114	0.70714	0.00395	0.48164	0.36844	0.04031	0.02964	0.16535	0.03812	0.00292	0.00106	0.1991	0.00112	0.1215	0.05288
0.89043	0.81004	0.00126	0.54258	0.5894	0.05851	0.02835	0.2198	0.05499	0.00291	0.00339	0.31872	0.00099	0.1066	0.05045
0.94242	0.83666	0.00128	0.74033	0.57673	0.05371	0.0306	0.25611	0.06329	0.00456	0.00096	0.32804	0.00066	0.1025	0.04746
0.86412	0.73558	0.0017	0.65423	0.43117	0.05254	0.02889	0.20805	0.04173	0.00091	0.00147	0.26639	0.00118	0.10588	0.04843
0.90215	0.84062	0.00169	0.50262	0.49914	0.04874	0.03018	0.21779	0.04843	0.00305	0.00261	0.31925	0.00111	0.17293	0.05054
0.86012	0.74481	0.00139	0.50829	0.46586	0.05321	0.02562	0.24311	0.03153	0.00108	0.00279	0.24144	0.0009	0.1174	0.04364
0.89466	0.85153	0.00115	0.63105	0.54347	0.05194	0.02495	0.22098	0.04649	0.00022	0.00981	0.33786	0.00201	0.11308	0.0418
0.92015	0.86891	0.00069	0.60103	0.5178	0.04496	0.03112	0.25984	0.05726	0.00236	0.00275	0.31678	0.00083	0.11845	0.04261
0.92951	0.84019	0.00071	0.67307	0.59418	0.05397	0.02646	0.21131	0.05015	0.00385	0.00302	0.28794	0.00074	0.08848	0.04519
0.9171	0.86282	0.00167	0.6293	0.54938	0.04518	0.02853	0.2488	0.06007	0.00079	0.01049	0.35397	0.00045	0.09325	0.04381
0.86524	0.74451	0.001	0.49865	0.46035	0.05652	0.03207	0.19619	0.03595	0.00126	0.00293	0.28049	0.00063	0.10915	0.04146
0.8953	0.79161	0.00066	0.61025	0.56967	0.0549	0.033	0.1695	0.04414	0.0045	0.00187	0.25966	0.00125	0.08003	0.04212
0.88156	0.76104	0.0012	0.49137	0.49546	0.04493	0.02623	0.15978	0.04226	0.00434	0.00423	0.23834	0.0005	0.09386	0.04079
0.86574	0.82021	0.0013	0.42507	0.52811	0.04448	0.02998	0.21447	0.04861	0.00338	0.00265	0.26296	0.00109	0.07143	0.04085
0.89026	0.81791	0.00091	0.54085	0.53606	0.04776	0.02734	0.22337	0.05483	0.00316	0.01026	0.37582	0.00114	0.08172	0.03092
0.86353	0.79282	0.00302	0.49929	0.50106	0.04203	0.02794	0.22303	0.03981	0.00455	0.00553	0.28716	0.00141	0.096	0.03887
0.92238	0.81576	0.0022	0.49665	0.56597	0.05981	0.03263	0.19141	0.04106	0.00424	0.01078	0.30326	0.00053	0.10106	0.04734
0.89028	0.75435	0.0016	0.50886	0.50374	0.0515	0.03556	0.2302	0.03741	0.00154	0.00258	0.26892	0.00055	0.11707	0.03825
0.85522	0.73986	0.00112	0.49707	0.44966	0.05686	0.02609	0.18694	0.03078	0.0005	0.0023	0.22938	0.00101	0.13325	0.04289
0.89371	0.76737	0.00065	0.50666	0.4536	0.04678	0.02452	0.21357	0.0346	0.00056	0.00211	0.25484	0.00079	0.13501	0.05592
0.92533	0.79704	0.00127	0.46776	0.4922	0.04824	0.02601	0.19289	0.04166	0.00435	0.01594	0.29564	0.00123	0.13087	0.03845
0.93814	0.84573	0.00123	0.62668	0.54641	0.04551	0.02413	0.23565	0.01877	0.00097	0.00523	0.3527	0.00109	0.12977	0.04782
0.93571	0.86263	0.00158	0.63368	0.55207	0.04573	0.02638	0.22853	0.05094	0.00063	0.00392	0.33902	0.00047	0.09242	0.03083
0.87608	0.77891	0.0009	0.46478	0.4939	0.05013	0.03105	0.23768	0.04305	0.00128	0.00698	0.25375	0.00046	0.10043	0.04171
0.86924	0.7685	0.00105	0.58311	0.45665	0.04693	0.02805	0.18912	0.0587	0.00356	0.00595	0.26002	0.00135	0.1059	0.04149
0.86747	0.76036	0.0018	0.52836	0.4568	0.03806	0.02515	0.22568	0.04817	0.00424	0.00344	0.26131	0.00174	0.12753	0.04815
0.93824	0.81699	0.00129	0.68558	0.59823	0.04694	0.0335	0.24583	0.0589	0.00351	0.00917	0.31198	0.00088	0.10873	0.04424
0.92297	0.82172	0.00141	0.75925	0.52671	0.04996	0.03194	0.22991	0.0466	0.00407	0.00841	0.27521	0.00114	0.13258	0.05844
0.94699	0.83525	0.00147	0.73798	0.57612	0.05241	0.02922	0.19439	0.01827	0.00141	0.00142	0.29708	0.00102	0.09119	0.04171
0.83088	0.70768	0.00204	0.52487	0.43647	0.04967	0.03271	0.18066	0.03475	0.00077	0.00219	0.25656	0.00111	0.11839	0.0342
0.91025	0.78597	0.00123	0.66139	0.46596	0.05492	0.02797	0.18127	0.02873	0.00114	0.00213	0.29655	0.00046	0.13888	0.0458
0.86366	0.76923	0.00089	0.59473	0.4846	0.05722	0.0271	0.23442	0.04314	0.00419	0.00378	0.26832	0.0014	0.13413	0.03546
0.94948	0.82752	0.00054	0.68815	0.54516	0.05436	0.03037	0.25353	0.04436	0.00062	0.01688	0.28801	0.00036	0.15076	0.03652
0.89218	0.76313	0.00107	0.66978	0.59001	0.04972	0.02946	0.19802	0.03571	0.00351	0.00125	0.24455	0.00113	0.10259	0.03083
0.93274	0.82803	0.00166	0.77656	0.5384	0.04518	0.03207	0.19295	0.03142	0.00399	0.00504	0.31209	0.00138	0.14895	0.04823
0.94664	0.8291	0.00075	0.78058	0.58076	0.04544	0.0269	0.26195	0.03675	0.0038	0.0114	0.37031	0.00093	0.16134	0.06551
0.94202	0.86011	0.00064	0.68692	0.59261	0.04088	0.02772	0.25943	0.04502	0.00399	0.01705	0.37178	0.00066	0.11596	0.04049
0.92223	0.82495	0.00204	0.61778	0.52132	0.0527	0.02507	0.25001	0.04361	0.0033	0.00705	0.29275	0.00177	0.13739	0.04042
0.95162	0.83	0.00122	0.68439	0.52914	0.04347	0.03274	0.20828	0.03908	0.00066	0.00605	0.27252	0.00071	0.13425	0.04534
0.95688	0.82166	0.00085	0.50182	0.49969	0.03996	0.03186	0.20502	0.06053	0.0029	0.01659	0.25204	0.00041	0.14673	0.04049
0.95196	0.81565	0.00114	0.75595	0.52799	0.04371	0.02538	0.25227	0.0259	0.00461	0.0098	0.33605	0.00221	0.16796	0.05638
0.93293	0.78717	0.0007	0.65265	0.48447	0.05176	0.02868	0.20075	0.06379	0.00413	0.0016	0.24526	0.00089	0.17386	0.03991
0.92448	0.81125	0.00059	0.65624	0.46244	0.04074	0.02348	0.20842	0.04398	0.0005	0.00676	0.257	0.0005	0.14929	0.03224
0.95992	0.84414	0.00065	0.77869	0.53033	0.04001	0.03308	0.21117	0.04281	0.00422	0.00261	0.30957	0.00103	0.13841	0.03482
0.96186	0.83738	0.00097	0.51444	0.49437	0.05345	0.02956	0.20531	0.02445	0.00094	0.01534	0.2819	0.00045	0.15896	0.0317
0.96173	0.84654	0.00077	0.54482	0.45276	0.05319	0.02155	0.24446	0.05309	0.00062	0.01098	0.27798	0.00344	0.14338	0.02997
0.97238	0.85448	0.00119	0.47166	0.45852	0.04791	0.02445	0.26245	0.03206	0.00063	0.01189	0.26871	0.00228	0.1754	0.04917
0.95423	0.83648	0.00051	0.619	0.52706	0.04974	0.02328	0.20408	0.03646	0.0039	0.00391	0.28616	0.00064	0.13341	0.03871
0.94985	0.8468	0.00148	0.78046	0.57459	0.04348	0.02375	0.21598	0.03234	0.00069	0.01105	0.28921	0.0008	0.13302	0.03958
0.96133	0.88628	0.00058	0.76794	0.56082	0.04008	0.01871	0.23738	0.05209	0.00069	0.01607	0.29345	0.00052	0.14965	0.03953
0.95511	0.82098	0.00146	0.70654	0.49916	0.05231	0.02386	0.19789	0.02753	0.00042	0.00962	0.27086	0.00124	0.13107	0.026
0.94827	0.83644	0.00144	0.68183	0.46179	0.04799	0.02521	0.24526	0.04273	0.0019	0.00766	0.30445	0.0004	0.13773	0.02667
0.95191	0.84846	0.00172	0.72915	0.52584	0.045	0.02482	0.19179	0.03211	0.00101	0.00354	0.26592	0.00048	0.11984	0.03526
0.92373	0.8272	0.0015	0.66515	0.52382	0.05251	0.01897	0.30012	0.0778	0.00298	0.00484	0.2971	0.00065	0.1111	0.03122
0.92928	0.82459	0.0009	0.685	0.51366	0.04481	0.02558	0.23505	0.06666	0.00054	0.00378	0.26522	0.00082	0.12877	0.02913
0.93629	0.74907	0.00124	0.51213	0.41836	0.04496	0.02476	0.24293	0.07564	0.001	0.00873	0.29585	0.0015	0.1321	0.02913
0.9578	0.80747	0.00054	0.86791	0.41301	0.04907	0.0307	0.19714	0.03216	0.00289	0.00164	0.25517	0.00098	0.13286	0.03735
0.96648	0.8351	0.00137	0.79886	0.50113	0.05157	0.03009	0.24414	0.04413	0.00099	0.00405	0.29494	0.00088	0.13798	0.04233
0.96562	0.83958	0.00121	0.84628	0.56012	0.03714	0.02388	0.24304	0.04803	0.00299	0.00423	0.29511	0.00069	0.11665	0.02906
0.94677	0.7913	0.00052	0.58471	0.54454	0.05911	0.02289	0.22522	0.06678	0.0009	0.00145	0.25542	0.00082	0.14881	0.02382
0.97723	0.88305	0.00061	0.86643	0.5033	0.0401	0.02499	0.23687	0.05244	0.00118	0.00781	0.34192	0.00097	0.15164	0.02725
0.96471	0.88051	0.00068	0.88496	0.57172	0.04837	0.02579	0.253	0.02817	0.00328	0.00449	0.35052	0.00119	0.14912	0.04871
0.95597	0.81081	0.00057	0.64977	0.54193	0.04287	0.03018	0.19184	0.02348	0.00086	0.00248	0.2344	0.00184	0.10837	0.02957
0.93685	0.79317	0.00091	0.58029	0.49344	0.04432	0.02399	0.2015	0.05705	0.00326	0.00386	0.25225	0.00041	0.1433	0.02733
0.95767	0.81725	0.00046	0.5259	0.50587	0.05578	0.0243	0.27176	0.0708	0.00365	0.00306	0.3071	0.00064	0.11418	0.02742
0.94163	0.83211	0.00069	0.5806	0.52835	0.04682	0.02391	0.25732	0.05741	0.00309	0.00155	0.31366	0.00107	0.1391	0.03279
0.9563	0.85362	0.00163	0.56991	0.47898	0.04999	0.02098	0.26981	0.06719	0.00287	0.00526	0.31912	0.00191	0.16649	0.03111
0.88323	0.77934	0.00123	0.61091	0.49661	0.04741	0.02333	0.26156	0.0751	0.00325	0.00588	0.25829	0.00063	0.12715	0.031
0.92811	0.79471	0.00129	0.66494	0.48509	0.04303	0.02541	0.25729	0.06066	0.00379	0.00335	0.27898	0.00119	0.1263	0.03423
0.95606	0.84142	0.00091	0.68709	0.53086	0.04178	0.02298	0.28799	0.04612	0.00059	0.005	0.27465	0.00039	0.15327	0.02874
0.95286	0.83993	0.00178	0.54284	0.54787	0.04698	0.02776	0.2709	0.0598	0.00085	0.01176	0.28131	0.00126	0.15083	0.03884
0.89961	0.80046	0.00154	0.5573	0.53171	0.05459	0.02121	0.26242	0.07938	0.00059	0.00213	0.28236	0.00045	0.13091	0.02428
0.95452	0.80211	0.00082	0.70432	0.59963	0.04339	0.02547	0.19495	0.04925	0.00398	0.00181	0.30202	0.00173	0.12207	0.03233
0.95226	0.86854	0.00066	0.73463	0.58982	0.05073	0.01849	0.23584	0.04174	0.00062	0.00375	0.33685	0.00242	0.13942	0.02736
0.94995	0.85096	0.00075	0.77797	0.55126	0.05475	0.0223	0.30608	0.06219	0.00361	0.00581	0.33227	0.0005	0.13624	0.03262
0.94771	0.86542	0.00141	0.73045	0.55672	0.04152	0.01836	0.30827	0.07677	0.00272	0.01095	0.36417	0.00072	0.12526	0.032
0.91489	0.78869	0.00077	0.49977	0.50033	0.05285	0.02069	0.2809	0.10058	0.00085	0.00964	0.32018	0.00088	0.10329	0.02803
0.92809	0.81044	0.00062	0.56682	0.5576	0.04537	0.02165	0.2688	0.0811	0.00339	0.00903	0.28734	0.0009	0.12295	0.03119
0.96966	0.83864	0.00074	0.76789	0.51742	0.05236	0.02236	0.30748	0.06382	0.00351	0.00933	0.3051	0.00073	0.15302	0.02779
0.96482	0.82208	0.0006	0.71747	0.55123	0.05023	0.02437	0.29174	0.05583	0.00074	0.02063	0.29005	0.0015	0.13918	0.03247
0.94823	0.80365	0.0009	0.64877	0.44665	0.0447	0.02183	0.25342	0.08155	0.00321	0.00951	0.26462	0.00106	0.18579	0.04303
0.96263	0.7884	0.00122	0.60416	0.49767	0.04764	0.02059	0.28021	0.0669	0.00103	0.01081	0.30127	0.00107	0.14135	0.04029
0.94585	0.82225	0.00098	0.59495	0.44842	0.04165	0.02327	0.23419	0.06882	0.00086	0.01344	0.28471	0.00142	0.14883	0.03163
0.93858	0.77948	0.00163	0.56034	0.41471	0.05124	0.03116	0.25205	0.06327	0.00109	0.01166	0.27367	0.00065	0.14836	0.03763
0.94971	0.83551	0.00067	0.74116	0.51334	0.03956	0.02483	0.30954	0.05869	0.00105	0.00735	0.31583	0.00112	0.17793	0.0491
0.94287	0.83159	0.00053	0.67454	0.44069	0.046	0.02196	0.24403	0.06761	0.00091	0.01011	0.29318	0.0006	0.16674	0.0583
0.92829	0.83736	0.00124	0.71477	0.47864	0.04728	0.01861	0.27578	0.06254	0.00337	0.01296	0.29759	0.00137	0.14877	0.04189
0.88562	0.82005	0.00141	0.60948	0.51652	0.05158	0.02461	0.29248	0.0747	0.00325	0.02105	0.33642	0.00087	0.15569	0.03537
0.95058	0.83965	0.00089	0.67924	0.50644	0.05352	0.02232	0.31488	0.06148	0.00087	0.00177	0.26334	0.00087	0.1351	0.04412
0.94644	0.8121	0.00103	0.68833	0.52422	0.0456	0.02297	0.27084	0.04714	0.00118	0.01252	0.30129	0.00104	0.17384	0.03647
0.96384	0.84224	0.00076	0.628	0.54218	0.05829	0.02452	0.28871	0.05398	0.00053	0.01499	0.29613	0.00038	0.1311	0.02924
0.95527	0.81386	0.00054	0.58236	0.49764	0.04273	0.02276	0.27095	0.06978	0.00091	0.00925	0.28969	0.00078	0.13833	0.03281
0.95737	0.84166	0.00079	0.78948	0.51787	0.05018	0.02174	0.25436	0.04343	0.00145	0.01158	0.3184	0.00202	0.17612	0.03468
0.96249	0.79454	0.00051	0.51628	0.49574	0.04844	0.02105	0.2437	0.07064	0.00073	0.00368	0.26631	0.00072	0.16743	0.03386
0.97751	0.83929	0.00042	0.4729	0.54023	0.04549	0.02273	0.23444	0.08736	0.00096	0.01156	0.29868	0.00098	0.16651	0.04603
0.95843	0.76246	0.00073	0.52388	0.45202	0.051	0.02151	0.24298	0.06639	0.00174	0.00551	0.24214	0.00056	0.15932	0.02505
0.96794	0.83181	0.00126	0.48525	0.48528	0.05559	0.02249	0.2574	0.0783	0.00165	0.006	0.25755	0.00065	0.18959	0.0338
0.96993	0.82563	0.00103	0.53645	0.58913	0.04585	0.02326	0.25452	0.068	0.0016	0.01235	0.29161	0.00052	0.11965	0.03159
0.954	0.88537	0.00053	0.61692	0.58892	0.05268	0.02658	0.2608	0.07428	0.00094	0.00766	0.34823	0.00081	0.1505	0.04342
0.97414	0.84185	0.00093	0.63834	0.54632	0.04228	0.02318	0.28928	0.06317	0.00077	0.01269	0.34539	0.0014	0.15519	0.04325
0.94802	0.77342	0.00082	0.52121	0.55105	0.04326	0.02462	0.20183	0.07837	0.0014	0.00709	0.27875	0.00156	0.11877	0.03583
0.95422	0.82808	0.00131	0.61712	0.55312	0.04287	0.02602	0.35277	0.10301	0.00375	0.00555	0.31068	0.00077	0.13459	0.03431
0.9689	0.83705	0.00104	0.62344	0.57077	0.04738	0.02179	0.32549	0.09552	0.00125	0.00994	0.30917	0.00115	0.1415	0.03053
0.96098	0.7976	0.00196	0.48985	0.56672	0.0392	0.02668	0.29182	0.06399	0.00068	0.01249	0.28434	0.00105	0.13979	0.04359
0.946	0.80955	0.00092	0.54167	0.53545	0.04492	0.02396	0.27879	0.0835	0.00044	0.00411	0.32035	0.00034	0.11109	0.02275
0.93751	0.78756	0.00095	0.50791	0.47594	0.05703	0.01934	0.25702	0.08737	0.001	0.00492	0.29578	0.00029	0.15329	0.03093
0.95641	0.8179	0.00124	0.50066	0.5237	0.04658	0.02378	0.22897	0.0774	0.00087	0.00663	0.31056	0.00051	0.13967	0.03783
0.91805	0.76751	0.00039	0.46725	0.51542	0.05121	0.02316	0.23242	0.08389	0.00524	0.00143	0.25896	0.00077	0.13568	0.04191
0.9536	0.78407	0.00137	0.51977	0.51237	0.04392	0.02127	0.29636	0.07713	0.00341	0.0021	0.29506	0.00073	0.13593	0.03474
0.94938	0.82023	0.00144	0.46449	0.53697	0.05274	0.02529	0.23295	0.06823	0.00369	0.01482	0.30148	0.00063	0.13822	0.04005
0.94514	0.78545	0.00109	0.46698	0.5287	0.05157	0.02071	0.27014	0.08227	0.00335	0.01523	0.2506	0.00043	0.1379	0.03808
0.97128	0.87058	0.0008	0.65253	0.63166	0.04625	0.02242	0.34008	0.07978	0.00317	0.01509	0.33649	0.00119	0.1102	0.04194
0.95444	0.78987	0.00083	0.69161	0.62254	0.04927	0.02294	0.27111	0.07518	0.00399	0.00751	0.29964	0.00083	0.11627	0.03061
0.92399	0.80358	0.00201	0.51201	0.55044	0.05003	0.02373	0.27172	0.08483	0.0009	0.01925	0.30079	0.00094	0.11474	0.03907
0.96597	0.80271	0.00182	0.64812	0.50295	0.04884	0.02155	0.28884	0.07707	0.00067	0.01567	0.27728	0.00074	0.14193	0.04027
0.95218	0.83625	0.00089	0.65165	0.54872	0.04813	0.02409	0.26823	0.07765	0.00246	0.01453	0.26502	0.00072	0.1605	0.03973
0.93678	0.83836	0.00213	0.56837	0.57612	0.04984	0.02623	0.27672	0.08261	0.00073	0.01203	0.31128	0.00041	0.16079	0.04128
0.95923	0.85983	0.00074	0.80196	0.57779	0.05588	0.01956	0.3538	0.06697	0.00194	0.01559	0.35395	0.00153	0.15772	0.04491
0.97156	0.86157	0.00076	0.72425	0.61764	0.05512	0.02096	0.3605	0.063	0.00369	0.0095	0.33996	0.00172	0.15179	0.04085
0.97419	0.876	0.00067	0.76357	0.58891	0.04337	0.01726	0.31384	0.05256	0.00094	0.00844	0.37277	0.00232	0.16617	0.04364
0.98094	0.88416	0.00067	0.78585	0.63358	0.04258	0.02337	0.32612	0.07096	0.0013	0.01056	0.35558	0.00292	0.17884	0.05012
0.94702	0.86144	0.00071	0.59001	0.57629	0.04976	0.02615	0.29574	0.07267	0.00171	0.01569	0.32933	0.00138	0.17209	0.06798
0.95668	0.85476	0.0009	0.86911	0.5823	0.04633	0.02151	0.30872	0.039	0.00095	0.00527	0.33672	0.00083	0.15886	0.04389
0.97088	0.84685	0.00062	0.86785	0.57262	0.03881	0.01859	0.28607	0.04264	0.00067	0.00364	0.3387	0.00294	0.17397	0.04806
0.98276	0.88178	0.00113	0.85129	0.59725	0.04315	0.02243	0.3383	0.04529	0.00083	0.0104	0.33966	0.00153	0.15151	0.04652
0.96866	0.85726	0.00068	0.71183	0.60169	0.04926	0.02484	0.31148	0.08991	0.00083	0.00554	0.33986	0.00261	0.16727	0.04122
0.97272	0.87157	0.00097	0.82259	0.58559	0.04941	0.02494	0.29581	0.03916	0.00104	0.01433	0.33822	0.00131	0.18299	0.06277
0.96253	0.84984	0.00106	0.67919	0.52596	0.05034	0.02317	0.26935	0.06888	0.00105	0.01614	0.34323	0.001	0.19386	0.06546
0.96602	0.80042	0.00083	0.56129	0.52026	0.05338	0.02183	0.24981	0.05082	0.00084	0.01587	0.30321	0.00068	0.16818	0.04594
0.97439	0.87076	0.0011	0.7808	0.56939	0.04658	0.02143	0.21947	0.028	0.00037	0.01319	0.33756	0.0015	0.13914	0.03613
0.973	0.85399	0.00042	0.65088	0.52132	0.04597	0.02236	0.23459	0.03511	0.00103	0.00149	0.27865	0.00075	0.16799	0.03325
0.95301	0.84331	0.00068	0.50882	0.49671	0.04895	0.0207	0.27103	0.09267	0.00057	0.01278	0.30553	0.00097	0.17467	0.03906
0.95462	0.80204	0.00069	0.57913	0.51804	0.05324	0.02239	0.22759	0.04632	0.00288	0.00835	0.26611	0.00055	0.13913	0.03237
0.94782	0.81821	0.00084	0.63146	0.52263	0.04107	0.02348	0.29213	0.0638	0.00045	0.00609	0.34716	0.0012	0.16842	0.04408
0.95449	0.81376	0.00064	0.60752	0.54847	0.04361	0.02054	0.24912	0.05875	0.0012	0.00468	0.34178	0.00219	0.14622	0.04769
0.93197	0.81222	0.00209	0.45862	0.55573	0.06019	0.0185	0.24997	0.055	0.00368	0.00212	0.31147	0.00067	0.12117	0.02997
0.93868	0.84981	0.00045	0.65469	0.59634	0.04822	0.02257	0.27624	0.0611	0.00161	0.01098	0.35315	0.00145	0.1282	0.03489
0.97541	0.86282	0.00031	0.78438	0.51366	0.04608	0.01898	0.29556	0.0454	0.0038	0.00628	0.32313	0.0027	0.14754	0.02775
0.95017	0.80576	0.00046	0.68943	0.51488	0.04369	0.01953	0.27572	0.0371	0.00107	0.00232	0.2988	0.00158	0.14146	0.03633
0.96781	0.84903	0.0009	0.78148	0.58513	0.04676	0.02567	0.29548	0.02481	0.00074	0.00322	0.34636	0.00222	0.1451	0.04
0.95001	0.86225	0.0008	0.82619	0.54383	0.04733	0.02125	0.25347	0.02439	0.00199	0.00131	0.35123	0.00267	0.17126	0.03839
0.94207	0.80976	0.00066	0.75206	0.54375	0.04755	0.02021	0.23945	0.03404	0.00071	0.00107	0.31737	0.00168	0.16646	0.04443
0.94903	0.80654	0.00105	0.68939	0.5472	0.04554	0.02174	0.3355	0.05121	0.00078	0.00299	0.30806	0.00233	0.15344	0.03297
0.94622	0.82116	0.00139	0.81486	0.52736	0.04748	0.02229	0.29906	0.04061	0.00069	0.00651	0.33177	0.00296	0.16141	0.02636
0.95066	0.84808	0.00163	0.728	0.54002	0.05671	0.02233	0.28428	0.07497	0.00432	0.00437	0.31553	0.00104	0.18078	0.02912
0.9837	0.884	0.00043	0.85828	0.53156	0.03712	0.02012	0.31368	0.03721	0.00104	0.00336	0.3541	0.00445	0.15445	0.04043
0.9776	0.86672	0.00165	0.94069	0.53155	0.05155	0.02272	0.26431	0.03872	0.00098	0.00126	0.3093	0.00098	0.17171	0.03666
0.92932	0.82199	0.00103	0.74945	0.52909	0.04987	0.02161	0.28915	0.05553	0.00108	0.00423	0.32314	0.00227	0.16962	0.04335
0.97847	0.86262	0.00047	0.90564	0.57374	0.04389	0.02043	0.25204	0.04254	0.00371	0.00371	0.3586	0.0015	0.15011	0.03906
0.94088	0.82663	0.00046	0.78489	0.48386	0.04388	0.01878	0.26528	0.04112	0.00113	0.00131	0.33724	0.00177	0.16512	0.04442
0.90221	0.78241	0.00097	0.59548	0.52452	0.05533	0.0211	0.25231	0.04789	0.00038	0.00132	0.3224	0.0012	0.13413	0.03763
0.93062	0.8014	0.00107	0.79248	0.55886	0.03837	0.02181	0.26122	0.04024	0.00498	0.00401	0.34662	0.00313	0.15018	0.05126
0.95957	0.83983	0.0012	0.79095	0.5896	0.04596	0.01991	0.2709	0.02947	0.00489	0.00522	0.32671	0.00269	0.13905	0.03019
0.97132	0.82941	0.00064	0.82943	0.5489	0.04149	0.02327	0.30849	0.0429	0.00079	0.00379	0.29897	0.00137	0.13119	0.03082
0.97327	0.86943	0.00219	0.91101	0.51372	0.05248	0.02312	0.28893	0.03366	0.00362	0.00267	0.34703	0.00141	0.15343	0.03631
0.93827	0.82589	0.00055	0.673	0.55108	0.04213	0.01926	0.24493	0.04661	0.00096	0.00359	0.31628	0.00177	0.14885	0.03457
0.93426	0.80416	0.00033	0.6878	0.50626	0.04286	0.02395	0.24807	0.05449	0.00155	0.00228	0.27397	0.00171	0.17595	0.05307
0.86919	0.78131	0.00056	0.57191	0.48179	0.04942	0.02403	0.29895	0.08029	0.00057	0.00221	0.27494	0.00119	0.16029	0.04741
0.88932	0.76913	0.00122	0.63917	0.43034	0.04177	0.02281	0.21687	0.04837	0.0012	0.00289	0.29757	0.00086	0.15041	0.03399
0.89083	0.75741	0.00144	0.52339	0.50696	0.04816	0.02302	0.24796	0.07873	0.00047	0.01067	0.285	0.00232	0.12078	0.03197
0.96158	0.86124	0.00127	0.50899	0.45154	0.05031	0.02861	0.22598	0.07241	0.00065	0.01769	0.31842	0.00102	0.16294	0.05008
0.96156	0.85551	0.00066	0.51377	0.5069	0.05345	0.02299	0.22522	0.07065	0.00164	0.02687	0.35463	0.00258	0.17722	0.05218
0.94936	0.81362	0.00131	0.63682	0.5266	0.05704	0.01941	0.27797	0.06223	0.00374	0.0129	0.31071	0.00114	0.14714	0.05133
0.94064	0.81906	0.0028	0.53801	0.52276	0.04745	0.02384	0.23596	0.0608	0.00125	0.01654	0.30613	0.0022	0.1472	0.04391
0.94005	0.83311	0.00056	0.57	0.52242	0.04912	0.0201	0.24393	0.08219	0.00375	0.02234	0.34243	0.00072	0.13974	0.04644
0.96316	0.8271	0.00121	0.66173	0.50736	0.05003	0.0275	0.24305	0.05076	0.00031	0.01142	0.30445	0.00259	0.16778	0.04528
0.92869	0.82912	0.00064	0.63583	0.55366	0.05124	0.02077	0.2765	0.05535	0.0013	0.01482	0.29452	0.00078	0.16022	0.04918
0.92141	0.82123	0.0007	0.69628	0.52874	0.05141	0.02571	0.26873	0.0422	0.00355	0.01952	0.34414	0.00179	0.14131	0.03699
0.94641	0.82234	0.00142	0.52777	0.53023	0.04341	0.02322	0.20237	0.04355	0.0035	0.00839	0.29989	0.0017	0.1552	0.03955
0.86598	0.80227	0.00135	0.61827	0.50685	0.05626	0.02466	0.28618	0.08499	0.00123	0.00588	0.29945	0.00184	0.16617	0.05647
0.94641	0.83229	0.00261	0.66425	0.49103	0.04564	0.02111	0.24214	0.05744	0.00097	0.00395	0.34142	0.00163	0.15819	0.04425
0.93787	0.8372	0.00107	0.74656	0.58234	0.05357	0.02429	0.27858	0.06602	0.0005	0.01127	0.33748	0.0042	0.14091	0.0475
0.94891	0.85776	0.00106	0.71392	0.48994	0.04972	0.02455	0.29363	0.06531	0.00363	0.00736	0.32918	0.00293	0.16124	0.03457
0.94045	0.86851	0.0009	0.57342	0.50757	0.04775	0.02418	0.28733	0.09803	0.00169	0.01015	0.33164	0.00206	0.14956	0.03197
0.91202	0.79011	0.00101	0.57122	0.48773	0.04621	0.02364	0.24698	0.08608	0.00203	0.00802	0.30878	0.00053	0.13856	0.03762
0.93933	0.82627	0.00072	0.50006	0.54311	0.05438	0.02416	0.26578	0.07486	0.00088	0.00432	0.30516	0.00055	0.14561	0.03902
0.93888	0.86005	0.00099	0.64314	0.4785	0.04858	0.02494	0.26343	0.06771	0.00086	0.00513	0.33714	0.00177	0.18774	0.03661
0.95757	0.8604	0.00039	0.5658	0.51025	0.05198	0.02213	0.26143	0.07819	0.00152	0.00628	0.3423	0.00117	0.16265	0.03272
0.96105	0.83321	0.00081	0.49374	0.55121	0.05162	0.0238	0.24865	0.08059	0.00093	0.00412	0.32711	0.00206	0.13493	0.04369
0.95835	0.83631	0.00082	0.64747	0.58766	0.04882	0.01973	0.23501	0.03907	0.00095	0.0124	0.31453	0.00208	0.14411	0.04104
0.94737	0.81049	0.00079	0.55076	0.4944	0.04837	0.0231	0.23881	0.05316	0.00403	0.01277	0.33824	0.00087	0.14967	0.04342
0.94462	0.85995	0.0008	0.7063	0.55544	0.05036	0.02526	0.28748	0.05136	0.00034	0.01386	0.35627	0.00311	0.16295	0.05375
0.93926	0.84734	0.00097	0.67093	0.49196	0.04625	0.02143	0.28934	0.05627	0.00128	0.01559	0.35464	0.00142	0.17717	0.05027
0.92286	0.85812	0.00066	0.67761	0.55227	0.04415	0.0232	0.26514	0.05038	0.00128	0.00427	0.3215	0.00178	0.1481	0.05346
0.95543	0.87824	0.00094	0.82974	0.5015	0.04646	0.02051	0.29202	0.05127	0.00175	0.01451	0.30006	0.00105	0.20337	0.04482
0.92668	0.86299	0.00106	0.69095	0.49165	0.05404	0.02287	0.28671	0.0442	0.00112	0.00568	0.31755	0.00126	0.14355	0.0475
0.91837	0.83876	0.00105	0.64012	0.51261	0.05224	0.02604	0.2514	0.07938	0.00055	0.00594	0.31681	0.00059	0.1596	0.04097
0.95971	0.87584	0.00061	0.77352	0.47133	0.04234	0.02483	0.30965	0.0403	0.00093	0.00343	0.28987	0.00123	0.17382	0.03329
0.95427	0.8657	0.00182	0.74566	0.48344	0.04873	0.02313	0.27869	0.04937	0.00092	0.00125	0.29527	0.00307	0.18451	0.04233
0.9435	0.84632	0.00131	0.74359	0.46361	0.05004	0.0223	0.24264	0.02623	0.00221	0.00256	0.28416	0.00177	0.16805	0.02247
0.94606	0.87106	0.00215	0.73366	0.52202	0.05271	0.02525	0.26288	0.03443	0.0041	0.00888	0.29055	0.00079	0.15815	0.05039
0.94489	0.86066	0.00176	0.62227	0.54526	0.06173	0.01979	0.24656	0.04244	0.0006	0.01291	0.32231	0.00077	0.17601	0.05132
0.95643	0.88375	0.00035	0.80978	0.53738	0.05143	0.0234	0.2963	0.04461	0.00166	0.0202	0.33921	0.00083	0.18242	0.07392
0.96111	0.88541	0.00187	0.67153	0.57228	0.05455	0.02227	0.26757	0.05201	0.00107	0.01369	0.33714	0.0006	0.15733	0.05627
0.9302	0.81827	0.00186	0.55903	0.47486	0.05039	0.02316	0.23698	0.05979	0.00078	0.01168	0.28474	0.00038	0.15777	0.0491
0.93161	0.84186	0.00055	0.63957	0.53461	0.04674	0.02494	0.19316	0.05707	0.00052	0.00946	0.31467	0.00081	0.1397	0.04887
0.94518	0.88641	0.00073	0.82865	0.58435	0.05253	0.03068	0.25638	0.04998	0.00074	0.00897	0.35323	0.00175	0.16681	0.05369
0.9349	0.85569	0.00051	0.77926	0.52789	0.03957	0.0185	0.30314	0.05554	0.00099	0.00445	0.2917	0.00078	0.15429	0.04987
0.94421	0.87629	0.00048	0.86628	0.51357	0.0452	0.02353	0.28879	0.0521	0.00081	0.00516	0.34979	0.00099	0.17435	0.05327
0.90694	0.84009	0.00133	0.76639	0.54655	0.05281	0.02496	0.26139	0.03434	0.00091	0.00201	0.29247	0.00176	0.12891	0.04252
0.92967	0.85221	0.00078	0.72158	0.54543	0.05117	0.02326	0.23008	0.05078	0.00163	0.01943	0.28584	0.00075	0.1804	0.04898
0.96983	0.88146	0.00089	0.82895	0.55701	0.04263	0.02455	0.2917	0.03224	0.00343	0.00336	0.30998	0.00086	0.15755	0.06288
0.93167	0.84566	0.00139	0.64088	0.51889	0.04519	0.02358	0.27563	0.05191	0.0027	0.00907	0.33974	0.00093	0.15661	0.05314
0.91677	0.82285	0.00119	0.68129	0.56559	0.05084	0.02346	0.2534	0.06207	0.00044	0.00605	0.3175	0.00509	0.14334	0.05894
0.90568	0.82656	0.00139	0.64227	0.52284	0.04258	0.02256	0.2357	0.05474	0.00063	0.008	0.34689	0.00113	0.14794	0.04825
0.90033	0.83662	0.00118	0.67731	0.51756	0.04613	0.02493	0.26624	0.07283	0.00378	0.00278	0.35373	0.00084	0.15767	0.05742
0.97146	0.91085	0.00052	0.83107	0.57199	0.04095	0.02147	0.35467	0.05611	0.00102	0.01142	0.34821	0.00066	0.18044	0.05778
0.96084	0.88008	0.00146	0.70865	0.51718	0.04441	0.02608	0.2324	0.04542	0.00072	0.00213	0.31063	0.00175	0.19052	0.07146
0.95284	0.8562	0.0011	0.75001	0.5228	0.04738	0.02572	0.28355	0.05219	0.0008	0.00455	0.31063	0.00105	0.19309	0.05909
0.97393	0.90309	0.00098	0.93056	0.53938	0.04359	0.02445	0.26883	0.05309	0.00257	0.00469	0.36506	0.00114	0.15105	0.04553
0.94843	0.88108	0.0018	0.83976	0.55036	0.04593	0.02385	0.2577	0.04284	0.0007	0.0086	0.35251	0.002	0.1749	0.05252
0.95866	0.86359	0.00057	0.80906	0.56794	0.0437	0.02344	0.25244	0.05779	0.00188	0.00692	0.35456	0.00108	0.17129	0.03681
0.96353	0.90266	0.00152	0.72549	0.59075	0.0544	0.0217	0.28885	0.0858	0.00084	0.02268	0.37868	0.00217	0.15623	0.05716
0.92864	0.87154	0.0008	0.56808	0.51521	0.05721	0.02405	0.26635	0.07713	0.00158	0.00434	0.3593	0.00079	0.16667	0.0687
0.97229	0.91689	0.00065	0.64137	0.54529	0.05275	0.02932	0.29681	0.07035	0.00085	0.00604	0.36951	0.00069	0.18191	0.05546
0.95192	0.88236	0.00087	0.7064	0.55602	0.05379	0.02282	0.21445	0.03382	0.00176	0.00246	0.32088	0.00131	0.1719	0.04213
0.95856	0.88433	0.00075	0.75204	0.50971	0.04863	0.02574	0.2384	0.02617	0.0036	0.00534	0.31343	0.00153	0.16417	0.0292
0.94784	0.85263	0.00066	0.83019	0.46838	0.0456	0.02022	0.27527	0.03185	0.00051	0.0117	0.32209	0.00094	0.15869	0.04842
0.9124	0.83989	0.00058	0.70993	0.44553	0.05236	0.02397	0.25538	0.05172	0.00113	0.00131	0.36197	0.00101	0.16437	0.04075
0.94694	0.88004	0.0007	0.86121	0.52206	0.04551	0.02336	0.30606	0.03872	0.00064	0.00649	0.32424	0.00103	0.20981	0.05377
0.93678	0.87754	0.00102	0.80556	0.48221	0.04317	0.0252	0.30659	0.03712	0.00113	0.00485	0.34718	0.0006	0.18553	0.04651
0.96684	0.89985	0.00095	0.88243	0.50284	0.04994	0.02781	0.29406	0.0466	0.00037	0.01624	0.30736	0.00074	0.19719	0.04795
0.93698	0.86826	0.00049	0.72834	0.45843	0.05045	0.021	0.29913	0.05139	0.00118	0.0091	0.30257	0.00195	0.17986	0.04532
0.98597	0.92166	0.00098	0.95147	0.47374	0.04978	0.02599	0.30474	0.05073	0.00084	0.00408	0.33392	0.0009	0.20397	0.04054
0.97813	0.8972	0.00056	0.89106	0.46747	0.04893	0.0257	0.26301	0.05587	0.00107	0.01778	0.31	0.00242	0.1714	0.03121
0.96333	0.88177	0.00099	0.83701	0.46962	0.04742	0.02709	0.27145	0.04427	0.00422	0.0077	0.30688	0.00088	0.17096	0.04334
0.9583	0.87977	0.00078	0.8521	0.37906	0.05257	0.02643	0.26511	0.04668	0.00107	0.00211	0.31058	0.00067	0.1793	0.03972
0.9689	0.90354	0.00097	0.85895	0.48774	0.0435	0.02423	0.29894	0.05228	0.00071	0.01846	0.3458	0.00136	0.18276	0.04643
0.96831	0.89602	0.00071	0.8416	0.55207	0.04429	0.02182	0.31255	0.06013	0.0006	0.01	0.36201	0.00061	0.16236	0.03505
0.94536	0.87756	0.001	0.81254	0.53225	0.0551	0.02184	0.27886	0.0568	0.00094	0.0201	0.32426	0.00104	0.15069	0.0459
0.96319	0.87236	0.00121	0.83602	0.46112	0.0417	0.02558	0.31012	0.0601	0.00081	0.01633	0.33798	0.00126	0.17088	0.0393
0.9717	0.91059	0.00065	0.83558	0.52321	0.05509	0.02845	0.30197	0.04424	0.00136	0.00825	0.3321	0.00108	0.15447	0.04262
0.97474	0.88027	0.00055	0.80397	0.50162	0.04061	0.02198	0.34008	0.06467	0.00373	0.01404	0.33387	0.00244	0.17261	0.03897
0.98102	0.89462	0.00127	0.89504	0.53013	0.04424	0.02351	0.26037	0.03509	0.00111	0.00426	0.34381	0.00198	0.19578	0.05406
0.96395	0.91609	0.00102	0.95606	0.57222	0.04452	0.01913	0.29785	0.03845	0.00059	0.00798	0.33069	0.00124	0.1825	0.04476
0.94961	0.85615	0.00113	0.82434	0.55344	0.04403	0.01923	0.24956	0.03194	0.00192	0.00438	0.32753	0.00149	0.14144	0.04485
0.96707	0.8886	0.0011	0.83912	0.59011	0.04952	0.02166	0.29081	0.034	0.00119	0.00392	0.34972	0.00156	0.16733	0.0326
0.95597	0.8559	0.00102	0.72797	0.51469	0.04561	0.02537	0.243	0.03625	0.00079	0.00423	0.33402	0.00063	0.16383	0.03548
0.95876	0.87563	0.00125	0.81647	0.50737	0.04346	0.02357	0.26521	0.05015	0.00113	0.02392	0.33729	0.00142	0.18616	0.0412
0.96323	0.87812	0.00136	0.80431	0.47841	0.05672	0.02516	0.26813	0.05678	0.00361	0.00615	0.29902	0.00148	0.18207	0.05516
0.93201	0.84673	0.00069	0.69417	0.45662	0.04644	0.0282	0.2516	0.04264	0.0004	0.00533	0.34761	0.00351	0.16145	0.05647
0.95879	0.88487	0.00297	0.80999	0.52493	0.04404	0.0249	0.27771	0.05464	0.00053	0.01279	0.35078	0.00182	0.1661	0.03462
0.95956	0.87254	0.00071	0.73343	0.42022	0.05319	0.02494	0.29624	0.06	0.00038	0.02176	0.29991	0.00079	0.18242	0.04249
0.93745	0.84601	0.00049	0.63673	0.56841	0.04649	0.025	0.23521	0.04121	0.00426	0.00956	0.31805	0.00132	0.18023	0.04345
0.94579	0.87	0.0012	0.69657	0.54448	0.05145	0.02265	0.27736	0.0508	0.0007	0.01379	0.30341	0.00099	0.16453	0.03026
0.96474	0.88946	0.00142	0.80514	0.53504	0.04478	0.02076	0.31837	0.0649	0.0007	0.01149	0.33203	0.0007	0.1758	0.04201
0.95595	0.85062	0.00108	0.75735	0.44121	0.04139	0.02497	0.30224	0.04855	0.0008	0.00852	0.3158	0.00202	0.16792	0.04268
0.96214	0.83679	0.0004	0.70776	0.51546	0.05351	0.02848	0.2472	0.0368	0.00088	0.00111	0.29598	0.00089	0.15781	0.03522
0.96059	0.86931	0.00116	0.70279	0.55258	0.05207	0.02343	0.28267	0.06361	0.00397	0.00682	0.33977	0.00053	0.17208	0.04649
0.96122	0.88118	0.00069	0.81458	0.50779	0.04855	0.02207	0.28774	0.04891	0.00099	0.0026	0.3583	0.00095	0.19243	0.04167
0.97143	0.89405	0.00118	0.87261	0.6038	0.05284	0.02164	0.25062	0.03458	0.00082	0.00821	0.3396	0.0028	0.15908	0.05637
0.96906	0.89797	0.00078	0.89203	0.53414	0.04915	0.02396	0.30347	0.04913	0.00067	0.00582	0.31256	0.00069	0.15418	0.05374
0.98403	0.90629	0.00211	0.91293	0.57004	0.04831	0.02318	0.26641	0.05193	0.0016	0.00393	0.36808	0.00105	0.14782	0.05787
0.95313	0.87484	0.00096	0.88157	0.54552	0.04447	0.02633	0.24762	0.03461	0.00391	0.00901	0.34463	0.00175	0.15917	0.05217
0.9231	0.83226	0.00046	0.67992	0.55507	0.05651	0.02334	0.27015	0.05573	0.00335	0.03022	0.31646	0.00083	0.16297	0.04643
0.97146	0.90085	0.0006	0.80964	0.56976	0.04889	0.01988	0.28421	0.03934	0.00113	0.00933	0.31429	0.00051	0.1847	0.04886
0.98593	0.88705	0.00092	0.93551	0.54575	0.04155	0.0215	0.27689	0.02671	0.00075	0.00572	0.32339	0.00218	0.18195	0.05476
0.9866	0.9163	0.00046	0.93742	0.48288	0.04034	0.02157	0.24964	0.0282	0.00177	0.0013	0.26977	0.00195	0.18291	0.07206
0.98379	0.89121	0.00051	0.95396	0.5606	0.03753	0.02269	0.29536	0.03477	0.00087	0.00326	0.32773	0.00128	0.17684	0.05654
0.986	0.90127	0.0009	0.94752	0.44675	0.0399	0.02912	0.29352	0.03484	0.00104	0.00368	0.31202	0.00136	0.19677	0.05103
0.97276	0.89278	0.00027	0.8995	0.52146	0.05339	0.02361	0.29737	0.04382	0.0004	0.00349	0.33428	0.00232	0.1885	0.04944
0.96333	0.88976	0.00072	0.81848	0.51111	0.0595	0.02293	0.33931	0.05042	0.00084	0.01942	0.3377	0.00148	0.17452	0.0425
0.97604	0.90573	0.00091	0.85136	0.50252	0.04917	0.02361	0.31163	0.04916	0.00117	0.0141	0.32796	0.00114	0.18331	0.04285
0.97406	0.90135	0.00046	0.83897	0.58289	0.04641	0.03017	0.2788	0.05148	0.00096	0.01005	0.33444	0.00182	0.1556	0.04109
0.98292	0.89953	0.00145	0.92124	0.52386	0.05533	0.02519	0.33498	0.0321	0.00139	0.00376	0.27679	0.00111	0.17877	0.05248
0.96667	0.87781	0.00159	0.88576	0.48376	0.04599	0.02432	0.29069	0.04632	0.0035	0.01203	0.33077	0.00179	0.18429	0.04261
0.98094	0.90427	0.00109	0.9064	0.51502	0.04402	0.02758	0.2891	0.04649	0.0013	0.01325	0.31004	0.00141	0.1739	0.03918
0.96898	0.89009	0.00083	0.83783	0.52432	0.04866	0.02392	0.21393	0.03497	0.00579	0.0039	0.32564	0.00169	0.18517	0.05712
0.9795	0.89517	0.00046	0.9261	0.50464	0.0494	0.02404	0.22977	0.02979	0.00091	0.01658	0.31078	0.00055	0.17036	0.05384
0.96889	0.8873	0.00195	0.93802	0.49623	0.04414	0.0279	0.277	0.04916	0.00101	0.00502	0.29965	0.00112	0.18999	0.05837
0.96057	0.85789	0.00143	0.84917	0.47171	0.04049	0.02407	0.30253	0.0478	0.00124	0.00921	0.31329	0.00126	0.17027	0.0526
0.97851	0.86243	0.00095	0.90268	0.52602	0.04289	0.02359	0.34924	0.05626	0.00117	0.026	0.30255	0.0017	0.16715	0.05237
0.97156	0.84992	0.00152	0.90127	0.473	0.03619	0.02462	0.32681	0.02788	0.00124	0.00859	0.31375	0.0016	0.16662	0.05593
0.97055	0.894	0.00046	0.94148	0.46166	0.04483	0.02479	0.29775	0.05336	0.00102	0.02875	0.31419	0.00097	0.18432	0.05283
0.98044	0.86991	0.00091	0.928	0.48108	0.04267	0.02458	0.28011	0.03613	0.00097	0.01069	0.3133	0.00102	0.17966	0.08187
0.99027	0.90094	0.00072	0.94553	0.45873	0.04062	0.0249	0.30364	0.03527	0.0013	0.0098	0.25878	0.00079	0.17356	0.04938
0.96916	0.89617	0.00083	0.88662	0.56694	0.052	0.02043	0.30909	0.0513	0.00059	0.03879	0.33542	0.0015	0.17515	0.06391
0.97931	0.88793	0.00127	0.92342	0.48855	0.04168	0.02852	0.28881	0.04996	0.00109	0.02511	0.29895	0.00208	0.18902	0.06366
0.97448	0.89342	0.00155	0.82345	0.51911	0.04762	0.02277	0.29693	0.05481	0.00402	0.01585	0.29602	0.00067	0.20624	0.06639
0.97324	0.88815	0.00134	0.88719	0.51013	0.04446	0.03618	0.34197	0.05734	0.00372	0.01644	0.29892	0.00077	0.1897	0.05763
0.98872	0.89577	0.00165	0.85914	0.55458	0.04756	0.0309	0.29583	0.0357	0.00135	0.01183	0.31547	0.00067	0.20219	0.05767
0.97808	0.89976	0.00053	0.90108	0.49339	0.04003	0.03391	0.35799	0.07961	0.00105	0.05116	0.31544	0.00175	0.16906	0.0511
0.98008	0.91848	0.002	0.88154	0.45985	0.04438	0.0246	0.3076	0.05522	0.00113	0.03047	0.29711	0.00063	0.18892	0.05951
0.96534	0.88327	0.00108	0.8545	0.51799	0.04493	0.01809	0.32559	0.06696	0.00419	0.04741	0.33771	0.00105	0.17065	0.0527
0.95577	0.84552	0.0014	0.8215	0.48209	0.03938	0.03098	0.33306	0.07652	0.00084	0.01164	0.3093	0.00045	0.16804	0.04674
0.94088	0.85136	0.00092	0.77511	0.46454	0.04418	0.02686	0.31046	0.07467	0.00042	0.0119	0.31836	0.00113	0.15606	0.05465
0.94931	0.86134	0.00101	0.88852	0.49873	0.04746	0.02931	0.29549	0.02832	0.00436	0.01044	0.36051	0.00122	0.15272	0.05662
0.88338	0.82643	0.00138	0.71233	0.44687	0.05079	0.02531	0.27662	0.08515	0.00076	0.00589	0.3316	0.00064	0.14362	0.05468
0.96217	0.85811	0.00207	0.80389	0.53674	0.04713	0.02236	0.26954	0.05897	0.00104	0.00541	0.31435	0.0015	0.13576	0.03976
0.95474	0.87246	0.00101	0.83561	0.49806	0.04264	0.02317	0.30935	0.06349	0.00151	0.00803	0.35344	0.00044	0.16005	0.0376
0.96244	0.84875	0.00086	0.70165	0.47336	0.0462	0.02625	0.24772	0.04367	0.00078	0.01592	0.33625	0.0008	0.14266	0.04645
0.95784	0.87249	0.00176	0.79441	0.5493	0.03907	0.02463	0.23649	0.03566	0.00088	0.02177	0.34934	0.00058	0.14874	0.05083
0.95995	0.88553	0.0007	0.82052	0.53425	0.04312	0.02213	0.29051	0.05213	0.00116	0.02334	0.29215	0.00119	0.17017	0.06707
0.92701	0.85025	0.00063	0.69396	0.51816	0.05932	0.02224	0.2417	0.05593	0.00104	0.04224	0.32163	0.00082	0.18281	0.07146
0.9621	0.89038	0.00088	0.76952	0.56924	0.04628	0.02066	0.30512	0.08143	0.00208	0.03168	0.33043	0.00055	0.16865	0.05664
0.95863	0.89877	0.00158	0.79955	0.48311	0.05801	0.02092	0.29095	0.04163	0.00093	0.02112	0.29504	0.00213	0.16654	0.04816
0.94539	0.87571	0.00089	0.82226	0.52259	0.04287	0.02724	0.27228	0.02715	0.00138	0.00656	0.33708	0.00118	0.16316	0.03828
0.95539	0.869	0.0012	0.73037	0.46356	0.04152	0.02474	0.24779	0.0586	0.00239	0.01858	0.36364	0.00129	0.19518	0.05501
0.94393	0.87108	0.00031	0.76843	0.52054	0.03698	0.02075	0.29184	0.04394	0.00107	0.02818	0.35991	0.00213	0.18601	0.04948
0.96358	0.87826	0.00079	0.8742	0.51628	0.03593	0.02145	0.30425	0.0612	0.00114	0.04091	0.34269	0.00115	0.18355	0.05462
0.95265	0.8933	0.00064	0.81827	0.54723	0.05169	0.02319	0.31417	0.05262	0.00201	0.04697	0.35128	0.00099	0.17999	0.06154
0.97221	0.89976	0.00058	0.92944	0.55318	0.04327	0.0269	0.32833	0.056	0.00079	0.02043	0.32694	0.00132	0.19184	0.05562
0.96174	0.87893	0.00064	0.84735	0.57075	0.04329	0.02251	0.28997	0.03499	0.00082	0.02279	0.39405	0.00069	0.16927	0.05066
0.95134	0.87886	0.00178	0.78744	0.47873	0.04855	0.01965	0.26779	0.04598	0.00066	0.03238	0.31536	0.00111	0.18177	0.047
0.94569	0.89145	0.00098	0.70582	0.5146	0.04645	0.02377	0.25363	0.05883	0.00153	0.01372	0.345	0.00147	0.16807	0.03822
0.94223	0.8547	0.0012	0.79074	0.49602	0.03545	0.01889	0.28587	0.04219	0.00089	0.03466	0.32551	0.00182	0.1663	0.03837
0.93362	0.871	0.00078	0.76211	0.49248	0.04749	0.01912	0.29172	0.06947	0.00139	0.03205	0.31932	0.00237	0.16589	0.04122
0.90073	0.78706	0.0014	0.6132	0.43208	0.04699	0.02399	0.2258	0.04198	0.00137	0.00665	0.30474	0.00108	0.15174	0.03407
0.93847	0.8152	0.00096	0.62328	0.49163	0.04964	0.02021	0.2109	0.03232	0.00121	0.01181	0.30095	0.0008	0.17654	0.03554
0.9661	0.87969	0.0006	0.7927	0.52028	0.04751	0.02186	0.27748	0.05151	0.00365	0.00886	0.34424	0.00211	0.17731	0.04062
0.91842	0.85821	0.00114	0.6308	0.52292	0.04845	0.02077	0.25793	0.05864	0.00099	0.01318	0.35273	0.00078	0.17417	0.04916
0.93739	0.85846	0.00077	0.74159	0.50747	0.0442	0.02635	0.289	0.04499	0.00071	0.01743	0.32002	0.00235	0.16724	0.04483
0.92285	0.83834	0.00186	0.65997	0.5058	0.05168	0.02247	0.25325	0.07388	0.00073	0.02706	0.37095	0.00339	0.13034	0.03732
0.9365	0.86249	0.00047	0.71894	0.50822	0.04245	0.02091	0.26493	0.0471	0.00084	0.01186	0.3459	0.00094	0.17474	0.04815
0.90452	0.79083	0.00092	0.68852	0.46123	0.05264	0.02021	0.24217	0.04955	0.00314	0.01164	0.35726	0.00131	0.1506	0.04797
0.91463	0.82951	0.00051	0.588	0.48534	0.04121	0.02162	0.23688	0.06711	0.00327	0.02457	0.33073	0.00069	0.15083	0.03765
0.89211	0.83543	0.00173	0.71944	0.49861	0.05389	0.02757	0.23299	0.03277	0.0019	0.00706	0.33731	0.00097	0.14776	0.03616
0.9395	0.85091	0.00118	0.73707	0.53349	0.05303	0.02177	0.26099	0.04126	0.00173	0.00932	0.33305	0.00248	0.14701	0.05128
0.93658	0.83045	0.0008	0.69545	0.46422	0.04594	0.02415	0.2013	0.03052	0.0022	0.01213	0.31166	0.00172	0.16413	0.05304
0.91302	0.80653	0.00085	0.57788	0.51015	0.05051	0.02515	0.23867	0.04592	0.00354	0.00649	0.33705	0.00098	0.1452	0.06557
0.94168	0.84803	0.00184	0.7336	0.51547	0.04627	0.02322	0.32904	0.06372	0.00174	0.03881	0.33256	0.0014	0.17583	0.06829
0.95342	0.84743	0.0008	0.76058	0.51758	0.04504	0.02244	0.28392	0.04189	0.00347	0.01102	0.36469	0.00124	0.1719	0.05613
0.88136	0.80829	0.00053	0.6694	0.4566	0.0579	0.01795	0.26506	0.04249	0.00354	0.00223	0.3486	0.00245	0.17016	0.05717
0.93509	0.85274	0.00127	0.79858	0.52785	0.04743	0.02434	0.23765	0.03974	0.00105	0.00449	0.34467	0.00207	0.15371	0.05206
0.98078	0.86586	0.00128	0.85769	0.5394	0.04231	0.0247	0.27561	0.05185	0.00282	0.01417	0.35244	0.00119	0.14315	0.05594
0.97736	0.88291	0.0013	0.84262	0.56302	0.04765	0.02468	0.2127	0.02367	0.00075	0.01009	0.33041	0.00093	0.13502	0.04763
0.94883	0.85571	0.00052	0.80154	0.53056	0.04003	0.02411	0.29211	0.04079	0.00069	0.02551	0.33874	0.00161	0.15143	0.06243
0.92593	0.81565	0.00209	0.71121	0.47136	0.05336	0.0246	0.30278	0.07128	0.00384	0.01996	0.35897	0.00097	0.14626	0.05148
0.94102	0.84468	0.00124	0.58045	0.52212	0.05535	0.02464	0.25556	0.06199	0.00088	0.02864	0.35159	0.00058	0.15594	0.05764
0.92175	0.85098	0.00099	0.7516	0.46802	0.04964	0.01869	0.26323	0.05547	0.00142	0.01387	0.34465	0.00151	0.15757	0.06061
0.90301	0.82204	0.00109	0.60576	0.38543	0.04934	0.02378	0.19497	0.07427	0.00097	0.0125	0.27081	0.00058	0.14757	0.0483
0.94923	0.87995	0.0008	0.86064	0.51464	0.04403	0.02232	0.2565	0.06893	0.00084	0.01225	0.33458	0.00062	0.13358	0.03855
0.96735	0.85499	0.0005	0.75418	0.51154	0.05211	0.02378	0.30661	0.06094	0.00139	0.02801	0.34085	0.00119	0.15896	0.05153
0.94351	0.8567	0.00117	0.80075	0.51775	0.03581	0.0216	0.26633	0.06551	0.00061	0.01939	0.32682	0.00273	0.15342	0.04857
0.96106	0.87824	0.00073	0.7077	0.46112	0.04702	0.02459	0.24608	0.07767	0.00097	0.0196	0.34363	0.00153	0.17914	0.04796
0.95504	0.89045	0.00144	0.72912	0.49396	0.04721	0.0186	0.27853	0.07786	0.00314	0.00772	0.36541	0.0016	0.16954	0.03273
0.92955	0.84397	0.00208	0.67384	0.48241	0.04971	0.02142	0.23331	0.06915	0.00108	0.01426	0.32433	0.00148	0.16876	0.04314
0.95503	0.86327	0.00096	0.84417	0.54244	0.04418	0.02504	0.29188	0.06572	0.00122	0.00499	0.35504	0.00069	0.18127	0.04394
0.95337	0.87827	0.00153	0.80607	0.51061	0.04875	0.02006	0.23835	0.0412	0.00112	0.02029	0.3521	0.00043	0.15805	0.06027
0.94395	0.85188	0.0009	0.80929	0.529	0.05137	0.02376	0.29061	0.07808	0.00091	0.0181	0.34087	0.00151	0.16376	0.05623
0.97008	0.88463	0.00097	0.8952	0.51936	0.05117	0.0225	0.34732	0.08288	0.00072	0.03551	0.35248	0.0009	0.13909	0.05803
0.9545	0.88217	0.00099	0.87261	0.52916	0.04427	0.02275	0.29378	0.0628	0.00468	0.02667	0.36064	0.00114	0.15859	0.04609
0.88531	0.83658	0.00081	0.76741	0.54347	0.04363	0.03102	0.29492	0.06137	0.00357	0.01976	0.33065	0.00073	0.13401	0.04759
0.95856	0.88481	0.00095	0.81389	0.57461	0.05133	0.02732	0.2891	0.0483	0.00044	0.0154	0.37277	0.00135	0.15515	0.04748
0.96418	0.91206	0.00056	0.87412	0.56649	0.04746	0.02481	0.2717	0.07889	0.00102	0.05087	0.40267	0.00143	0.1598	0.0548
0.94085	0.86156	0.00089	0.82471	0.56502	0.03918	0.02086	0.3079	0.08333	0.00321	0.03385	0.36867	0.00122	0.15176	0.04725
0.88461	0.81471	0.00089	0.73218	0.46188	0.04938	0.02132	0.29081	0.07731	0.00091	0.02319	0.32567	0.00139	0.13669	0.03657
0.93837	0.85572	0.00088	0.80091	0.45036	0.04543	0.01865	0.27957	0.05718	0.00354	0.01474	0.32858	0.00105	0.16323	0.03532
0.92519	0.87268	0.00083	0.76091	0.53357	0.04767	0.02371	0.30451	0.06917	0.00074	0.0211	0.323	0.00063	0.1774	0.04942
0.91849	0.87505	0.00084	0.75561	0.48201	0.04426	0.02175	0.2661	0.06494	0.00108	0.02652	0.33067	0.00069	0.16591	0.0406
0.93802	0.86549	0.0009	0.64536	0.49956	0.0405	0.02188	0.28666	0.06074	0.00066	0.03085	0.35895	0.00065	0.17292	0.06529
0.93381	0.87319	0.00086	0.6401	0.53736	0.04815	0.01933	0.31999	0.09159	0.00089	0.04516	0.3982	0.00147	0.17879	0.054
0.93872	0.87507	0.00076	0.64523	0.50191	0.04607	0.01917	0.29131	0.07643	0.00065	0.02167	0.38217	0.00099	0.17711	0.05727
0.92336	0.84076	0.00103	0.58792	0.52805	0.05268	0.01745	0.29092	0.10376	0.00101	0.00616	0.34624	0.00045	0.15904	0.04898
0.91725	0.8762	0.00039	0.71288	0.53175	0.05142	0.02192	0.33591	0.08098	0.00418	0.02266	0.37805	0.00031	0.16162	0.05527
0.93519	0.88198	0.00101	0.70594	0.52917	0.05397	0.02067	0.28943	0.08595	0.0036	0.0178	0.37759	0.0039	0.15548	0.04747
0.9796	0.8859	0.00129	0.88315	0.53376	0.04941	0.02534	0.30075	0.0605	0.00132	0.02682	0.34878	0.00047	0.17609	0.05134
0.94822	0.87075	0.00125	0.85299	0.52546	0.04241	0.02489	0.23485	0.05217	0.0007	0.03138	0.31481	0.00105	0.14446	0.04179
0.90824	0.83736	0.0011	0.84624	0.51042	0.04066	0.02128	0.3026	0.07998	0.00083	0.02365	0.35012	0.00122	0.13802	0.04788
0.94068	0.87344	0.00126	0.84332	0.57696	0.04882	0.02174	0.29504	0.06108	0.00047	0.02624	0.3782	0.00189	0.17793	0.07765
0.93311	0.86193	0.00061	0.80448	0.54713	0.0556	0.02195	0.27723	0.05307	0.00122	0.02504	0.37116	0.00108	0.16045	0.06878
0.89799	0.84056	0.00071	0.77073	0.48712	0.04468	0.01904	0.27128	0.06321	0.00107	0.01455	0.3735	0.00315	0.16712	0.08539
0.8748	0.84445	0.00056	0.77535	0.4826	0.04513	0.02162	0.26047	0.08946	0.00109	0.02783	0.3465	0.00173	0.16574	0.07644
0.87105	0.82243	0.00042	0.80689	0.4954	0.05292	0.02055	0.23462	0.05579	0.00367	0.00818	0.35083	0.00266	0.14162	0.06973
0.89093	0.82071	0.00108	0.71153	0.49668	0.04995	0.01883	0.23862	0.05461	0.00097	0.01521	0.36832	0.0015	0.16475	0.07309
0.89716	0.82449	0.00068	0.69199	0.54956	0.05554	0.02542	0.28246	0.05217	0.00408	0.02366	0.29845	0.00149	0.17464	0.05989
0.92005	0.855	0.00094	0.69746	0.52267	0.05413	0.02119	0.24077	0.05423	0.00087	0.01275	0.31126	0.00102	0.15679	0.03883
0.94104	0.83218	0.00116	0.77135	0.55396	0.03981	0.02214	0.21892	0.0379	0.0012	0.00331	0.30684	0.00167	0.16017	0.05575
0.93167	0.81514	0.00138	0.73993	0.50523	0.0484	0.02773	0.2484	0.05995	0.00064	0.00389	0.38867	0.00225	0.16191	0.05263
0.94864	0.87203	0.00124	0.83804	0.52929	0.04857	0.01954	0.26653	0.0348	0.00101	0.02328	0.33414	0.00103	0.15141	0.05381
0.93914	0.84463	0.00076	0.78433	0.53403	0.05332	0.02149	0.25081	0.04316	0.00401	0.00394	0.34227	0.00253	0.15239	0.05549
0.9562	0.86622	0.00182	0.87037	0.50177	0.03268	0.02592	0.23247	0.03238	0.00037	0.01418	0.36557	0.0011	0.16056	0.07262
0.9609	0.87438	0.00028	0.85502	0.55369	0.0428	0.02512	0.30863	0.05529	0.00066	0.01113	0.33835	0.00056	0.15888	0.05213
0.96117	0.86742	0.00081	0.84192	0.54134	0.04887	0.02164	0.30236	0.04359	0.00208	0.00546	0.31527	0.00068	0.1791	0.07536
0.94295	0.85542	0.00098	0.82396	0.53668	0.05306	0.01956	0.2693	0.04096	0.001	0.0135	0.33668	0.00066	0.16981	0.04916
0.91263	0.82494	0.00134	0.69057	0.50902	0.04384	0.01943	0.25761	0.04861	0.00105	0.00404	0.34038	0.00157	0.16539	0.04551
0.936	0.85074	0.00113	0.79734	0.5062	0.04479	0.02031	0.2925	0.06264	0.00186	0.00656	0.34904	0.00256	0.15581	0.04731
0.96379	0.88122	0.00049	0.84965	0.52198	0.05267	0.02068	0.22474	0.0418	0.00101	0.00089	0.31989	0.0009	0.14219	0.03855
0.94806	0.8814	0.00062	0.77472	0.51449	0.054	0.0258	0.28453	0.06068	0.00056	0.01014	0.32464	0.00196	0.16956	0.05464
0.95442	0.87524	0.00089	0.76161	0.55976	0.04426	0.02038	0.29164	0.05816	0.00074	0.00554	0.35845	0.00093	0.17385	0.07815
0.95357	0.88163	0.00095	0.79238	0.55054	0.04814	0.02096	0.3713	0.07072	0.00141	0.01642	0.3363	0.00127	0.17995	0.05541
0.94256	0.87509	0.00178	0.76185	0.52405	0.04956	0.01973	0.34156	0.04356	0.0007	0.01061	0.34878	0.0012	0.16883	0.05453
0.93708	0.86577	0.00073	0.78624	0.54214	0.04646	0.02157	0.24446	0.05702	0.00167	0.0182	0.35973	0.00058	0.15273	0.04604
0.924	0.85566	0.00082	0.73144	0.58164	0.04623	0.02534	0.25411	0.05981	0.00104	0.01173	0.33934	0.00097	0.14802	0.04905
0.97616	0.88344	0.00074	0.83169	0.51507	0.0456	0.01913	0.25491	0.03658	0.00125	0.00426	0.30645	0.00084	0.17747	0.03157
0.9647	0.86869	0.00076	0.80892	0.47666	0.04978	0.02085	0.26471	0.05603	0.00145	0.00619	0.33474	0.00078	0.18976	0.04388
0.96987	0.86303	0.00109	0.8924	0.53757	0.04127	0.02136	0.27029	0.03669	0.00065	0.00664	0.33634	0.00196	0.15292	0.0383
0.97614	0.90038	0.00103	0.93308	0.5153	0.04396	0.0212	0.3068	0.05701	0.00041	0.02256	0.32201	0.00066	0.17338	0.05118
0.9675	0.88178	0.0004	0.86297	0.40919	0.04793	0.02358	0.29435	0.04954	0.0015	0.01313	0.28385	0.00169	0.17939	0.03956
0.9641	0.87312	0.00045	0.88809	0.49134	0.03785	0.02548	0.32331	0.07622	0.00061	0.02942	0.29154	0.00226	0.16649	0.04568
0.94659	0.86588	0.00053	0.70303	0.4517	0.04357	0.01912	0.28127	0.06805	0.00052	0.02693	0.35156	0.00105	0.15559	0.054
0.95561	0.87487	0.00038	0.84806	0.50165	0.04522	0.01992	0.3111	0.04988	0.0011	0.0077	0.35474	0.00058	0.15933	0.06959
0.93555	0.84334	0.00075	0.68938	0.52728	0.04517	0.02018	0.29585	0.07727	0.00049	0.01008	0.32816	0.00176	0.17307	0.05291
0.95577	0.86598	0.00099	0.81765	0.50486	0.03791	0.02266	0.30488	0.07245	0.00118	0.01254	0.35617	0.00199	0.16911	0.05211
0.95618	0.87005	0.0007	0.85851	0.52785	0.04233	0.01962	0.29051	0.05332	0.00086	0.00908	0.32053	0.00188	0.14588	0.05735
0.95879	0.87083	0.00132	0.84121	0.49475	0.04357	0.02778	0.29083	0.04462	0.00076	0.01163	0.33155	0.00124	0.18619	0.03989
0.96716	0.86899	0.00097	0.80862	0.5496	0.04215	0.02353	0.31167	0.05519	0.00132	0.02127	0.35495	0.00083	0.18042	0.04863
0.9571	0.86976	0.00087	0.88836	0.46145	0.04107	0.02492	0.2975	0.03758	0.00085	0.01094	0.30026	0.0019	0.18883	0.03485
0.93299	0.85942	0.00099	0.81719	0.47181	0.05035	0.02055	0.32956	0.05674	0.00119	0.01841	0.32988	0.00051	0.14027	0.03647
0.94003	0.86806	0.00071	0.74037	0.51146	0.04717	0.02534	0.34555	0.04314	0.00116	0.00377	0.34745	0.0016	0.15975	0.04957
0.87786	0.83143	0.00052	0.63017	0.41509	0.05694	0.0186	0.26676	0.07764	0.00169	0.01508	0.30799	0.00134	0.15267	0.04806
0.92475	0.8542	0.00094	0.81168	0.54676	0.04587	0.02704	0.34001	0.04502	0.00093	0.02653	0.36596	0.0015	0.13196	0.03347
0.93669	0.85437	0.00079	0.81829	0.50089	0.05226	0.02305	0.33295	0.07311	0.00132	0.02027	0.30972	0.00072	0.14858	0.03669
0.9691	0.87199	0.00115	0.85107	0.51625	0.04623	0.02358	0.30186	0.05057	0.00065	0.02365	0.32696	0.00033	0.17465	0.04812
0.9828	0.87471	0.00231	0.90954	0.48968	0.04391	0.02017	0.27721	0.05329	0.00082	0.0106	0.32821	0.00194	0.16085	0.05016
0.96648	0.88658	0.00032	0.90518	0.48814	0.04398	0.02174	0.27437	0.04954	0.00083	0.01363	0.32549	0.0008	0.17073	0.05028
0.94009	0.85943	0.00081	0.73162	0.56644	0.05023	0.02344	0.30645	0.05618	0.00065	0.02029	0.37028	0.0037	0.15601	0.05013
0.95454	0.85906	0.00114	0.68793	0.51474	0.0548	0.02148	0.28431	0.07551	0.00148	0.01809	0.34731	0.00038	0.16031	0.05859
0.94036	0.82113	0.00103	0.62011	0.50115	0.05091	0.02311	0.30392	0.09729	0.00056	0.0199	0.36608	0.00047	0.16882	0.05095
0.93399	0.82837	0.00047	0.74807	0.50293	0.04386	0.02242	0.28375	0.08257	0.00127	0.01546	0.29192	0.0009	0.16282	0.04174
0.92297	0.82951	0.00136	0.58553	0.5161	0.04976	0.02053	0.27635	0.11722	0.00078	0.01686	0.33006	0.00109	0.1727	0.0607
0.92393	0.81943	0.00085	0.64901	0.45716	0.04169	0.01966	0.26039	0.07207	0.00095	0.03043	0.32269	0.00085	0.15828	0.04893
0.91326	0.80723	0.00066	0.57204	0.49588	0.05388	0.02366	0.21179	0.05446	0.00168	0.01736	0.32952	0.00147	0.14766	0.05931
0.93428	0.82931	0.00083	0.60302	0.48555	0.05669	0.02148	0.26451	0.08249	0.00185	0.02167	0.3291	0.00086	0.16214	0.05506
0.9285	0.83953	0.00104	0.66049	0.51496	0.0516	0.01964	0.27449	0.07548	0.00076	0.0251	0.37101	0.00078	0.16348	0.05683
0.93435	0.83335	0.00125	0.63994	0.49165	0.05027	0.01856	0.27255	0.05962	0.00145	0.03017	0.30838	0.00167	0.16413	0.04029
0.92762	0.8591	0.00053	0.74979	0.48397	0.04718	0.02157	0.25879	0.06969	0.00061	0.00784	0.37272	0.00085	0.15318	0.05701
0.93289	0.86114	0.00078	0.72965	0.53795	0.04547	0.01968	0.29007	0.08383	0.00124	0.02873	0.36183	0.00066	0.15254	0.05949
0.90735	0.80113	0.00068	0.47722	0.45333	0.0697	0.01899	0.16354	0.073	0.0011	0.00294	0.30702	0.00111	0.17177	0.05719
0.91459	0.83276	0.00094	0.60533	0.49532	0.05964	0.0223	0.21971	0.08212	0.00179	0.02938	0.37461	0.00147	0.15561	0.05025
0.92048	0.8448	0.0004	0.81431	0.51993	0.03871	0.02403	0.2897	0.05016	0.00137	0.01672	0.39778	0.00051	0.15876	0.04593
0.92566	0.8253	0.00077	0.57162	0.49198	0.0434	0.0208	0.21758	0.04521	0.00099	0.01732	0.31941	0.00042	0.16433	0.03592
0.9251	0.84433	0.00145	0.6974	0.54255	0.05435	0.01819	0.25464	0.05412	0.00172	0.00983	0.3662	0.00119	0.14268	0.03819
0.92226	0.8056	0.00079	0.54175	0.48438	0.04563	0.01849	0.2165	0.05764	0.00147	0.00818	0.30591	0.00071	0.14389	0.04058
0.88202	0.79602	0.00133	0.55142	0.47049	0.05136	0.02094	0.23701	0.07626	0.00083	0.00965	0.30759	0.00054	0.14791	0.0421
0.95348	0.85391	0.00113	0.70813	0.55012	0.03717	0.0248	0.29356	0.07222	0.00295	0.02128	0.35179	0.00124	0.16932	0.04296
0.94773	0.88395	0.00061	0.85812	0.52788	0.03967	0.02256	0.29288	0.05248	0.00051	0.01699	0.36157	0.00284	0.16798	0.04054
0.95831	0.87563	0.00096	0.81493	0.51839	0.04424	0.02126	0.32702	0.06406	0.0033	0.01604	0.34205	0.00094	0.16633	0.04754
0.90277	0.81921	0.00148	0.72197	0.51094	0.05177	0.02008	0.27392	0.0467	0.00111	0.00259	0.37488	0.00133	0.15064	0.05729
0.93895	0.86089	0.00078	0.83514	0.4853	0.04639	0.02102	0.29595	0.04745	0.00196	0.01933	0.36803	0.00093	0.17417	0.05936
0.91904	0.85722	0.00125	0.76866	0.49877	0.05126	0.02298	0.29596	0.07591	0.00116	0.00404	0.36131	0.00104	0.1647	0.07321
0.91654	0.84595	0.00092	0.82324	0.54418	0.0488	0.02062	0.29453	0.04835	0.00055	0.00794	0.31344	0.00178	0.16393	0.05575
0.87239	0.81172	0.00107	0.70103	0.52708	0.04363	0.02477	0.28405	0.07197	0.00089	0.01875	0.34402	0.00174	0.15297	0.04816
0.92032	0.85415	0.00056	0.84297	0.52034	0.04917	0.02324	0.28118	0.05678	0.00036	0.00866	0.34655	0.00154	0.15865	0.06301
0.93196	0.82535	0.00099	0.74537	0.52259	0.04549	0.02411	0.32742	0.06801	0.00071	0.0134	0.35824	0.00053	0.15686	0.05918
0.86579	0.81234	0.00312	0.65848	0.51963	0.04262	0.02461	0.30033	0.05809	0.00058	0.00443	0.36577	0.00088	0.14309	0.05657
0.91491	0.85288	0.0015	0.78746	0.52155	0.05205	0.01668	0.27598	0.04808	0.00059	0.00518	0.32307	0.00183	0.1796	0.06179
0.89563	0.79471	0.00063	0.54986	0.5076	0.05926	0.02079	0.24206	0.09983	0.00092	0.00201	0.29999	0.0018	0.16185	0.06611
0.93078	0.8311	0.00137	0.71963	0.51107	0.05461	0.02544	0.27809	0.05781	0.00085	0.00681	0.35632	0.00072	0.15297	0.04378
0.91788	0.82819	0.00119	0.68581	0.56969	0.05664	0.0171	0.24755	0.04686	0.0008	0.00556	0.38756	0.00087	0.13742	0.05552
0.89087	0.79585	0.00081	0.68589	0.52166	0.06	0.01945	0.24699	0.06694	0.00447	0.00428	0.33723	0.00072	0.13477	0.0447
0.85737	0.78089	0.00075	0.66697	0.47678	0.0526	0.02166	0.28351	0.0757	0.00064	0.00491	0.30366	0.00137	0.1328	0.04894
0.89264	0.82585	0.0011	0.76794	0.51041	0.05091	0.02036	0.25516	0.04869	0.00052	0.00641	0.31707	0.00071	0.16219	0.04718
0.91867	0.86001	0.00105	0.72125	0.51505	0.05186	0.02189	0.32264	0.06251	0.00107	0.0072	0.35986	0.00043	0.16277	0.067
0.92529	0.83227	0.00049	0.752	0.5627	0.04746	0.02244	0.27216	0.03542	0.0011	0.0029	0.3464	0.00072	0.14811	0.05503
0.94629	0.84649	0.0005	0.81114	0.50924	0.05267	0.02064	0.25888	0.04819	0.00077	0.00495	0.31779	0.00152	0.17155	0.05273
0.90647	0.81635	0.0011	0.60124	0.5014	0.05022	0.01892	0.26118	0.07022	0.00194	0.00318	0.32598	0.00078	0.15154	0.06787
0.94001	0.85835	0.00123	0.76394	0.55408	0.04762	0.02285	0.29247	0.05167	0.0012	0.00445	0.36797	0.00094	0.14563	0.04856
0.88463	0.80299	0.00142	0.66525	0.5075	0.05196	0.02091	0.26641	0.05581	0.00096	0.00114	0.32877	0.00102	0.14886	0.03816
0.95876	0.86897	0.00089	0.8958	0.4977	0.03757	0.01868	0.30529	0.0464	0.00083	0.00913	0.29482	0.00109	0.16118	0.06203
0.9355	0.86403	0.00205	0.87302	0.50276	0.04563	0.0209	0.26566	0.04381	0.00117	0.00411	0.34049	0.00138	0.16583	0.05528
0.89597	0.79565	0.00139	0.72089	0.43054	0.05166	0.02336	0.25922	0.04371	0.00077	0.00175	0.29975	0.00074	0.1441	0.04695
0.93615	0.86239	0.0006	0.77833	0.51693	0.04791	0.02248	0.24374	0.03709	0.00367	0.01145	0.33998	0.00052	0.14587	0.04596
0.90085	0.80184	0.00042	0.6337	0.51099	0.05191	0.0221	0.23958	0.03749	0.0011	0.00694	0.33663	0.00084	0.17021	0.05459
0.88134	0.7992	0.00088	0.72507	0.46493	0.04193	0.01812	0.25003	0.05177	0.00243	0.00394	0.30577	0.00055	0.15815	0.04605
0.96093	0.86151	0.00096	0.85603	0.50657	0.04358	0.02084	0.28911	0.03237	0.0009	0.00679	0.35402	0.0005	0.15967	0.04297
0.94009	0.85004	0.00115	0.8427	0.47323	0.04007	0.02421	0.32965	0.04897	0.00077	0.01113	0.30898	0.00151	0.16458	0.05138
0.95179	0.86949	0.00088	0.88501	0.45417	0.03919	0.02144	0.26149	0.02939	0.00131	0.00198	0.33951	0.00569	0.18609	0.07518
0.96442	0.89697	0.00102	0.91663	0.49936	0.04197	0.03016	0.33857	0.04186	0.00201	0.01192	0.35344	0.00108	0.14508	0.06721
0.97766	0.89499	0.00136	0.94736	0.45736	0.0414	0.02104	0.30282	0.06066	0.0035	0.00169	0.3497	0.00065	0.17145	0.07364
0.97638	0.89637	0.00104	0.94549	0.48129	0.04427	0.02255	0.28862	0.04682	0.00045	0.00827	0.32046	0.00084	0.16026	0.06931
0.96815	0.86988	0.00192	0.93522	0.49184	0.03794	0.02306	0.32399	0.04738	0.00098	0.0042	0.36288	0.0013	0.15335	0.06523
0.97518	0.87252	0.00087	0.90297	0.50138	0.03611	0.02228	0.29027	0.04916	0.00096	0.01163	0.31159	0.00103	0.15384	0.05256
0.96844	0.8908	0.00085	0.94476	0.57674	0.04133	0.02343	0.26273	0.03078	0.00139	0.00517	0.34922	0.00217	0.13545	0.04772
0.95575	0.87641	0.00109	0.92496	0.55801	0.03989	0.01943	0.2881	0.04263	0.00139	0.0182	0.3723	0.00121	0.14174	0.04884
0.96868	0.88309	0.00094	0.88993	0.49186	0.05833	0.02142	0.27834	0.0543	0.00123	0.00801	0.34593	0.00348	0.15402	0.04659
0.97064	0.89238	0.00117	0.91032	0.47538	0.039	0.0242	0.31119	0.04068	0.00071	0.02719	0.35296	0.00125	0.16183	0.05559
0.96858	0.87366	0.00152	0.81996	0.50411	0.04396	0.02292	0.27382	0.03633	0.00073	0.00535	0.33128	0.00111	0.14731	0.04964
0.93066	0.85467	0.00107	0.8221	0.53413	0.03835	0.02043	0.2971	0.06595	0.00297	0.02579	0.37089	0.00069	0.12022	0.03441
0.95263	0.86496	0.00143	0.8052	0.47868	0.05268	0.02279	0.27365	0.05286	0.00127	0.01914	0.37056	0.00175	0.13546	0.03824
0.94367	0.84978	0.00079	0.80292	0.48611	0.04482	0.02763	0.26406	0.04766	0.00121	0.0095	0.37257	0.00093	0.15846	0.06352
0.92021	0.83737	0.00107	0.72974	0.46583	0.04107	0.03092	0.25777	0.05856	0.00419	0.03039	0.33636	0.00057	0.16425	0.06453
0.92937	0.82565	0.0008	0.72985	0.51676	0.0458	0.02369	0.24693	0.02004	0.00096	0.02792	0.32595	0.00073	0.14635	0.04875
0.97415	0.89933	0.00081	0.86958	0.5767	0.04379	0.03291	0.27016	0.02456	0.00107	0.01539	0.36598	0.00048	0.15738	0.05826
0.98142	0.90442	0.00112	0.93244	0.50022	0.04527	0.02102	0.23393	0.02931	0.00118	0.02407	0.33196	0.00083	0.14649	0.04754
0.93582	0.89347	0.00094	0.85102	0.50857	0.04619	0.02805	0.236	0.03229	0.00313	0.0183	0.34321	0.00055	0.17412	0.06327
0.95195	0.86906	0.00193	0.89254	0.51654	0.04014	0.0196	0.32441	0.04079	0.00235	0.02976	0.34129	0.00097	0.17859	0.05409
0.93812	0.85389	0.00111	0.79814	0.51948	0.04468	0.02308	0.26575	0.05383	0.00044	0.02254	0.36222	0.00046	0.14602	0.04271
0.92839	0.82413	0.00113	0.80281	0.5378	0.04078	0.02178	0.2761	0.0277	0.00068	0.01058	0.32832	0.00203	0.13884	0.04431
0.94379	0.87615	0.00116	0.91203	0.52316	0.0396	0.02063	0.27464	0.02087	0.001	0.01613	0.36578	0.00126	0.17213	0.03971
0.97514	0.88876	0.00134	0.90881	0.52524	0.04582	0.02239	0.299	0.01821	0.0005	0.02852	0.31455	0.00183	0.16873	0.04183
0.97155	0.89087	0.00057	0.91463	0.4489	0.04753	0.02113	0.29927	0.03308	0.00099	0.00439	0.31653	0.00149	0.17	0.04811
0.93897	0.84402	0.00031	0.81769	0.47871	0.03777	0.02171	0.27405	0.03571	0.00393	0.01029	0.34765	0.00065	0.16801	0.04198
0.93525	0.84116	0.00119	0.83251	0.52468	0.04318	0.02427	0.26978	0.02589	0.00408	0.0106	0.3588	0.0029	0.15801	0.04624
0.95883	0.85036	0.00116	0.81846	0.5017	0.04639	0.02085	0.27588	0.02504	0.00088	0.00874	0.35028	0.00042	0.15522	0.0514
0.94816	0.8638	0.00067	0.78804	0.53017	0.04378	0.02143	0.24504	0.02604	0.00048	0.00776	0.34012	0.00127	0.16746	0.06075
0.94542	0.84093	0.00089	0.63196	0.51297	0.0507	0.01905	0.28468	0.07234	0.00122	0.00221	0.32607	0.0014	0.16171	0.05114
0.9487	0.85458	0.00178	0.77644	0.52354	0.04356	0.02092	0.30239	0.05139	0.00099	0.01161	0.35411	0.00132	0.15597	0.06568
0.93546	0.85091	0.00085	0.74635	0.53104	0.05048	0.02342	0.25238	0.04864	0.00061	0.01138	0.35377	0.00091	0.141	0.0553
0.96377	0.87661	0.00061	0.85328	0.49373	0.05113	0.0256	0.30267	0.04723	0.00052	0.00795	0.33113	0.00085	0.15003	0.04416
0.94047	0.8583	0.00108	0.83442	0.47217	0.05214	0.02333	0.32131	0.0446	0.00393	0.01009	0.33343	0.00057	0.15327	0.03578
0.93137	0.85884	0.00143	0.83851	0.52524	0.04692	0.02065	0.27459	0.04596	0.00071	0.00292	0.31553	0.00149	0.14654	0.03961
0.94445	0.85641	0.00136	0.78195	0.56656	0.04105	0.02117	0.22481	0.03532	0.00105	0.00891	0.31228	0.00068	0.13353	0.03663
0.97387	0.89329	0.00118	0.91893	0.54249	0.05094	0.02237	0.25644	0.04476	0.00057	0.0082	0.32095	0.00078	0.13329	0.03912
0.96509	0.89035	0.00114	0.88061	0.56284	0.04976	0.02028	0.29131	0.03873	0.00191	0.0032	0.3332	0.0006	0.14451	0.03752
0.95399	0.86805	0.00152	0.84245	0.54314	0.04193	0.01932	0.26092	0.03169	0.00098	0.00685	0.32815	0.00116	0.14188	0.04161
0.94765	0.8565	0.00161	0.77725	0.52097	0.05124	0.02162	0.24891	0.03194	0.00087	0.00527	0.36827	0.00118	0.15347	0.04719
0.93772	0.83168	0.00171	0.67103	0.52007	0.05098	0.01959	0.25732	0.05525	0.00126	0.00763	0.35958	0.00052	0.16121	0.05776
0.95646	0.87275	0.00209	0.83944	0.52393	0.05567	0.02238	0.27727	0.06214	0.00053	0.00386	0.34772	0.00131	0.14175	0.05106
0.9482	0.84881	0.00046	0.84107	0.57744	0.04371	0.01952	0.3179	0.04349	0.00341	0.00171	0.30789	0.00095	0.15652	0.04759
0.93542	0.83138	0.00168	0.77394	0.54371	0.0417	0.01815	0.26928	0.04964	0.00085	0.00909	0.3052	0.00057	0.14811	0.04951
0.95318	0.86979	0.00107	0.78881	0.52453	0.0423	0.02139	0.29549	0.05294	0.00102	0.00446	0.30025	0.0007	0.16453	0.04299
0.95122	0.87304	0.00166	0.81414	0.58236	0.04386	0.02318	0.25858	0.0421	0.0014	0.00775	0.32412	0.00149	0.15036	0.05063
0.96265	0.87728	0.00045	0.85416	0.55057	0.04732	0.01988	0.29255	0.04014	0.00074	0.00241	0.33034	0.00124	0.14399	0.04289
0.97909	0.87521	0.00141	0.92484	0.54642	0.03666	0.02021	0.28578	0.04296	0.00137	0.00604	0.32436	0.00067	0.16155	0.05156
0.92685	0.84603	0.00095	0.82732	0.526	0.05003	0.01827	0.25232	0.05004	0.00142	0.01201	0.31334	0.00085	0.14668	0.04451
0.93937	0.86412	0.00096	0.80734	0.55563	0.04544	0.0196	0.30358	0.0296	0.00066	0.00926	0.32863	0.00078	0.14738	0.05065
0.95656	0.84979	0.0014	0.76309	0.53269	0.04157	0.01912	0.24662	0.04686	0.00054	0.006	0.30885	0.00051	0.15214	0.05219
0.95623	0.86709	0.00143	0.83277	0.54345	0.04003	0.02319	0.28949	0.04429	0.00057	0.00716	0.31115	0.00052	0.15915	0.05239
0.95462	0.8183	0.0006	0.70462	0.55632	0.04561	0.02153	0.24029	0.04444	0.00044	0.01391	0.32689	0.00089	0.14889	0.05812
0.95947	0.87272	0.00165	0.82857	0.58054	0.04867	0.02225	0.24424	0.06786	0.00259	0.01413	0.34313	0.00115	0.13371	0.0499
0.95857	0.8627	0.00215	0.83366	0.5346	0.03797	0.0182	0.24419	0.04822	0.0008	0.00718	0.33843	0.00095	0.14648	0.05251
0.94837	0.87671	0.00087	0.84517	0.53929	0.04967	0.02169	0.26549	0.06436	0.00081	0.01804	0.34785	0.00064	0.14561	0.05535
0.96105	0.85671	0.00116	0.78606	0.53294	0.0405	0.0205	0.25993	0.06174	0.00162	0.01855	0.33235	0.0006	0.14525	0.06598
0.96669	0.88969	0.00087	0.87244	0.53573	0.04477	0.02298	0.21935	0.06188	0.00101	0.00725	0.35574	0.00067	0.15423	0.05395
0.93319	0.87241	0.00042	0.84253	0.52255	0.04292	0.02201	0.27578	0.06329	0.00112	0.00308	0.31697	0.00062	0.16246	0.05574
0.96978	0.89578	0.00081	0.89032	0.51597	0.05015	0.02186	0.32155	0.07136	0.00075	0.00808	0.29083	0.00103	0.16401	0.06645
0.95037	0.86892	0.00124	0.85803	0.54855	0.04893	0.02211	0.30094	0.05971	0.00071	0.0036	0.29757	0.00438	0.16035	0.06511
0.95099	0.87294	0.00055	0.80627	0.53127	0.04132	0.0206	0.27557	0.07123	0.00333	0.00981	0.31397	0.00116	0.15284	0.04595
0.9427	0.85296	0.00127	0.7443	0.51621	0.0361	0.02115	0.2645	0.05765	0.00039	0.01314	0.3315	0.00137	0.15091	0.03994
0.94343	0.8477	0.00083	0.78285	0.50635	0.04349	0.01703	0.26588	0.06502	0.0005	0.01066	0.32538	0.00133	0.14285	0.04955
0.95419	0.87411	0.00054	0.81635	0.50309	0.04333	0.01762	0.35076	0.06665	0.0014	0.01195	0.3234	0.00064	0.15418	0.07017
0.95131	0.85795	0.00074	0.82193	0.53729	0.04226	0.0208	0.33043	0.06621	0.00134	0.00325	0.33098	0.00135	0.14672	0.05943
0.97546	0.90661	0.00059	0.9184	0.58201	0.04659	0.01822	0.33171	0.05017	0.00508	0.01259	0.33741	0.00087	0.1545	0.05673
0.95515	0.86207	0.00046	0.82158	0.57909	0.04332	0.02042	0.29907	0.0441	0.00377	0.00264	0.35252	0.00106	0.15627	0.07085
0.89937	0.77685	0.00076	0.60032	0.51459	0.04985	0.0207	0.2658	0.05402	0.00074	0.00152	0.33881	0.00051	0.15383	0.06088
0.88773	0.82183	0.00126	0.68666	0.53143	0.04854	0.019	0.25714	0.06993	0.00051	0.00447	0.33089	0.00118	0.15136	0.05857
0.90387	0.81256	0.00056	0.72895	0.49467	0.04793	0.02178	0.27131	0.05504	0.00126	0.00119	0.28417	0.00071	0.15959	0.05414
0.94227	0.85577	0.00088	0.83344	0.55741	0.04315	0.02446	0.26452	0.06992	0.00145	0.00522	0.31843	0.00095	0.15244	0.04886
0.92837	0.82106	0.00108	0.69863	0.48396	0.04812	0.02086	0.2441	0.06149	0.00041	0.00578	0.31429	0.00056	0.1432	0.05281
0.93255	0.83521	0.00083	0.80819	0.5075	0.04029	0.0196	0.25525	0.05517	0.00089	0.00455	0.31715	0.00133	0.15013	0.05683
0.97932	0.91455	0.00068	0.94193	0.5319	0.04634	0.02019	0.24641	0.05779	0.00143	0.00855	0.2828	0.00144	0.15845	0.06691
0.96529	0.87523	0.00085	0.94421	0.52294	0.05124	0.01898	0.24028	0.07884	0.00078	0.00574	0.34689	0.00082	0.13217	0.05694
0.96101	0.85717	0.00077	0.89478	0.58886	0.04971	0.01863	0.26735	0.05741	0.00071	0.0053	0.32922	0.00077	0.12244	0.04759
0.95775	0.86795	0.00078	0.81911	0.55011	0.05539	0.02022	0.25091	0.03929	0.00099	0.00103	0.31976	0.00086	0.13808	0.04965
0.94605	0.89502	0.00087	0.84725	0.53823	0.04859	0.01731	0.2907	0.07744	0.00056	0.00522	0.32549	0.0013	0.14057	0.04181
0.94244	0.8576	0.00061	0.76951	0.52171	0.05039	0.02189	0.25446	0.04541	0.00093	0.00133	0.35589	0.00065	0.15152	0.04574
0.95149	0.81548	0.00225	0.6834	0.50005	0.0434	0.0225	0.29132	0.06298	0.00037	0.00489	0.34161	0.00073	0.15382	0.05268
0.93855	0.84462	0.0004	0.78211	0.48571	0.05048	0.0199	0.254	0.06287	0.00162	0.01889	0.29891	0.00149	0.13557	0.04209
0.95872	0.88348	0.00072	0.81817	0.46735	0.03987	0.0182	0.23433	0.06337	0.00146	0.02993	0.30527	0.00176	0.15062	0.04795
0.94714	0.83717	0.00074	0.66506	0.46975	0.05119	0.02184	0.24455	0.08561	0.0011	0.01784	0.30894	0.00061	0.15605	0.05426
0.9334	0.8441	0.00037	0.72877	0.48895	0.04818	0.02325	0.23751	0.03851	0.00038	0.00994	0.31605	0.00109	0.1636	0.06676
0.92971	0.80011	0.00087	0.6945	0.54541	0.04452	0.02073	0.21046	0.04803	0.00321	0.00634	0.31162	0.00114	0.14349	0.03875
0.94311	0.81178	0.0011	0.73763	0.54743	0.04938	0.02512	0.2527	0.0412	0.00069	0.02196	0.34959	0.00139	0.15138	0.05711
0.93045	0.81334	0.00104	0.78211	0.44809	0.04633	0.01942	0.25897	0.02767	0.00071	0.0015	0.31416	0.00152	0.14978	0.06483
0.93441	0.80784	0.00242	0.73475	0.4461	0.04967	0.02518	0.26097	0.05686	0.00076	0.00309	0.29825	0.00161	0.16083	0.05936
0.96136	0.8406	0.0015	0.79629	0.47555	0.04002	0.02363	0.2536	0.04129	0.00105	0.00507	0.31834	0.00146	0.1691	0.05899
0.95255	0.85893	0.0007	0.84776	0.46075	0.0517	0.02031	0.29055	0.05024	0.00227	0.01825	0.30464	0.00085	0.14271	0.047
0.96484	0.87423	0.00084	0.84409	0.50127	0.05368	0.02693	0.28437	0.04284	0.00476	0.01737	0.29604	0.00086	0.1476	0.04326
0.94	0.83351	0.00232	0.74926	0.53526	0.04757	0.0245	0.22622	0.06152	0.00119	0.01148	0.34571	0.00117	0.1507	0.06601
0.97387	0.86554	0.00069	0.79496	0.44336	0.04981	0.02043	0.26124	0.04432	0.00063	0.00448	0.31826	0.0009	0.17726	0.07248
0.96072	0.85215	0.00113	0.77864	0.49754	0.05141	0.01991	0.23294	0.04306	0.00123	0.00965	0.27708	0.00127	0.1544	0.06853
0.97064	0.89568	0.00125	0.85186	0.49193	0.04998	0.02688	0.24598	0.04657	0.00171	0.01336	0.29176	0.0009	0.15946	0.05519
0.97564	0.85263	0.00092	0.84021	0.53498	0.04784	0.02629	0.2636	0.03606	0.00107	0.00934	0.3585	0.00126	0.15743	0.04997
0.94396	0.83151	0.00036	0.72739	0.55431	0.05069	0.0193	0.25041	0.0448	0.00048	0.00954	0.34569	0.00086	0.15336	0.05794
0.96234	0.82779	0.00034	0.81126	0.51072	0.03819	0.02036	0.28538	0.03473	0.00059	0.00347	0.32542	0.00073	0.1624	0.0535
0.91976	0.77773	0.00087	0.5893	0.48613	0.06243	0.01813	0.1998	0.04706	0.00135	0.00495	0.2981	0.00148	0.1548	0.06447
0.96886	0.86473	0.00054	0.82218	0.49127	0.0497	0.02434	0.25439	0.03501	0.00075	0.00295	0.32673	0.00039	0.16186	0.03856
0.93343	0.83571	0.00111	0.78348	0.54672	0.03835	0.02146	0.25565	0.04279	0.00086	0.0035	0.31435	0.0008	0.13332	0.04688
0.9218	0.82797	0.00122	0.74365	0.51441	0.04314	0.0213	0.23518	0.04951	0.00486	0.00397	0.32429	0.00059	0.13568	0.0435
0.93008	0.82314	0.00137	0.772	0.53072	0.05519	0.02022	0.24118	0.0581	0.00065	0.0023	0.2984	0.00063	0.14437	0.05281
0.95365	0.87426	0.00201	0.84158	0.48035	0.04489	0.02201	0.23254	0.03526	0.00071	0.00283	0.32798	0.00154	0.15393	0.02643
0.9432	0.8383	0.00078	0.80467	0.47451	0.04416	0.02317	0.21635	0.04499	0.00144	0.00575	0.35856	0.00166	0.13872	0.04732
0.95014	0.8577	0.00069	0.8102	0.4778	0.04761	0.02365	0.23636	0.03665	0.00112	0.00107	0.31215	0.00068	0.15607	0.04317
0.95866	0.86315	0.00126	0.79376	0.48227	0.04861	0.02692	0.28216	0.06308	0.00045	0.00338	0.33068	0.00162	0.15234	0.06739
0.92712	0.84202	0.00144	0.74358	0.49788	0.03822	0.02235	0.25556	0.04301	0.00054	0.00711	0.3172	0.00158	0.15013	0.04755
0.93097	0.82187	0.00136	0.73385	0.48942	0.04525	0.02351	0.26745	0.05166	0.00083	0.0104	0.31028	0.00071	0.13887	0.05394
0.94942	0.8556	0.00064	0.81126	0.47906	0.04587	0.01675	0.24407	0.05118	0.00092	0.00232	0.28284	0.00127	0.14504	0.05752
0.96025	0.87561	0.00222	0.86536	0.5136	0.04604	0.02362	0.29497	0.05738	0.00062	0.01127	0.34146	0.001	0.14736	0.06228
0.91053	0.84449	0.00081	0.77257	0.4584	0.05235	0.01631	0.23383	0.0665	0.00082	0.00356	0.32566	0.00069	0.16054	0.04781
0.92953	0.82195	0.00081	0.72346	0.45988	0.05751	0.02012	0.21942	0.05273	0.00434	0.00243	0.2863	0.00123	0.14818	0.05345
0.94117	0.84853	0.00036	0.75383	0.46731	0.04774	0.01991	0.24858	0.04446	0.00088	0.0026	0.31875	0.00074	0.16796	0.06917
0.94617	0.85674	0.00064	0.76479	0.47266	0.04586	0.02556	0.24442	0.05432	0.00116	0.00097	0.31704	0.00224	0.14488	0.06539
0.9635	0.85757	0.00111	0.79002	0.48683	0.05138	0.0226	0.27555	0.04714	0.00085	0.00479	0.32796	0.00049	0.15205	0.04685
0.97613	0.87752	0.0007	0.91264	0.49691	0.05104	0.02309	0.25635	0.03461	0.00365	0.00247	0.28888	0.0009	0.14562	0.05413
0.96662	0.80151	0.0014	0.70407	0.4359	0.04642	0.02143	0.25542	0.05306	0.00115	0.0039	0.28797	0.00095	0.17527	0.04016
0.93621	0.76718	0.00058	0.567	0.46138	0.0591	0.01884	0.22066	0.05699	0.00091	0.00277	0.29677	0.00112	0.1669	0.0484
0.93638	0.83264	0.00067	0.66359	0.50674	0.04746	0.02427	0.2283	0.06185	0.00065	0.00994	0.29995	0.00049	0.14777	0.05386
0.92882	0.84662	0.00164	0.73215	0.49207	0.04684	0.01803	0.21122	0.03508	0.00098	0.00277	0.31416	0.00104	0.13442	0.05667
0.87689	0.78742	0.00069	0.6989	0.51902	0.04374	0.02066	0.23098	0.04808	0.00074	0.00492	0.2951	0.00152	0.12446	0.04728
0.90076	0.7994	0.0007	0.58298	0.45466	0.05091	0.02424	0.19231	0.0528	0.0013	0.00421	0.304	0.00089	0.14262	0.0531
0.94399	0.81397	0.00142	0.67031	0.46464	0.04087	0.02319	0.24713	0.04657	0.0009	0.00662	0.31908	0.00079	0.14849	0.03908
0.95691	0.87035	0.00131	0.83754	0.48453	0.05034	0.02707	0.26179	0.03171	0.00099	0.0043	0.30768	0.00127	0.14723	0.03132
0.90483	0.83443	0.00158	0.6859	0.43899	0.04342	0.01999	0.27051	0.07218	0.00093	0.00158	0.31129	0.00061	0.14183	0.03383
0.93214	0.85199	0.00204	0.81589	0.40957	0.04618	0.02268	0.251	0.05222	0.00108	0.00787	0.31771	0.00159	0.15174	0.02899
0.94851	0.82777	0.00086	0.79181	0.47519	0.04849	0.02071	0.21847	0.05445	0.00083	0.00259	0.29638	0.00098	0.16201	0.05112
0.94143	0.84624	0.00099	0.75894	0.50255	0.04439	0.02006	0.25741	0.06424	0.0006	0.00124	0.33033	0.00055	0.14129	0.04492
0.94713	0.82893	0.00091	0.6996	0.47349	0.04625	0.0204	0.23151	0.04003	0.00127	0.00247	0.2934	0.00061	0.15692	0.05138
0.91973	0.83399	0.00085	0.67921	0.48741	0.04857	0.01875	0.25555	0.05915	0.00142	0.00788	0.29815	0.00135	0.16666	0.04661
0.94301	0.87705	0.00069	0.80221	0.47609	0.04538	0.02173	0.25562	0.04829	0.00559	0.01099	0.31145	0.00073	0.15866	0.04298
0.95574	0.86064	0.00143	0.75697	0.43661	0.04614	0.02343	0.28046	0.04898	0.00192	0.0121	0.35496	0.00185	0.15562	0.05461
0.95306	0.88387	0.00056	0.84779	0.46962	0.04856	0.01999	0.28803	0.05768	0.00127	0.00629	0.32369	0.0015	0.16452	0.06273
0.94107	0.83395	0.00074	0.72492	0.43095	0.05219	0.02182	0.22497	0.05841	0.00259	0.00565	0.32975	0.00193	0.15237	0.07051
0.93027	0.84711	0.00085	0.72693	0.53206	0.05217	0.02295	0.25756	0.05729	0.00096	0.00938	0.31444	0.0016	0.15756	0.07133
0.94247	0.87358	0.00117	0.79031	0.48552	0.05784	0.0204	0.2246	0.04865	0.00121	0.00465	0.32733	0.00067	0.15267	0.05529
0.97462	0.8884	0.00058	0.9018	0.5427	0.05143	0.02337	0.22629	0.05555	0.00078	0.00641	0.36168	0.00092	0.13368	0.04898
0.97328	0.88914	0.00187	0.90994	0.56817	0.04738	0.02094	0.24245	0.03986	0.00146	0.00799	0.3436	0.00054	0.15043	0.04685
0.97712	0.89132	0.00097	0.90467	0.54608	0.04782	0.02567	0.26266	0.03579	0.00114	0.00597	0.32377	0.00249	0.14053	0.04953
0.94083	0.81829	0.00082	0.75978	0.5294	0.05297	0.02266	0.23624	0.03728	0.00102	0.00293	0.29475	0.00095	0.14498	0.04647
0.94955	0.87667	0.00116	0.87202	0.53429	0.04663	0.02148	0.24581	0.036	0.00122	0.0018	0.31358	0.0051	0.14736	0.04487
0.94788	0.85002	0.00073	0.78972	0.50144	0.04866	0.01987	0.28175	0.03849	0.00066	0.00101	0.2673	0.00086	0.1516	0.04724
0.91326	0.78481	0.00067	0.66946	0.50812	0.061	0.02119	0.25687	0.05855	0.00372	0.00058	0.31155	0.00073	0.127	0.05069
0.93391	0.83276	0.00056	0.74729	0.51886	0.04273	0.01999	0.24039	0.06689	0.00112	0.00714	0.30272	0.00192	0.14994	0.05704
0.95689	0.8638	0.00085	0.80789	0.4948	0.04635	0.02283	0.25581	0.05261	0.00048	0.00349	0.33295	0.00053	0.15067	0.05047
0.95202	0.8438	0.00134	0.71276	0.48835	0.04228	0.02483	0.18162	0.05602	0.00094	0.00259	0.29687	0.00136	0.15738	0.07934
0.96522	0.83155	0.00132	0.73027	0.50934	0.05269	0.02144	0.2487	0.0585	0.00134	0.00507	0.33302	0.00068	0.15104	0.06149
0.95313	0.81344	0.00101	0.72409	0.48683	0.04732	0.02358	0.28513	0.05661	0.00246	0.00218	0.30799	0.00127	0.15428	0.05363
0.9497	0.82159	0.00079	0.73782	0.48492	0.04543	0.02239	0.27052	0.06206	0.00104	0.0011	0.30916	0.00109	0.14075	0.04833
0.92919	0.81713	0.00111	0.76118	0.51119	0.04499	0.02514	0.28754	0.04714	0.00059	0.00644	0.31472	0.00064	0.13622	0.04999
0.94743	0.80308	0.0012	0.6966	0.52822	0.04828	0.02097	0.24995	0.05023	0.00046	0.00413	0.32402	0.00088	0.13886	0.04073
0.90863	0.77621	0.0011	0.61827	0.43653	0.05228	0.02397	0.23129	0.05796	0.0009	0.00463	0.27299	0.00142	0.12769	0.04205
0.92293	0.78355	0.00132	0.63558	0.45494	0.04019	0.02218	0.23605	0.05099	0.00144	0.00445	0.30432	0.00068	0.16376	0.03995
0.94973	0.79495	0.00129	0.63473	0.49562	0.06268	0.01771	0.19139	0.04353	0.00198	0.00084	0.30038	0.00079	0.14875	0.05158
0.94415	0.81672	0.001	0.6976	0.50628	0.04134	0.0219	0.2719	0.07832	0.00251	0.00117	0.29904	0.00054	0.14078	0.03366
0.90967	0.76216	0.00032	0.58868	0.46401	0.05152	0.02802	0.1977	0.05305	0.00189	0.00115	0.27535	0.00067	0.13734	0.04306
0.91885	0.81105	0.00086	0.63411	0.53269	0.04972	0.02081	0.21174	0.05152	0.00115	0.00079	0.28866	0.00057	0.12536	0.05093
0.92319	0.7905	0.00066	0.63863	0.53882	0.04785	0.02155	0.21406	0.05575	0.00102	0.00047	0.35799	0.00085	0.12227	0.04418
0.95315	0.7872	0.0006	0.59222	0.48525	0.04802	0.01921	0.2531	0.05186	0.00158	0.00095	0.27798	0.0018	0.15378	0.05508
0.95117	0.81842	0.00082	0.73734	0.49596	0.05504	0.01909	0.25973	0.03768	0.00092	0.00085	0.35871	0.00104	0.15033	0.05109
0.87622	0.73589	0.00155	0.55858	0.46355	0.06601	0.01806	0.19379	0.06216	0.00117	0.00048	0.29529	0.00083	0.11718	0.03723
0.91276	0.79764	0.00099	0.67012	0.47927	0.04588	0.01763	0.23542	0.06088	0.00109	0.00113	0.29411	0.00035	0.1346	0.03676
0.92386	0.77544	0.00091	0.61689	0.44778	0.05454	0.02105	0.23343	0.06783	0.00131	0.0022	0.28872	0.00116	0.13823	0.05907
0.93181	0.78476	0.00068	0.63182	0.53296	0.04901	0.02057	0.21274	0.06991	0.00068	0.00085	0.30805	0.00203	0.13443	0.04937
0.94651	0.82111	0.00057	0.61988	0.54124	0.05498	0.01937	0.26551	0.0838	0.00095	0.00063	0.32657	0.00077	0.14223	0.0572
0.95715	0.79774	0.00107	0.68738	0.53787	0.04042	0.01941	0.24699	0.04922	0.00086	0.00307	0.2804	0.00084	0.14292	0.05142
0.94521	0.79806	0.00079	0.66529	0.52076	0.04769	0.02134	0.25186	0.05766	0.0012	0.00109	0.31296	0.00083	0.14519	0.05987
0.9642	0.80652	0.00057	0.58992	0.42802	0.05184	0.02236	0.21448	0.05752	0.00078	0.0013	0.3133	0.00107	0.17563	0.0669
0.9495	0.79585	0.00102	0.61438	0.49107	0.04502	0.02182	0.20485	0.04309	0.0011	0.00092	0.33694	0.00067	0.15275	0.05943
0.95051	0.80105	0.00052	0.58327	0.49987	0.05202	0.02015	0.22272	0.07786	0.00116	0.00122	0.33488	0.00075	0.15069	0.0535
0.96182	0.75409	0.00124	0.58937	0.41988	0.04669	0.02007	0.23407	0.06429	0.00175	0.00136	0.28087	0.00168	0.16268	0.05368
0.93968	0.8217	0.00052	0.67417	0.43666	0.042	0.02285	0.25064	0.05883	0.00184	0.00248	0.3329	0.00081	0.16798	0.06591
0.94328	0.81289	0.00085	0.66436	0.4328	0.04011	0.02036	0.26037	0.05074	0.00153	0.00165	0.31895	0.00119	0.15903	0.05378
0.95776	0.80808	0.00068	0.70819	0.48206	0.04716	0.02454	0.26886	0.04537	0.00079	0.00141	0.2769	0.00034	0.16276	0.06078
0.95784	0.81396	0.00061	0.68344	0.50841	0.03864	0.02389	0.22829	0.04297	0.00079	0.00086	0.29565	0.0014	0.12191	0.05463
0.94666	0.83869	0.00109	0.73088	0.51985	0.03957	0.02418	0.2638	0.05909	0.00068	0.0008	0.31043	0.00057	0.15524	0.04725
0.96029	0.84626	0.00099	0.76636	0.49391	0.04798	0.02403	0.27586	0.05051	0.00108	0.00347	0.36051	0.00075	0.15963	0.04868
0.9564	0.81678	0.00127	0.74994	0.48548	0.03987	0.02019	0.28419	0.04467	0.0009	0.00953	0.31899	0.00131	0.14458	0.05211
0.95138	0.80024	0.00027	0.57455	0.49157	0.04715	0.02316	0.24564	0.07177	0.00085	0.00549	0.33111	0.00051	0.16108	0.03843
0.90658	0.7569	0.00145	0.49876	0.45868	0.06468	0.02059	0.22214	0.0932	0.0009	0.00326	0.30116	0.00091	0.18619	0.03508
0.94375	0.81431	0.00091	0.62321	0.479	0.05639	0.02142	0.26943	0.07826	0.00135	0.00583	0.33163	0.00113	0.16398	0.05231
0.96487	0.77017	0.00071	0.59937	0.49184	0.05847	0.01952	0.22479	0.05786	0.00151	0.00062	0.32558	0.00087	0.14232	0.04402
0.95477	0.80969	0.00055	0.68042	0.51864	0.04865	0.0206	0.2534	0.06083	0.00047	0.00275	0.30716	0.0005	0.14761	0.04843
0.93743	0.82548	0.00056	0.74334	0.53206	0.05704	0.01964	0.25203	0.06112	0.00072	0.00405	0.34133	0.00086	0.13798	0.04779
0.94959	0.83965	0.00077	0.75908	0.53143	0.05076	0.02467	0.22933	0.07368	0.00078	0.00338	0.33323	0.00121	0.14338	0.04356
0.92633	0.79354	0.00065	0.63127	0.53399	0.04775	0.01808	0.19753	0.06857	0.00076	0.00363	0.31795	0.00074	0.12851	0.04989
0.91723	0.78485	0.00084	0.66091	0.47794	0.04332	0.02088	0.23783	0.05317	0.00396	0.00307	0.31458	0.00117	0.15309	0.05775
0.97002	0.89024	0.00195	0.86821	0.54615	0.04895	0.02505	0.27127	0.04161	0.00114	0.00118	0.34355	0.00166	0.13732	0.04509
0.93893	0.81487	0.00134	0.70104	0.56908	0.05389	0.02437	0.2437	0.04972	0.00131	0.00135	0.3464	0.00173	0.11948	0.04754
0.9306	0.80833	0.00096	0.6911	0.53994	0.05669	0.02117	0.24824	0.0589	0.00063	0.00117	0.35381	0.00125	0.12288	0.04762
0.95996	0.83823	0.00051	0.75636	0.50587	0.05396	0.02115	0.24239	0.05554	0.00086	0.00166	0.33317	0.00133	0.1447	0.05667
0.95011	0.81438	0.0007	0.65641	0.47758	0.05068	0.02368	0.30766	0.06664	0.00127	0.00223	0.32162	0.00104	0.15768	0.0494
0.95198	0.80564	0.00101	0.63046	0.50469	0.05339	0.02035	0.25149	0.06629	0.00078	0.00137	0.3216	0.00061	0.15705	0.05038
0.95188	0.82512	0.00118	0.66414	0.4451	0.04679	0.02172	0.31509	0.06511	0.00084	0.00523	0.31569	0.00127	0.17008	0.04357
0.95167	0.76272	0.00059	0.48692	0.41985	0.07209	0.01877	0.22139	0.09638	0.00109	0.00796	0.28566	0.00112	0.14219	0.05519
0.95492	0.83332	0.00125	0.70146	0.4867	0.0462	0.02263	0.31503	0.06043	0.00067	0.00986	0.3273	0.0006	0.13615	0.06387
0.95627	0.77985	0.00068	0.59119	0.44069	0.05173	0.02055	0.24921	0.08322	0.00079	0.00578	0.29855	0.00064	0.15528	0.04511
0.96512	0.82916	0.00073	0.72132	0.48808	0.04589	0.02173	0.31857	0.07886	0.00118	0.00796	0.30216	0.00048	0.17292	0.05114
0.9679	0.84002	0.00089	0.72132	0.5309	0.05101	0.02133	0.28544	0.04792	0.00057	0.00088	0.29572	0.00084	0.15522	0.04543
0.94679	0.81039	0.00093	0.70582	0.51895	0.04711	0.0251	0.28597	0.07861	0.00101	0.00097	0.32253	0.00078	0.14614	0.04222
0.93924	0.79609	0.00075	0.69711	0.5293	0.04451	0.02095	0.26248	0.06682	0.00083	0.00079	0.31268	0.00095	0.13132	0.04288
0.96756	0.78503	0.0012	0.67494	0.49128	0.04728	0.02664	0.2644	0.06068	0.00304	0.00106	0.32622	0.00078	0.16993	0.04173
0.93666	0.7801	0.00146	0.64105	0.47699	0.04999	0.02557	0.27492	0.08094	0.0037	0.00099	0.28675	0.00106	0.13282	0.0394
0.93452	0.78455	0.0011	0.61714	0.52058	0.05708	0.02205	0.21888	0.06759	0.00083	0.00137	0.3219	0.00205	0.12506	0.04594
0.96336	0.85393	0.00103	0.78915	0.60327	0.0446	0.02114	0.33766	0.05015	0.00073	0.00582	0.3338	0.00049	0.13027	0.04842
0.96812	0.85161	0.00083	0.77735	0.50627	0.06095	0.0198	0.26607	0.0608	0.00058	0.00625	0.35529	0.00091	0.11404	0.05269
0.95545	0.81338	0.00094	0.72178	0.54187	0.04629	0.01984	0.29259	0.07811	0.00057	0.00408	0.29981	0.00213	0.11762	0.04086
0.90905	0.81672	0.0005	0.56824	0.50293	0.05581	0.01958	0.20281	0.09082	0.00065	0.00184	0.31985	0.00141	0.1162	0.04642
0.96924	0.80966	0.00083	0.52812	0.49434	0.05838	0.02063	0.25549	0.09175	0.00075	0.00562	0.32973	0.00146	0.15392	0.04943
0.9491	0.77229	0.0011	0.47716	0.45688	0.0632	0.0224	0.23299	0.11251	0.00128	0.00445	0.28296	0.00108	0.15378	0.04866
0.95101	0.77809	0.00167	0.50269	0.44091	0.06771	0.02286	0.20151	0.1167	0.00118	0.00385	0.29686	0.00056	0.13507	0.05638
0.94556	0.7748	0.00073	0.57414	0.44818	0.05784	0.0184	0.23571	0.07744	0.00072	0.00489	0.32868	0.00102	0.14435	0.06016
0.95054	0.80301	0.00065	0.59421	0.49601	0.05274	0.0218	0.23213	0.07456	0.00118	0.00089	0.338	0.00152	0.13586	0.03979
0.94486	0.80298	0.00111	0.55735	0.49858	0.05523	0.02557	0.23894	0.07859	0.0009	0.00554	0.31438	0.00215	0.14032	0.04541
0.9553	0.8038	0.00115	0.62865	0.47005	0.05574	0.02211	0.21642	0.06745	0.0008	0.0063	0.3139	0.00298	0.14895	0.06226
0.92217	0.77753	0.00068	0.56936	0.45065	0.05835	0.02276	0.2525	0.07598	0.00127	0.00831	0.30713	0.00035	0.14357	0.03044
0.95224	0.84631	0.00214	0.70424	0.5245	0.05558	0.02177	0.26276	0.05388	0.00085	0.00926	0.35026	0.00198	0.14618	0.04611
0.94578	0.84391	0.00139	0.6657	0.55752	0.04929	0.0231	0.21803	0.07434	0.00065	0.00389	0.31869	0.0014	0.13534	0.04763
0.95169	0.81313	0.00062	0.60884	0.51275	0.05098	0.02273	0.23361	0.06705	0.00091	0.00863	0.32976	0.0011	0.17159	0.04991
0.95716	0.83095	0.00089	0.7238	0.51947	0.04381	0.02324	0.25504	0.07091	0.00065	0.00137	0.34791	0.00066	0.14624	0.03675
0.95778	0.84667	0.00117	0.6762	0.53639	0.05132	0.02181	0.2787	0.0624	0.00128	0.01292	0.34353	0.00066	0.15185	0.04506
0.97358	0.84711	0.00112	0.83061	0.5189	0.04377	0.0264	0.26698	0.05448	0.00106	0.00412	0.34572	0.00199	0.13771	0.05669
0.95813	0.85249	0.0008	0.69694	0.49596	0.05515	0.0242	0.30715	0.05844	0.00136	0.00876	0.32585	0.0025	0.1827	0.04603
0.95306	0.84601	0.00088	0.71391	0.5042	0.04034	0.02007	0.26252	0.06962	0.00162	0.0162	0.3415	0.00127	0.14778	0.03799
0.97633	0.8662	0.00038	0.82687	0.49457	0.03661	0.02175	0.29125	0.0632	0.00094	0.00272	0.31243	0.0007	0.15022	0.03539
0.97948	0.86391	0.00052	0.76507	0.49522	0.04442	0.02127	0.28315	0.04429	0.00102	0.00156	0.31878	0.00171	0.18046	0.06272
0.95865	0.8709	0.00057	0.8298	0.48167	0.03684	0.02141	0.28771	0.05234	0.00088	0.01053	0.31473	0.00203	0.14159	0.04041
0.95428	0.85341	0.00075	0.79406	0.55233	0.04565	0.0223	0.29071	0.05435	0.00144	0.00907	0.32366	0.00065	0.13567	0.05801
0.93618	0.83657	0.00112	0.70404	0.52869	0.05185	0.02033	0.26418	0.06258	0.00072	0.00071	0.34583	0.00182	0.14062	0.05274
0.96876	0.87761	0.0007	0.84527	0.53165	0.04203	0.02087	0.27362	0.04889	0.00094	0.00071	0.35165	0.00165	0.14437	0.04747
0.94384	0.83788	0.00053	0.74224	0.52173	0.04369	0.02936	0.30951	0.06785	0.00082	0.00131	0.34267	0.0026	0.15078	0.05276
0.9281	0.83584	0.00041	0.64626	0.47986	0.05048	0.01977	0.28546	0.07675	0.00114	0.00626	0.33977	0.0007	0.12721	0.04559
0.96185	0.84374	0.00204	0.81506	0.52095	0.05022	0.02146	0.28694	0.04724	0.00061	0.00068	0.31428	0.00154	0.14058	0.04881
0.96367	0.86479	0.00061	0.82515	0.49751	0.04877	0.02129	0.27079	0.0495	0.00067	0.0072	0.32589	0.00076	0.14934	0.05486
0.98013	0.89003	0.00165	0.91148	0.55435	0.04488	0.02045	0.26442	0.03762	0.0031	0.00225	0.32207	0.00155	0.13952	0.05377
0.9465	0.85865	0.00081	0.78458	0.5684	0.04991	0.01655	0.27441	0.05751	0.00108	0.0075	0.37854	0.00116	0.12335	0.04888
0.95	0.85688	0.00094	0.74603	0.51482	0.04731	0.02443	0.27048	0.04256	0.00167	0.00332	0.35072	0.00087	0.14214	0.04627
0.96598	0.85645	0.00072	0.8153	0.56875	0.05337	0.02046	0.29521	0.03783	0.00092	0.01445	0.38612	0.00074	0.10588	0.05106
0.9207	0.83606	0.00073	0.74777	0.5171	0.04544	0.0238	0.26767	0.04627	0.00062	0.00459	0.37176	0.00084	0.12933	0.04756
0.97079	0.85375	0.00084	0.71828	0.49516	0.04552	0.02595	0.31362	0.05299	0.00106	0.00226	0.34797	0.00051	0.16413	0.04093
0.95701	0.80125	0.00073	0.65663	0.45805	0.0396	0.02078	0.23501	0.06948	0.00057	0.00573	0.36069	0.00079	0.16769	0.0621
0.96542	0.83828	0.00056	0.7106	0.45819	0.05386	0.02167	0.24873	0.05496	0.00254	0.01876	0.3583	0.00102	0.14263	0.04279
0.94993	0.82742	0.00067	0.6993	0.47359	0.04849	0.01853	0.25276	0.05741	0.00071	0.016	0.37571	0.00136	0.134	0.0416
0.96842	0.84901	0.00095	0.71093	0.44712	0.05181	0.02321	0.28219	0.05381	0.0006	0.01829	0.37854	0.00177	0.14099	0.05847
0.96572	0.84655	0.00069	0.7405	0.45457	0.04086	0.02456	0.2907	0.0465	0.00179	0.00383	0.35725	0.00067	0.144	0.06225
0.95057	0.79589	0.00115	0.68154	0.44289	0.04388	0.02155	0.23445	0.06134	0.00062	0.00214	0.34415	0.00112	0.16339	0.04127
0.92193	0.80485	0.00049	0.64785	0.46314	0.05128	0.02393	0.27208	0.06659	0.00121	0.0078	0.33979	0.00066	0.13331	0.03791
0.94523	0.82741	0.00134	0.6845	0.47237	0.04641	0.02226	0.25957	0.08409	0.00076	0.01667	0.37068	0.0014	0.13785	0.04252
0.92737	0.83006	0.00082	0.64937	0.44833	0.0494	0.02115	0.2605	0.07281	0.0014	0.00967	0.33314	0.00105	0.1413	0.04804
0.9181	0.83775	0.0005	0.67971	0.5095	0.04274	0.02187	0.28499	0.04926	0.0007	0.005	0.34003	0.00063	0.14114	0.04238
0.91384	0.83248	0.00146	0.77231	0.56128	0.04932	0.02497	0.26116	0.06507	0.00094	0.01237	0.33113	0.00054	0.13742	0.04522
0.93726	0.85404	0.00026	0.81089	0.56509	0.04315	0.02236	0.30965	0.05832	0.00058	0.0064	0.36515	0.00081	0.13251	0.05027
0.93594	0.85764	0.00106	0.82631	0.56696	0.04752	0.02208	0.27508	0.04528	0.00109	0.00633	0.35786	0.00066	0.13069	0.04927
0.92557	0.85565	0.00115	0.68183	0.51631	0.05414	0.02108	0.27838	0.08466	0.00078	0.01899	0.38446	0.00056	0.1524	0.06188
0.93794	0.84357	0.00062	0.79777	0.50576	0.04324	0.02395	0.29503	0.0462	0.0018	0.01014	0.34093	0.00075	0.13406	0.04632
0.93974	0.84006	0.00091	0.77604	0.54081	0.0488	0.02133	0.27348	0.05087	0.00098	0.00272	0.3615	0.0014	0.11951	0.04125
0.94383	0.842	0.00081	0.75157	0.50178	0.04081	0.02056	0.31596	0.06659	0.00056	0.0036	0.37686	0.00133	0.15939	0.06226
0.93314	0.81366	0.00032	0.73467	0.46783	0.05277	0.01969	0.27588	0.05831	0.00135	0.00541	0.33084	0.00071	0.1399	0.04379
0.92987	0.79311	0.00125	0.67201	0.50428	0.05458	0.02242	0.26712	0.06983	0.00124	0.00317	0.31926	0.00099	0.12194	0.04865
0.93407	0.84446	0.00217	0.7882	0.5173	0.04255	0.02264	0.32721	0.06021	0.00136	0.00304	0.31541	0.00179	0.12784	0.03816
0.92864	0.81281	0.00082	0.78016	0.49864	0.04858	0.02	0.26113	0.05324	0.00095	0.0035	0.35069	0.00171	0.13311	0.04258
0.95455	0.83624	0.00135	0.84028	0.50424	0.037	0.01706	0.28188	0.0494	0.00077	0.00344	0.35817	0.00085	0.12691	0.04536
0.94972	0.81111	0.00152	0.81041	0.52113	0.04497	0.02383	0.31682	0.04898	0.00137	0.00098	0.35541	0.00145	0.13587	0.05133
0.92159	0.80038	0.00102	0.70767	0.46394	0.05891	0.02544	0.26735	0.06585	0.00061	0.0007	0.31167	0.00103	0.14061	0.03958
0.94945	0.83719	0.00128	0.82099	0.50975	0.03908	0.02059	0.28978	0.06323	0.00058	0.001	0.33142	0.00075	0.138	0.04185
0.91362	0.75229	0.00084	0.61162	0.47093	0.04657	0.02341	0.25562	0.07211	0.00129	0.00048	0.3247	0.00136	0.1327	0.03077
0.92946	0.76093	0.00083	0.68829	0.47729	0.05098	0.02056	0.22667	0.06989	0.00083	0.00081	0.33494	0.00084	0.1442	0.04286
0.93596	0.80716	0.00103	0.76597	0.55469	0.04812	0.02744	0.31292	0.07333	0.00143	0.003	0.31843	0.00092	0.13247	0.04578
0.93409	0.79565	0.00106	0.64236	0.5171	0.05423	0.02026	0.25435	0.05574	0.00079	0.00064	0.3404	0.00096	0.14698	0.0643
0.9388	0.8253	0.00103	0.77708	0.53595	0.0422	0.02246	0.28433	0.05069	0.00129	0.00098	0.3315	0.00078	0.14919	0.05369
0.96293	0.8355	0.00055	0.80993	0.4596	0.04115	0.01785	0.34738	0.05837	0.00069	0.00326	0.32066	0.00109	0.14683	0.05247
0.94546	0.84209	0.00188	0.8093	0.44557	0.04107	0.01693	0.2988	0.06269	0.00126	0.00354	0.31011	0.00078	0.16379	0.04273
0.94444	0.84723	0.00106	0.79624	0.49273	0.04234	0.02579	0.34637	0.07279	0.00163	0.00119	0.32798	0.00071	0.15572	0.04823
0.94367	0.81593	0.00078	0.77226	0.52477	0.04728	0.02479	0.24641	0.05371	0.00079	0.00392	0.35127	0.00134	0.13582	0.04856
0.94528	0.83719	0.00082	0.78031	0.45667	0.04702	0.02375	0.33451	0.092	0.00066	0.00412	0.36439	0.00106	0.17131	0.0684
0.96023	0.83948	0.00086	0.75124	0.48655	0.06003	0.02497	0.31642	0.04509	0.00358	0.01071	0.38354	0.00077	0.1483	0.04223
0.94083	0.81713	0.00078	0.70625	0.57758	0.04673	0.02302	0.32117	0.06174	0.00159	0.00378	0.36057	0.0005	0.14466	0.05086
0.96507	0.82667	0.00215	0.68336	0.51879	0.04717	0.02119	0.28453	0.05847	0.0008	0.00099	0.34154	0.00492	0.14091	0.04995
0.94998	0.83875	0.00085	0.71484	0.51532	0.04762	0.02695	0.3014	0.05294	0.00183	0.00294	0.3549	0.00117	0.14904	0.03986
0.94679	0.82557	0.00061	0.68612	0.51389	0.04905	0.02431	0.30222	0.05777	0.00202	0.00112	0.29367	0.00163	0.15273	0.05709
0.97337	0.87309	0.00041	0.82828	0.54187	0.04398	0.02449	0.31586	0.04861	0.00078	0.00161	0.36493	0.00086	0.16176	0.05216
0.92434	0.82122	0.00069	0.69463	0.56821	0.05228	0.01993	0.24653	0.04384	0.00145	0.00077	0.36407	0.00166	0.13345	0.03643
0.94735	0.85585	0.00071	0.70985	0.56066	0.05651	0.02232	0.27772	0.05125	0.00073	0.00088	0.3651	0.0011	0.15181	0.04224
0.93916	0.83955	0.00077	0.74802	0.56107	0.05264	0.02524	0.31018	0.0507	0.00085	0.0024	0.36478	0.00155	0.13813	0.05618
0.94909	0.84011	0.00127	0.75629	0.59594	0.04529	0.02241	0.24049	0.05016	0.0021	0.00264	0.34354	0.00103	0.14549	0.04102
0.95083	0.83918	0.0012	0.73691	0.50023	0.05294	0.01933	0.26672	0.04837	0.00115	0.00129	0.34033	0.0006	0.167	0.05424
0.92381	0.81324	0.00069	0.67463	0.52501	0.04775	0.02302	0.25056	0.08618	0.00113	0.00327	0.3683	0.00155	0.13159	0.04699
0.93401	0.82008	0.00156	0.62276	0.50343	0.05136	0.01837	0.24474	0.0581	0.0009	0.00611	0.34488	0.00142	0.14065	0.05591
0.92466	0.83663	0.00091	0.75856	0.53576	0.04542	0.01931	0.25959	0.05411	0.00085	0.00706	0.34886	0.00148	0.14923	0.0529
0.95907	0.81953	0.00096	0.70089	0.51704	0.04571	0.02412	0.29809	0.04222	0.00081	0.00233	0.32948	0.00073	0.15683	0.05811
0.94168	0.79646	0.00073	0.67977	0.56231	0.04588	0.02099	0.27886	0.03499	0.00053	0.00034	0.32382	0.00099	0.13531	0.05023
0.92334	0.79564	0.00078	0.66515	0.50912	0.05169	0.02132	0.2625	0.05297	0.00055	0.00098	0.30195	0.00093	0.14286	0.04526
0.94764	0.83488	0.00099	0.69302	0.48945	0.04684	0.01955	0.2466	0.04337	0.0009	0.00125	0.33524	0.00141	0.15505	0.04427
0.92544	0.8234	0.00077	0.69036	0.47099	0.04859	0.01907	0.29006	0.06058	0.00151	0.00129	0.37368	0.00109	0.15083	0.03943
0.95156	0.85472	0.00047	0.73544	0.50083	0.04837	0.02629	0.31882	0.06676	0.00065	0.00574	0.3761	0.00221	0.16074	0.03302
0.96888	0.86448	0.00076	0.87796	0.53881	0.04423	0.02216	0.31653	0.0288	0.00111	0.00192	0.329	0.00081	0.15529	0.04194
0.95318	0.84242	0.00094	0.81011	0.5734	0.04483	0.02363	0.27453	0.05057	0.00058	0.0021	0.3514	0.00092	0.14368	0.0518
0.95523	0.83784	0.00105	0.7878	0.53132	0.05758	0.02185	0.27022	0.03849	0.00067	0.00185	0.32463	0.0012	0.15472	0.03367
0.95656	0.81467	0.00066	0.7155	0.53954	0.05148	0.02401	0.25057	0.05141	0.00141	0.00075	0.31749	0.00047	0.14646	0.03615
