mass_1	mass_2	phase	time	distance	a_1	a_2	tilt_1	tilt_2	phi_12	phi_jl	theta_jn	psi	ra	dec
0.70935	0.61466	0.04097	0.82983	0.27033	0.05343	0.04778	0.05558	0.01668	0.04478	0.14836	0.22474	0.04984	0.91378	0.69206
0.61191	0.61693	0.03664	0.88178	0.25405	0.04335	0.04672	0.04388	0.01637	0.04554	0.15474	0.185	0.04305	0.94837	0.68524
0.48512	0.63463	0.0256	0.88891	0.33262	0.04067	0.0385	0.02851	0.02038	0.04183	0.13262	0.15458	0.0305	0.87396	0.69734
0.52559	0.70182	0.01747	0.91723	0.25684	0.03522	0.03246	0.03089	0.01805	0.04192	0.10361	0.26982	0.01702	0.88572	0.68489
0.56219	0.76792	0.00615	0.76451	0.30665	0.03261	0.02775	0.0334	0.0174	0.03407	0.10332	0.20411	0.01041	0.91473	0.69956
0.53406	0.5597	0.00816	0.82171	0.27426	0.01951	0.01973	0.02949	0.01811	0.02608	0.09642	0.24146	0.00987	0.86907	0.71644
0.55645	0.6059	0.00553	0.8987	0.25788	0.01473	0.02376	0.03808	0.01354	0.01934	0.08766	0.24376	0.00842	0.836	0.71241
0.56272	0.76207	0.00581	0.88022	0.38191	0.016	0.01993	0.03276	0.01807	0.01788	0.07495	0.17026	0.00639	0.84482	0.71911
0.53146	0.68886	0.0048	0.83992	0.29788	0.01147	0.01228	0.0352	0.01902	0.00959	0.10097	0.16479	0.00603	0.82389	0.69854
0.57037	0.78577	0.0051	0.91207	0.39323	0.00961	0.01192	0.0261	0.02049	0.0088	0.08229	0.15061	0.00564	0.86676	0.72054
0.45826	0.80896	0.00378	0.90656	0.44808	0.00915	0.00852	0.03218	0.01403	0.01054	0.07657	0.14349	0.00751	0.84315	0.73985
0.47868	0.73781	0.0028	0.82697	0.35287	0.01076	0.00884	0.03212	0.01998	0.00956	0.0861	0.15995	0.00684	0.87342	0.70859
0.5258	0.71213	0.004	0.78343	0.28755	0.01596	0.01554	0.02982	0.0184	0.00583	0.08747	0.16503	0.00773	0.9197	0.7311
0.54041	0.73189	0.00278	0.78521	0.4299	0.01093	0.01049	0.03156	0.01941	0.00571	0.08604	0.14899	0.00627	0.89028	0.72072
0.52273	0.75981	0.00483	0.74716	0.33537	0.01326	0.01193	0.03142	0.01559	0.00792	0.10038	0.15471	0.00527	0.9328	0.71466
0.56492	0.53804	0.00351	0.83303	0.32106	0.0103	0.01051	0.03804	0.01793	0.00711	0.07209	0.18895	0.00551	0.93823	0.732
0.49316	0.77881	0.00475	0.78587	0.37846	0.01453	0.01095	0.03339	0.02136	0.00662	0.07835	0.16268	0.01092	0.91303	0.71853
0.51504	0.52749	0.00273	0.88797	0.38463	0.01899	0.00789	0.0254	0.01934	0.00667	0.08286	0.26299	0.00563	0.9212	0.72297
0.51527	0.68859	0.00192	0.81434	0.43584	0.01838	0.01044	0.02688	0.01551	0.00387	0.08807	0.22239	0.00424	0.90628	0.71413
0.53571	0.75459	0.00491	0.77136	0.44941	0.01603	0.00921	0.0353	0.01559	0.00519	0.08282	0.1742	0.00677	0.90065	0.72225
0.53231	0.71486	0.0017	0.73236	0.36725	0.01345	0.00933	0.03493	0.01759	0.00566	0.05967	0.20883	0.00594	0.93388	0.71381
0.55515	0.64353	0.00211	0.83213	0.41617	0.01363	0.00875	0.0378	0.01445	0.00365	0.06881	0.19876	0.0049	0.92622	0.73831
0.5867	0.7788	0.00318	0.80973	0.36544	0.00917	0.00979	0.03657	0.02237	0.00321	0.0837	0.16687	0.00428	0.89386	0.71691
0.54556	0.73695	0.00185	0.81523	0.444	0.01389	0.00777	0.03392	0.01257	0.00418	0.08089	0.19411	0.00702	0.89632	0.71508
0.5803	0.6767	0.0004	0.89433	0.38457	0.01034	0.01329	0.0285	0.0142	0.00432	0.09522	0.19134	0.00674	0.91307	0.73809
0.56453	0.58249	0.00236	0.85532	0.30653	0.00648	0.00897	0.02856	0.01583	0.00419	0.07664	0.15324	0.00589	0.90433	0.73872
0.5618	0.56603	0.00176	0.97243	0.29615	0.00651	0.0075	0.0307	0.01254	0.002	0.09507	0.22736	0.00533	0.91104	0.75285
0.63075	0.59157	0.00211	0.95027	0.29147	0.01377	0.01022	0.03037	0.01431	0.00349	0.06873	0.20007	0.00485	0.90371	0.73807
0.53186	0.66677	0.00108	0.85872	0.36669	0.018	0.00911	0.03057	0.01369	0.00373	0.08385	0.18507	0.00739	0.92469	0.74426
0.66379	0.55218	0.00147	0.87674	0.24865	0.02934	0.01064	0.03139	0.0154	0.00486	0.07351	0.27151	0.00702	0.92387	0.72088
0.55834	0.68427	0.00106	0.8849	0.33919	0.02388	0.01233	0.03426	0.01496	0.0023	0.09708	0.20151	0.00401	0.92633	0.73363
0.52892	0.61501	0.00029	0.81635	0.26977	0.01282	0.00538	0.03139	0.0145	0.00473	0.0544	0.17376	0.00483	0.92168	0.72598
0.52628	0.64885	0.00197	0.88349	0.29538	0.00965	0.00442	0.03825	0.01242	0.00415	0.07618	0.21136	0.00631	0.90482	0.71904
0.55137	0.68905	0.00117	0.87058	0.34055	0.01115	0.00776	0.03416	0.01727	0.00531	0.08064	0.22802	0.00663	0.903	0.72312
0.57256	0.71802	0.00115	0.91594	0.32054	0.01143	0.00672	0.03658	0.01922	0.00341	0.05864	0.19508	0.00612	0.90818	0.73275
0.57948	0.57882	0.00173	0.85733	0.27837	0.03102	0.00866	0.02808	0.01149	0.00348	0.0574	0.23299	0.00456	0.89283	0.72671
0.6124	0.76391	0.00027	0.86443	0.36306	0.01368	0.00499	0.02986	0.01696	0.00423	0.03929	0.17539	0.00496	0.89508	0.71218
0.50461	0.60705	0.00298	0.77778	0.28555	0.02672	0.00554	0.03148	0.01485	0.00409	0.05253	0.23341	0.00644	0.93052	0.71277
0.55156	0.63712	0.00124	0.78227	0.28112	0.00603	0.00791	0.02922	0.01403	0.00168	0.0479	0.18277	0.00851	0.93963	0.71459
0.53391	0.60196	0.00052	0.81929	0.30674	0.01235	0.00489	0.03379	0.01464	0.00362	0.07975	0.18501	0.00709	0.95116	0.72234
0.56305	0.6096	0.00126	0.88909	0.29769	0.01008	0.00705	0.02605	0.01329	0.00102	0.06758	0.23573	0.0056	0.91978	0.7305
0.53672	0.67492	0.00049	0.8417	0.35046	0.01462	0.00498	0.03126	0.01764	0.00453	0.06465	0.21744	0.00579	0.92325	0.70853
0.56731	0.7251	0.00075	0.84787	0.32804	0.01276	0.00723	0.03233	0.0151	0.00281	0.06289	0.16591	0.00628	0.92048	0.7105
0.54166	0.70615	0.0008	0.8377	0.27994	0.02949	0.0123	0.03308	0.01957	0.00322	0.06757	0.20177	0.00488	0.92281	0.71189
0.58503	0.69589	0.0009	0.85056	0.30073	0.01567	0.00516	0.02447	0.01893	0.00087	0.05667	0.17686	0.0084	0.94055	0.71979
0.53513	0.62538	0.00145	0.85482	0.28501	0.02273	0.00611	0.03438	0.01798	0.00259	0.05594	0.25056	0.0074	0.93673	0.68859
0.60252	0.68643	0.00059	0.78546	0.34709	0.02219	0.00694	0.028	0.01912	0.00371	0.05806	0.22582	0.00733	0.91686	0.69853
0.55308	0.66067	0.00138	0.84423	0.27399	0.02501	0.00717	0.03135	0.02184	0.00487	0.04446	0.22416	0.00807	0.91363	0.70364
0.62968	0.56419	0.00089	0.87466	0.19973	0.01423	0.00349	0.02727	0.01378	0.00089	0.06449	0.25452	0.0056	0.93666	0.70664
0.58354	0.57764	0.00127	0.82066	0.23719	0.01697	0.00709	0.02806	0.02452	0.00405	0.06046	0.21204	0.00656	0.95148	0.72261
0.61717	0.56488	0.00097	0.82155	0.22089	0.01036	0.00461	0.0332	0.01951	0.00097	0.07104	0.2643	0.00714	0.93402	0.69517
0.57435	0.61176	0.00063	0.83924	0.20474	0.00927	0.00828	0.04988	0.01561	0.00414	0.08011	0.23979	0.00439	0.91598	0.68597
0.5454	0.68356	0.00145	0.89291	0.30232	0.01731	0.01201	0.02597	0.02342	0.00457	0.05434	0.23788	0.00648	0.95517	0.69436
0.57602	0.63461	0.00057	0.90058	0.32005	0.01014	0.01313	0.0387	0.01171	0.00413	0.04498	0.24659	0.00406	0.91466	0.72158
0.60604	0.80431	0.00066	0.84916	0.36618	0.00584	0.00362	0.03465	0.0141	0.00441	0.05589	0.2074	0.00606	0.89248	0.7151
0.5525	0.60699	0.00084	0.81411	0.21898	0.00309	0.00689	0.03925	0.01931	0.00152	0.06086	0.25152	0.0045	0.90984	0.69182
0.53436	0.65186	0.0007	0.80102	0.26261	0.00495	0.00805	0.03581	0.01848	0.00391	0.04406	0.2989	0.00526	0.91678	0.67499
0.52316	0.6209	0.00119	0.84263	0.27207	0.0048	0.00685	0.03117	0.01784	0.00384	0.03869	0.23158	0.00474	0.9418	0.66977
0.54098	0.62998	0.00088	0.83741	0.22555	0.01303	0.00792	0.02996	0.01416	0.00129	0.068	0.25877	0.00602	0.93706	0.66951
0.56214	0.61409	0.00174	0.7993	0.20852	0.00673	0.00541	0.04403	0.01855	0.0007	0.06515	0.28793	0.00515	0.93127	0.67484
0.53084	0.59672	0.00088	0.89206	0.2461	0.00801	0.00762	0.04723	0.01108	0.00298	0.05529	0.24722	0.00403	0.93079	0.6464
0.54454	0.58575	0.00087	0.86072	0.19972	0.00684	0.0095	0.0225	0.01108	0.00063	0.0572	0.26695	0.00512	0.91699	0.69476
0.63615	0.55994	0.00051	0.89192	0.19473	0.0083	0.00774	0.03059	0.01657	0.00314	0.04062	0.33503	0.00604	0.91718	0.68682
0.54817	0.6589	0.0006	0.83494	0.25269	0.00383	0.00623	0.04898	0.01858	0.00364	0.0539	0.22764	0.00469	0.95899	0.69872
0.57679	0.59917	0.00091	0.8445	0.2163	0.01867	0.00998	0.04501	0.01299	0.00055	0.0541	0.3552	0.00447	0.91304	0.67014
0.64072	0.61365	0.00114	0.87531	0.22304	0.01887	0.01259	0.03342	0.01435	0.00085	0.06603	0.35146	0.00448	0.91955	0.67338
0.68963	0.59892	0.0014	0.89621	0.19256	0.00729	0.00474	0.03721	0.01332	0.00097	0.04565	0.36834	0.00658	0.9388	0.66628
0.66544	0.6189	0.00054	0.84596	0.23641	0.02439	0.00885	0.0272	0.0176	0.00287	0.0756	0.34213	0.00448	0.94469	0.70181
0.54339	0.64747	0.00051	0.85579	0.23888	0.02901	0.00619	0.02695	0.01307	0.00118	0.0248	0.28046	0.00637	0.92425	0.66444
0.6525	0.62878	0.00078	0.8069	0.20656	0.01839	0.00991	0.03351	0.01492	0.00436	0.04178	0.34941	0.00405	0.91875	0.65522
0.67099	0.60502	0.00114	0.88143	0.16238	0.0035	0.00561	0.03368	0.01503	0.00334	0.04679	0.31971	0.00528	0.96725	0.648
0.69397	0.57676	0.00135	0.89051	0.20821	0.00622	0.00609	0.03727	0.01419	0.00358	0.05373	0.28611	0.00713	0.91903	0.65988
0.62476	0.59034	0.00064	0.86857	0.19995	0.01624	0.00848	0.02399	0.01341	0.00277	0.078	0.32097	0.00334	0.93659	0.69265
0.65399	0.59466	0.00122	0.87026	0.19829	0.0108	0.0092	0.02556	0.01338	0.00093	0.06519	0.27692	0.00655	0.93822	0.74062
0.73807	0.59668	0.00111	0.94785	0.19689	0.01942	0.00773	0.02684	0.01154	0.00434	0.07043	0.33437	0.00605	0.96921	0.73095
0.71877	0.63512	0.0009	0.82508	0.21273	0.00688	0.00856	0.05717	0.01888	0.00166	0.07083	0.3298	0.00473	0.95558	0.77037
0.71853	0.57204	0.00068	0.84669	0.19682	0.02111	0.01224	0.05005	0.01252	0.00125	0.0658	0.30919	0.00554	0.93475	0.76462
0.65989	0.58388	0.00082	0.85812	0.20355	0.00638	0.00987	0.0469	0.01678	0.00427	0.03793	0.36574	0.00462	0.93356	0.68459
0.72351	0.65066	0.00076	0.88833	0.20264	0.01344	0.0107	0.04737	0.01468	0.00228	0.0647	0.34876	0.00285	0.92827	0.77305
0.63868	0.61093	0.00046	0.88769	0.2171	0.02052	0.01205	0.04705	0.00999	0.00419	0.06295	0.30177	0.00568	0.94358	0.72783
0.65517	0.60898	0.00113	0.84431	0.21748	0.01945	0.00824	0.04154	0.01523	0.00088	0.08016	0.31645	0.00617	0.91336	0.74027
0.70231	0.60043	0.00076	0.86247	0.21101	0.01629	0.00535	0.04203	0.01693	0.0037	0.07374	0.3095	0.00469	0.9291	0.74955
0.68998	0.61584	0.00135	0.84677	0.16778	0.01955	0.00817	0.03876	0.01024	0.00037	0.08901	0.33515	0.00694	0.94031	0.68633
0.66221	0.61201	0.00085	0.85073	0.1924	0.01961	0.00993	0.03076	0.01552	0.0009	0.06436	0.28511	0.00699	0.92257	0.73194
0.63601	0.57153	0.00079	0.88878	0.23615	0.01872	0.01121	0.03667	0.01278	0.00277	0.08567	0.21708	0.00527	0.97517	0.85061
0.7369	0.63839	0.00139	0.90735	0.19888	0.01298	0.0092	0.05474	0.02139	0.00181	0.13155	0.27704	0.00298	0.9527	0.77995
0.69066	0.60222	0.00113	0.88304	0.20332	0.01132	0.00467	0.03614	0.01455	0.00437	0.06688	0.29686	0.00528	0.95558	0.77837
0.69445	0.62297	0.00157	0.83714	0.18631	0.01251	0.00549	0.03766	0.02316	0.00282	0.07278	0.31624	0.00425	0.94335	0.76987
0.64372	0.622	0.00088	0.85089	0.19308	0.02122	0.00912	0.03135	0.01901	0.00054	0.06225	0.27766	0.00388	0.93915	0.78237
0.6589	0.59693	0.00074	0.92667	0.21282	0.00558	0.00628	0.03913	0.0169	0.00379	0.09141	0.3212	0.00483	0.92677	0.77161
0.64739	0.60113	0.00341	0.89786	0.22134	0.02642	0.00535	0.0296	0.01415	0.00111	0.06218	0.33019	0.00595	0.94126	0.75364
0.6274	0.60472	0.00076	0.87112	0.24558	0.01131	0.00465	0.04039	0.01594	0.00101	0.05355	0.25973	0.00552	0.95731	0.76253
0.58615	0.64628	0.00101	0.86463	0.236	0.0038	0.00735	0.04347	0.0099	0.00317	0.0572	0.26714	0.00486	0.97397	0.75061
0.66044	0.61458	0.00075	0.87792	0.20488	0.01963	0.0111	0.02847	0.01416	0.0041	0.07566	0.31072	0.00496	0.95056	0.78529
0.66307	0.61695	0.00084	0.87838	0.26958	0.01456	0.00772	0.04638	0.01269	0.00176	0.07912	0.24	0.00609	0.96889	0.82281
0.77961	0.64996	0.00211	0.89855	0.19994	0.01568	0.00482	0.03915	0.01541	0.00527	0.07866	0.29852	0.00422	0.96312	0.79624
0.75683	0.66616	0.00113	0.87915	0.20785	0.01592	0.00762	0.06164	0.01646	0.00088	0.07252	0.32843	0.00397	0.9327	0.8353
0.71152	0.63169	0.00066	0.83294	0.21382	0.01138	0.00761	0.06219	0.01938	0.00211	0.06752	0.32113	0.00528	0.9742	0.7954
0.7234	0.62027	0.00115	0.86425	0.19095	0.01023	0.00547	0.0473	0.01974	0.00343	0.08524	0.307	0.00564	0.94309	0.78889
0.71538	0.61705	0.00113	0.85517	0.19311	0.0039	0.00722	0.07668	0.02244	0.00146	0.11212	0.27191	0.00704	0.96518	0.83728
0.72854	0.62115	0.00073	0.89639	0.2024	0.00871	0.0038	0.06139	0.02113	0.00103	0.08927	0.28841	0.00477	0.94979	0.78904
0.67718	0.63341	0.00054	0.87744	0.24883	0.00675	0.00331	0.0541	0.02174	0.00101	0.11535	0.32956	0.00373	0.93961	0.76762
0.68595	0.5854	0.00074	0.92943	0.18582	0.01041	0.00615	0.04027	0.01469	0.00117	0.0698	0.33269	0.00586	0.96233	0.77217
0.65243	0.57586	0.00076	0.8881	0.19522	0.01363	0.00524	0.04011	0.01596	0.00101	0.06458	0.32823	0.00442	0.93061	0.77964
0.67422	0.61271	0.00081	0.91693	0.21201	0.01219	0.00319	0.04875	0.02297	0.00413	0.05977	0.30711	0.00452	0.93004	0.8316
0.65882	0.59841	0.00217	0.90853	0.18564	0.00218	0.0071	0.04331	0.00948	0.00061	0.09738	0.28068	0.00514	0.96706	0.80613
0.70401	0.61264	0.00056	0.92816	0.2106	0.01706	0.00576	0.04517	0.01218	0.00444	0.06524	0.33023	0.00392	0.93086	0.83024
0.70606	0.56622	0.00056	0.9655	0.18948	0.01521	0.00779	0.0405	0.00813	0.00159	0.06732	0.26183	0.0052	0.95126	0.84066
0.73319	0.58814	0.00035	0.96433	0.1847	0.01764	0.00655	0.0281	0.01449	0.00395	0.08992	0.27245	0.00748	0.96562	0.84842
0.59708	0.59019	0.00123	0.97122	0.2086	0.02075	0.00146	0.02894	0.00952	0.00097	0.05747	0.30973	0.0057	0.88302	0.74605
0.62584	0.58109	0.00128	0.95468	0.21168	0.01761	0.00561	0.02868	0.01457	0.00105	0.04882	0.32982	0.00344	0.91895	0.76467
0.60789	0.58021	0.00053	0.93512	0.24283	0.02977	0.00678	0.02819	0.00926	0.00082	0.08761	0.34732	0.00469	0.93984	0.7693
0.61478	0.6012	0.00063	0.95221	0.21997	0.01256	0.00363	0.03678	0.01623	0.00175	0.06193	0.29422	0.00388	0.92982	0.79136
0.65766	0.63293	0.00149	0.90946	0.24003	0.01655	0.00658	0.04061	0.01181	0.0016	0.06071	0.32263	0.00632	0.93313	0.77684
0.67635	0.60513	0.00105	0.95942	0.19242	0.01448	0.00382	0.039	0.01404	0.00474	0.07206	0.3691	0.00572	0.94102	0.74032
0.68918	0.60051	0.00056	0.91696	0.20097	0.00943	0.0068	0.04201	0.01044	0.00422	0.06453	0.28623	0.0039	0.99153	0.82407
0.62006	0.5899	0.00138	0.95397	0.21267	0.01746	0.00831	0.03459	0.01228	0.00138	0.03346	0.29837	0.0059	0.93962	0.80164
0.64348	0.58904	0.00073	0.96893	0.19971	0.00329	0.00504	0.03229	0.01002	0.00135	0.04741	0.30189	0.00332	0.95739	0.78598
0.62811	0.646	0.0003	0.87631	0.23312	0.01568	0.0107	0.02989	0.00767	0.00428	0.03468	0.28592	0.00526	0.91911	0.78316
0.64252	0.58279	0.00117	0.90773	0.17172	0.00384	0.00287	0.04796	0.00985	0.00416	0.09945	0.2798	0.00486	0.95894	0.78927
0.60104	0.62721	0.00104	0.92413	0.30352	0.00427	0.00226	0.04394	0.01337	0.00313	0.09254	0.31278	0.00486	0.94953	0.74037
0.71709	0.62006	0.00065	0.92608	0.1944	0.0033	0.00353	0.05282	0.01923	0.00103	0.14609	0.3327	0.00521	0.92833	0.85183
0.71192	0.60501	0.00147	0.94413	0.22893	0.01881	0.00362	0.03453	0.01599	0.00155	0.07141	0.42095	0.00689	0.92645	0.81992
0.65197	0.60273	0.00171	0.95084	0.22636	0.00909	0.00879	0.05242	0.01306	0.00123	0.06567	0.28893	0.00401	0.94162	0.84265
0.67862	0.62955	0.00033	0.91287	0.18512	0.00236	0.0021	0.05815	0.01153	0.00318	0.09441	0.33052	0.00496	0.89486	0.82171
0.72996	0.61466	0.00128	0.90225	0.17931	0.02326	0.00386	0.04099	0.01881	0.00111	0.06696	0.32162	0.00591	0.93513	0.79757
0.68517	0.61036	0.0009	0.91448	0.19559	0.0071	0.00514	0.04577	0.01326	0.00389	0.0732	0.28918	0.00596	0.93421	0.82679
0.6784	0.62569	0.00133	0.92566	0.19737	0.02595	0.00524	0.05304	0.01603	0.00143	0.05737	0.31682	0.00565	0.937	0.79693
0.61626	0.63072	0.00135	0.9066	0.25027	0.02505	0.00618	0.04382	0.0143	0.001	0.05397	0.28408	0.0031	0.9287	0.76242
0.60062	0.60745	0.0011	0.92052	0.20893	0.00838	0.0027	0.0386	0.01051	0.00077	0.07244	0.3245	0.00846	0.92293	0.67719
0.66567	0.61858	0.00119	0.93038	0.19491	0.00831	0.00381	0.05546	0.01855	0.0031	0.05221	0.2573	0.00391	0.90352	0.77677
0.63049	0.62748	0.00053	0.89874	0.22152	0.01156	0.00479	0.06209	0.01504	0.00054	0.07944	0.36247	0.00493	0.90173	0.69373
0.67162	0.60424	0.00118	0.90585	0.19036	0.02604	0.00486	0.04583	0.00933	0.00099	0.05493	0.39517	0.00562	0.89385	0.70364
0.63926	0.59105	0.00128	0.92464	0.18818	0.01432	0.00355	0.03484	0.01078	0.00342	0.06538	0.31173	0.00429	0.87526	0.70451
0.63074	0.60327	0.00119	0.92451	0.20615	0.02993	0.00464	0.02818	0.00843	0.00082	0.03587	0.3338	0.00464	0.88392	0.70772
0.6477	0.58685	0.00166	0.95556	0.20647	0.02499	0.00488	0.01945	0.01178	0.00119	0.07054	0.3326	0.00394	0.91952	0.74353
0.66562	0.61371	0.00064	0.93652	0.22151	0.00556	0.00901	0.04992	0.01252	0.00128	0.03376	0.32418	0.00647	0.94605	0.74313
0.63112	0.61999	0.00123	0.89475	0.19684	0.0103	0.00502	0.04305	0.0136	0.00065	0.05913	0.30677	0.00669	0.90048	0.67048
0.71019	0.59949	0.0008	0.8446	0.2134	0.00631	0.00225	0.04919	0.01738	0.00127	0.09679	0.31634	0.00622	0.92948	0.76049
0.68826	0.63366	0.00059	0.82042	0.21603	0.00532	0.00336	0.04985	0.0204	0.00053	0.08005	0.30701	0.00765	0.91676	0.74505
0.63541	0.62492	0.00145	0.91202	0.20824	0.01852	0.00238	0.03289	0.01156	0.00067	0.04868	0.37737	0.00529	0.86459	0.70462
0.58452	0.64675	0.00108	0.89753	0.2237	0.00745	0.00373	0.05922	0.01983	0.00082	0.0513	0.2905	0.00407	0.88136	0.72629
0.71462	0.64009	0.00177	0.88063	0.18875	0.01093	0.00528	0.08747	0.02116	0.0012	0.07293	0.34103	0.00604	0.92953	0.70033
0.70783	0.63964	0.00086	0.83822	0.19134	0.00708	0.00228	0.0827	0.01989	0.00056	0.0842	0.37029	0.00468	0.90485	0.67829
0.71151	0.66124	0.00073	0.88218	0.20051	0.0138	0.00962	0.06197	0.02673	0.0015	0.06174	0.37487	0.00513	0.90472	0.64243
0.68012	0.64444	0.00151	0.88937	0.19972	0.01631	0.00637	0.0763	0.01835	0.00061	0.07732	0.35083	0.00614	0.84316	0.62931
0.63534	0.62306	0.00162	0.87906	0.19361	0.00711	0.00606	0.04534	0.01479	0.00098	0.06951	0.32918	0.00748	0.8805	0.65166
0.63505	0.61712	0.00051	0.89356	0.20814	0.0046	0.00481	0.06961	0.01295	0.0039	0.04762	0.30126	0.00612	0.90712	0.78798
0.63987	0.62685	0.00044	0.88431	0.17508	0.00956	0.00626	0.04759	0.01446	0.00296	0.0521	0.321	0.00656	0.93116	0.77362
0.53125	0.6298	0.00068	0.929	0.2191	0.01012	0.00513	0.04008	0.01099	0.00079	0.04609	0.30768	0.00767	0.87937	0.70725
0.67529	0.61967	0.00104	0.86587	0.18651	0.00656	0.00336	0.05033	0.01329	0.00094	0.0684	0.35223	0.00727	0.85353	0.71427
0.64172	0.61173	0.00132	0.89168	0.18865	0.00538	0.00491	0.07024	0.01299	0.00342	0.06568	0.31568	0.00526	0.87248	0.77952
0.66694	0.59669	0.00098	0.90046	0.17029	0.02311	0.00681	0.04528	0.00801	0.00125	0.05461	0.31842	0.00628	0.90407	0.79729
0.71902	0.61908	0.00065	0.92756	0.18053	0.00702	0.00161	0.05455	0.01632	0.00098	0.07922	0.27246	0.00599	0.89655	0.7875
0.61891	0.62686	0.00083	0.91735	0.18794	0.01433	0.00381	0.06644	0.01403	0.00058	0.03254	0.30293	0.00589	0.90412	0.79977
0.65383	0.62502	0.00103	0.89931	0.18273	0.00646	0.00279	0.05239	0.01277	0.00384	0.05306	0.32728	0.00513	0.89105	0.77195
0.6292	0.62248	0.00117	0.87692	0.21707	0.0119	0.00325	0.04722	0.01474	0.00085	0.04343	0.34423	0.00298	0.8976	0.72363
0.5894	0.57969	0.00118	0.93699	0.21177	0.01748	0.00696	0.04711	0.01299	0.00448	0.02834	0.37166	0.00705	0.881	0.72809
0.61696	0.62115	0.0007	0.92618	0.18648	0.01189	0.00228	0.05402	0.01853	0.00285	0.08097	0.31004	0.00674	0.92646	0.71917
0.641	0.62628	0.00085	0.90072	0.19153	0.0071	0.00208	0.0378	0.02343	0.00057	0.03962	0.29435	0.00383	0.87875	0.7132
0.61898	0.60632	0.00077	0.94831	0.19312	0.02065	0.00362	0.03241	0.00688	0.00209	0.05342	0.32816	0.00677	0.89525	0.76259
0.66013	0.59365	0.00179	0.9475	0.18371	0.01446	0.00472	0.02674	0.00885	0.00172	0.05081	0.29761	0.00585	0.93511	0.83436
0.63443	0.6272	0.00123	0.93279	0.18834	0.01791	0.00596	0.0468	0.01219	0.00151	0.043	0.2573	0.00653	0.93133	0.75071
0.62546	0.59565	0.00124	0.95166	0.17906	0.02357	0.00503	0.02536	0.0123	0.00059	0.04291	0.2793	0.00427	0.91227	0.80289
0.61165	0.60386	0.00087	0.95398	0.20042	0.02115	0.00152	0.05259	0.01191	0.00439	0.0458	0.31564	0.00376	0.89942	0.74958
0.57154	0.62438	0.00055	0.95825	0.20572	0.03048	0.00219	0.03869	0.00851	0.00073	0.06945	0.3463	0.00771	0.88405	0.68663
0.55291	0.62282	0.00123	0.96069	0.20431	0.02458	0.003	0.03231	0.01372	0.00069	0.04378	0.34964	0.00524	0.90293	0.68188
0.55391	0.6419	0.00065	0.94153	0.20084	0.01005	0.00247	0.0435	0.01833	0.0006	0.0339	0.30891	0.00518	0.89168	0.71358
0.59303	0.67779	0.00148	0.90601	0.20488	0.00708	0.00659	0.04431	0.01429	0.0007	0.03554	0.30177	0.00805	0.89844	0.69387
0.66833	0.63277	0.00071	0.91139	0.18788	0.02019	0.00583	0.06662	0.01227	0.00476	0.05383	0.32866	0.00547	0.88944	0.7276
0.61828	0.69093	0.00112	0.88245	0.25342	0.00185	0.00208	0.05646	0.02444	0.00067	0.02913	0.2981	0.00539	0.92084	0.79865
0.63767	0.64327	0.00117	0.90734	0.22457	0.01144	0.00858	0.05355	0.02004	0.00052	0.05182	0.36433	0.00396	0.91827	0.76805
0.56026	0.61536	0.00107	0.94472	0.20553	0.01136	0.00211	0.06332	0.01539	0.00139	0.04264	0.27119	0.00396	0.92126	0.721
0.5649	0.61536	0.00175	0.95562	0.21468	0.01534	0.00259	0.03684	0.01239	0.00323	0.0498	0.30856	0.00361	0.92163	0.71368
0.57474	0.62486	0.00102	0.94272	0.17412	0.01429	0.00465	0.06176	0.01194	0.0043	0.03657	0.2663	0.00717	0.91913	0.70158
0.6234	0.64591	0.00045	0.88824	0.21346	0.02347	0.00408	0.04297	0.01519	0.00105	0.05573	0.28733	0.00515	0.89057	0.74676
0.63225	0.61716	0.00081	0.84533	0.19099	0.00924	0.0037	0.05005	0.01124	0.00116	0.05026	0.29088	0.00349	0.88436	0.70466
0.63027	0.62886	0.00135	0.87613	0.20396	0.02145	0.00163	0.04566	0.01559	0.00278	0.06127	0.31239	0.00494	0.87609	0.61541
0.60601	0.58569	0.00073	0.91763	0.2381	0.0184	0.00546	0.02848	0.01117	0.00315	0.0458	0.32863	0.00579	0.90736	0.70675
0.58333	0.64099	0.00082	0.87127	0.21906	0.02034	0.00456	0.02512	0.01453	0.0006	0.03323	0.25722	0.0048	0.90967	0.7721
0.65563	0.60149	0.00066	0.91752	0.22849	0.02593	0.00544	0.03993	0.01685	0.00058	0.05646	0.31364	0.00631	0.90619	0.7798
0.61965	0.65299	0.00118	0.89564	0.198	0.0263	0.00996	0.04142	0.01614	0.00068	0.04123	0.30861	0.00732	0.8717	0.78779
0.66886	0.62407	0.00109	0.8978	0.21025	0.02332	0.0032	0.05744	0.01523	0.00339	0.04124	0.33605	0.0052	0.88054	0.72185
0.66261	0.6194	0.00076	0.85323	0.18635	0.00888	0.00736	0.04482	0.01735	0.00082	0.063	0.28801	0.00449	0.84541	0.6844
0.65887	0.64671	0.0006	0.88584	0.20572	0.01101	0.00369	0.04002	0.0132	0.00086	0.04078	0.25107	0.00603	0.91087	0.78386
0.59198	0.57595	0.00102	0.92239	0.17762	0.01971	0.00137	0.03381	0.01214	0.00069	0.05988	0.26532	0.007	0.90878	0.80317
0.56491	0.60808	0.0012	0.97778	0.22775	0.02051	0.00642	0.03633	0.01273	0.00096	0.03489	0.25933	0.00857	0.91954	0.75891
0.55324	0.58854	0.00062	0.97587	0.22104	0.02105	0.0067	0.04651	0.01492	0.00094	0.05996	0.32072	0.00296	0.87771	0.71027
0.60727	0.61464	0.00137	0.95626	0.19725	0.02145	0.0058	0.07017	0.01008	0.00141	0.04508	0.28563	0.00507	0.91203	0.74256
0.63631	0.62803	0.00069	0.90443	0.21355	0.01797	0.00581	0.04944	0.01223	0.00082	0.05107	0.33099	0.00581	0.91721	0.73
0.52916	0.5647	0.00097	0.95757	0.19781	0.01447	0.00294	0.04462	0.01623	0.00102	0.03158	0.26352	0.00482	0.89759	0.73719
0.65795	0.64383	0.00095	0.84386	0.20922	0.0074	0.00677	0.0532	0.01502	0.00369	0.04143	0.25679	0.00591	0.88348	0.82423
0.67225	0.60893	0.00138	0.87416	0.19949	0.01992	0.00535	0.04778	0.01154	0.00073	0.05098	0.28388	0.00569	0.92851	0.80955
0.5792	0.59169	0.00105	0.86947	0.20161	0.01758	0.0045	0.04302	0.01483	0.00099	0.05393	0.29603	0.00662	0.91512	0.74789
0.58434	0.6201	0.00103	0.89773	0.26194	0.01831	0.0018	0.03307	0.02822	0.00065	0.03758	0.34009	0.00404	0.90462	0.73618
0.58227	0.62226	0.00068	0.91837	0.23272	0.02197	0.00513	0.04531	0.01136	0.00096	0.04573	0.30717	0.00461	0.89767	0.78674
0.54384	0.6299	0.00121	0.95863	0.20425	0.02603	0.00751	0.03813	0.01576	0.00164	0.03845	0.31138	0.00396	0.89179	0.76411
0.65084	0.61811	0.00103	0.95963	0.20527	0.02554	0.00326	0.02846	0.01232	0.00376	0.03993	0.26106	0.00501	0.90675	0.79908
0.6299	0.59752	0.00053	0.9189	0.21653	0.02711	0.00348	0.03909	0.0165	0.00049	0.04409	0.34795	0.00371	0.88207	0.74928
0.66659	0.5888	0.00037	0.90617	0.21087	0.02145	0.00129	0.03455	0.01406	0.00162	0.05282	0.33469	0.00383	0.88948	0.81118
0.55828	0.60075	0.00099	0.97375	0.19312	0.02696	0.00073	0.03042	0.0153	0.00109	0.03904	0.3203	0.00391	0.88298	0.8318
0.58981	0.60979	0.00131	0.90766	0.19337	0.01369	0.00344	0.03811	0.01158	0.00099	0.04965	0.28498	0.0044	0.88637	0.75001
0.58709	0.59356	0.00062	0.93602	0.23879	0.01909	0.00614	0.03283	0.01024	0.00665	0.05604	0.33007	0.00268	0.87862	0.69416
0.56494	0.63042	0.00084	0.94264	0.22776	0.018	0.00777	0.0583	0.0123	0.00142	0.05562	0.31872	0.00178	0.85714	0.73706
0.56517	0.6733	0.0007	0.94604	0.24288	0.03165	0.00483	0.02758	0.01657	0.00074	0.04375	0.26313	0.00361	0.91068	0.81252
0.58976	0.67452	0.0007	0.93062	0.2756	0.03075	0.00586	0.03783	0.01791	0.00042	0.06219	0.2554	0.00429	0.88599	0.81431
0.60055	0.60775	0.00082	0.95398	0.20778	0.03608	0.00434	0.03981	0.01233	0.0021	0.04217	0.2984	0.00598	0.90592	0.80827
0.58832	0.60882	0.00108	0.90495	0.19524	0.03347	0.00326	0.03659	0.01105	0.00094	0.05072	0.31621	0.00319	0.887	0.77204
0.63131	0.61448	0.00126	0.91809	0.19863	0.01679	0.00221	0.07074	0.02065	0.00098	0.0651	0.29142	0.00485	0.86534	0.75113
0.5947	0.6535	0.00127	0.92278	0.20327	0.03347	0.00241	0.02795	0.02002	0.00083	0.03548	0.2975	0.00396	0.89591	0.7952
0.52942	0.65599	0.00156	0.96331	0.29923	0.03267	0.00368	0.01967	0.01546	0.0008	0.05035	0.31188	0.00346	0.89528	0.76762
0.54438	0.71901	0.00143	0.93757	0.29731	0.04239	0.00842	0.02255	0.01558	0.00058	0.04156	0.27524	0.00598	0.88191	0.71578
0.61494	0.63696	0.00238	0.90305	0.24814	0.01731	0.00335	0.03695	0.0135	0.0043	0.04569	0.28114	0.00261	0.93165	0.79924
0.65028	0.68329	0.00197	0.88643	0.27403	0.04051	0.00516	0.0277	0.0128	0.00043	0.07582	0.33542	0.00361	0.91803	0.76016
0.61714	0.67385	0.00112	0.92278	0.24235	0.02481	0.00505	0.02864	0.01242	0.0045	0.051	0.29481	0.00433	0.88852	0.77741
0.6099	0.61882	0.00191	0.88059	0.21745	0.0193	0.00629	0.0428	0.0234	0.00337	0.07373	0.3593	0.00448	0.89381	0.67721
0.572	0.64742	0.00125	0.91388	0.25404	0.02674	0.006	0.02217	0.01266	0.00052	0.05157	0.32856	0.00239	0.8801	0.7105
0.56842	0.61036	0.0015	0.94659	0.2136	0.01794	0.00207	0.02996	0.00975	0.00074	0.06513	0.30429	0.00221	0.88854	0.69868
0.64883	0.61814	0.00072	0.89946	0.19176	0.02273	0.00785	0.04028	0.01275	0.00064	0.04413	0.28383	0.00349	0.90205	0.79551
0.63646	0.64664	0.00157	0.84498	0.19331	0.01591	0.00601	0.06612	0.01973	0.00062	0.05919	0.30088	0.00276	0.93577	0.81077
0.62795	0.68481	0.0013	0.89515	0.26589	0.0226	0.00328	0.03697	0.0152	0.00069	0.05617	0.30185	0.00265	0.88906	0.70538
0.57653	0.6726	0.00091	0.86877	0.27173	0.02957	0.00289	0.03437	0.01267	0.0006	0.04828	0.36838	0.00627	0.91071	0.75301
0.62726	0.60279	0.00076	0.88498	0.2167	0.02729	0.00763	0.0449	0.01166	0.00092	0.05691	0.32322	0.00441	0.91635	0.77282
0.62156	0.63474	0.00104	0.90864	0.2373	0.04759	0.00418	0.03736	0.01687	0.00063	0.06626	0.31006	0.00403	0.92958	0.75159
0.58242	0.67236	0.00101	0.89755	0.26841	0.03056	0.00545	0.05632	0.01364	0.00062	0.04254	0.28804	0.00472	0.91419	0.79053
0.57865	0.63712	0.00108	0.92159	0.25541	0.02678	0.00134	0.03684	0.00956	0.00071	0.08285	0.29968	0.00333	0.88758	0.72952
0.6307	0.65235	0.00155	0.87787	0.21569	0.04114	0.00677	0.053	0.01243	0.00044	0.06666	0.33713	0.00352	0.88451	0.68452
0.60806	0.66716	0.00078	0.8836	0.22117	0.01652	0.00402	0.0638	0.0144	0.00408	0.05458	0.30597	0.00544	0.90618	0.77629
0.60766	0.65395	0.00087	0.88111	0.2601	0.01555	0.00949	0.05666	0.01915	0.00053	0.08753	0.38596	0.00736	0.89699	0.79243
0.65777	0.64868	0.00062	0.87094	0.24091	0.02807	0.00242	0.07072	0.02268	0.00074	0.07492	0.30114	0.00515	0.92576	0.81506
0.61538	0.66084	0.00093	0.86649	0.26814	0.01604	0.00743	0.06941	0.01477	0.00142	0.08037	0.27934	0.00653	0.92646	0.84375
0.57937	0.68861	0.0007	0.86593	0.30095	0.02523	0.0056	0.02454	0.02454	0.00369	0.02985	0.26599	0.00501	0.94823	0.84862
0.6146	0.64519	0.0014	0.85034	0.2141	0.04402	0.00911	0.02429	0.01321	0.00093	0.04595	0.33843	0.0054	0.90783	0.79908
0.67584	0.64376	0.00168	0.86912	0.19406	0.03845	0.00568	0.03143	0.01185	0.00047	0.06668	0.36121	0.00286	0.90774	0.76115
0.65605	0.64692	0.00078	0.91691	0.20838	0.0463	0.01029	0.02714	0.01186	0.00159	0.05522	0.29085	0.00588	0.90276	0.77636
0.66191	0.61003	0.00124	0.89035	0.19947	0.04195	0.00551	0.02663	0.01541	0.00357	0.06708	0.32461	0.00272	0.90596	0.78316
0.60195	0.64206	0.00089	0.85945	0.21694	0.01154	0.00331	0.04499	0.01921	0.00061	0.06147	0.23388	0.0034	0.89986	0.81131
0.56876	0.70556	0.00075	0.89677	0.19263	0.02004	0.0025	0.02801	0.01616	0.00098	0.05325	0.2747	0.00264	0.90229	0.76466
0.64413	0.64849	0.00158	0.89572	0.20903	0.03119	0.0039	0.04708	0.00984	0.00088	0.07396	0.30189	0.00181	0.87227	0.71459
0.58977	0.62501	0.00041	0.89979	0.22772	0.0183	0.00266	0.03635	0.01743	0.00102	0.07354	0.304	0.00437	0.85245	0.75501
0.56529	0.64332	0.00096	0.93953	0.22887	0.04946	0.00261	0.04075	0.01335	0.00085	0.06683	0.30169	0.00429	0.86623	0.67038
0.54032	0.62252	0.00076	0.95048	0.21825	0.0228	0.00651	0.03323	0.00854	0.00117	0.05058	0.32221	0.00645	0.90865	0.78152
0.54592	0.64442	0.00076	0.93354	0.24482	0.02513	0.00391	0.02384	0.01681	0.00068	0.07549	0.29632	0.0028	0.90361	0.8061
0.6255	0.62122	0.00115	0.9194	0.22261	0.03843	0.00623	0.04579	0.01402	0.00112	0.06151	0.26856	0.00411	0.90844	0.80819
0.5902	0.66597	0.00091	0.92017	0.24001	0.02967	0.00886	0.05872	0.0163	0.00133	0.06931	0.28916	0.00395	0.8908	0.82356
0.59797	0.65304	0.00044	0.88788	0.247	0.03266	0.00588	0.06169	0.01241	0.00102	0.07172	0.28677	0.00541	0.91882	0.82322
0.59297	0.64881	0.00124	0.88397	0.2118	0.02752	0.00316	0.05433	0.01924	0.00418	0.07383	0.26237	0.00514	0.88637	0.79043
0.58534	0.62884	0.00053	0.93228	0.23327	0.0374	0.00634	0.05637	0.00971	0.00112	0.08018	0.28201	0.00238	0.86716	0.79409
0.52079	0.69977	0.00131	0.93129	0.258	0.01971	0.00458	0.04785	0.01163	0.00077	0.04768	0.29134	0.00747	0.90165	0.80269
0.53312	0.63825	0.00129	0.93066	0.21616	0.02872	0.00871	0.03754	0.01306	0.00572	0.04783	0.29082	0.00579	0.87378	0.8034
0.49287	0.65575	0.00079	0.93307	0.2689	0.01927	0.00108	0.03422	0.01259	0.00076	0.05365	0.30699	0.0043	0.9185	0.74906
0.53994	0.6478	0.00128	0.90915	0.2474	0.01681	0.0034	0.06085	0.01174	0.00062	0.06019	0.29801	0.00372	0.87408	0.78625
0.57626	0.6642	0.00166	0.91702	0.22085	0.02789	0.00581	0.03163	0.01579	0.00064	0.03994	0.3106	0.00208	0.87133	0.77226
0.61106	0.64846	0.00117	0.89022	0.22161	0.01994	0.0054	0.04411	0.01688	0.00057	0.0548	0.32859	0.00489	0.86218	0.77605
0.59616	0.64557	0.00072	0.87256	0.21045	0.0318	0.00496	0.04092	0.02132	0.00082	0.05036	0.27566	0.00453	0.87131	0.71416
0.58172	0.59743	0.00061	0.91739	0.21788	0.04053	0.00596	0.03425	0.00794	0.00409	0.0509	0.3257	0.0018	0.88125	0.73074
0.5899	0.6307	0.00096	0.96262	0.20636	0.05473	0.00285	0.02504	0.01022	0.00124	0.04677	0.35457	0.00246	0.82257	0.75823
0.60196	0.62598	0.0004	0.93232	0.20294	0.02879	0.00167	0.04786	0.01691	0.00434	0.06877	0.27636	0.00368	0.86354	0.75744
0.60668	0.61974	0.00055	0.9204	0.19872	0.04201	0.00497	0.03335	0.02051	0.00075	0.04625	0.30013	0.00681	0.83635	0.77136
0.60759	0.66122	0.00099	0.90012	0.20454	0.04377	0.00539	0.03561	0.01367	0.00091	0.04139	0.25581	0.00274	0.83547	0.77669
0.54987	0.65604	0.00084	0.90147	0.22006	0.02095	0.00466	0.03137	0.01306	0.001	0.05449	0.29439	0.00259	0.86019	0.7546
0.52661	0.65259	0.00133	0.93129	0.20228	0.03594	0.00345	0.03382	0.01502	0.00328	0.04284	0.27466	0.0021	0.85863	0.75871
0.59061	0.58204	0.00059	0.94657	0.18734	0.03612	0.00682	0.01971	0.01649	0.00111	0.06337	0.28292	0.00232	0.89154	0.69172
0.5809	0.61863	0.00037	0.92645	0.24368	0.03403	0.00623	0.03682	0.01483	0.00198	0.04966	0.28625	0.00313	0.85354	0.77567
0.57223	0.65446	0.00065	0.88043	0.23169	0.02359	0.00311	0.0576	0.01205	0.00068	0.05455	0.33116	0.00224	0.8957	0.70609
0.61631	0.67839	0.00062	0.88067	0.22937	0.03769	0.00376	0.0602	0.01293	0.00045	0.0708	0.32912	0.00209	0.86348	0.77435
0.66069	0.63051	0.00156	0.91689	0.18926	0.03473	0.00336	0.04151	0.01454	0.00409	0.07351	0.29363	0.00292	0.86305	0.75955
0.61559	0.65001	0.0006	0.89081	0.20454	0.02882	0.00746	0.0502	0.01485	0.00449	0.06036	0.27618	0.00419	0.87995	0.75643
0.55175	0.66151	0.00132	0.93945	0.25584	0.06261	0.0035	0.04182	0.01357	0.00066	0.04558	0.30081	0.00282	0.81116	0.73618
0.5231	0.68741	0.00162	0.95403	0.3256	0.0413	0.00489	0.05028	0.01804	0.00548	0.04322	0.30547	0.00224	0.86011	0.72176
0.54533	0.65153	0.00094	0.91952	0.24478	0.06459	0.0044	0.04188	0.0185	0.00348	0.04613	0.25876	0.0021	0.8926	0.79257
0.5139	0.66885	0.00097	0.96175	0.21301	0.06256	0.00874	0.02365	0.00908	0.00145	0.03767	0.26071	0.00672	0.86483	0.75567
0.56693	0.64864	0.00048	0.94046	0.24556	0.04766	0.00728	0.04231	0.01591	0.00089	0.04722	0.29682	0.0059	0.87167	0.72077
0.59434	0.63776	0.0015	0.92212	0.2128	0.02964	0.00684	0.0412	0.01191	0.00411	0.07033	0.34067	0.00729	0.89091	0.73965
0.59302	0.67361	0.00074	0.89777	0.25938	0.03498	0.00482	0.04821	0.01328	0.00095	0.07107	0.32645	0.00404	0.8907	0.72284
0.57411	0.63859	0.00051	0.94612	0.20771	0.03664	0.00492	0.04587	0.00995	0.00094	0.06214	0.33646	0.00282	0.85599	0.7035
0.56663	0.64008	0.00098	0.91832	0.20828	0.03356	0.00791	0.06515	0.01438	0.00372	0.08167	0.31515	0.00339	0.88858	0.72653
0.54797	0.60529	0.0012	0.93354	0.20232	0.045	0.00262	0.04258	0.00854	0.001	0.06383	0.32409	0.00488	0.88232	0.76162
0.59641	0.64953	0.00113	0.93078	0.20404	0.04709	0.00905	0.04312	0.01148	0.00098	0.09007	0.28537	0.00277	0.8679	0.77926
0.53102	0.66739	0.00071	0.89903	0.25207	0.03264	0.00678	0.05464	0.01283	0.00094	0.06166	0.31287	0.00239	0.89207	0.72417
0.51015	0.64888	0.00062	0.93361	0.25018	0.02811	0.00188	0.04783	0.01037	0.00068	0.08687	0.26187	0.00267	0.86881	0.75445
0.54857	0.66485	0.00126	0.91653	0.21437	0.01773	0.00223	0.06198	0.016	0.00063	0.06856	0.27186	0.00124	0.87125	0.74092
0.53023	0.62179	0.00094	0.97334	0.22273	0.05251	0.00607	0.042	0.00732	0.00073	0.06246	0.27196	0.0023	0.861	0.74862
0.58642	0.61781	0.00069	0.92964	0.22844	0.04259	0.00319	0.03528	0.00982	0.0008	0.06861	0.30089	0.00372	0.83706	0.7477
0.53239	0.63505	0.00105	0.938	0.21717	0.04087	0.00556	0.0279	0.01844	0.00036	0.03983	0.26863	0.00381	0.86836	0.79112
0.5787	0.61551	0.00101	0.90226	0.21328	0.0267	0.00286	0.0471	0.01593	0.00088	0.06285	0.31496	0.00278	0.83885	0.73712
0.55468	0.70419	0.00066	0.90154	0.22935	0.01743	0.00477	0.0393	0.01614	0.00161	0.04575	0.25285	0.00182	0.88587	0.74647
0.58819	0.58449	0.00103	0.97916	0.18263	0.05667	0.00326	0.03113	0.01207	0.00112	0.06753	0.329	0.00194	0.85851	0.69207
0.56485	0.65783	0.00143	0.91311	0.27748	0.04259	0.00658	0.05996	0.00696	0.0004	0.05277	0.30758	0.00213	0.83095	0.71325
0.56619	0.62273	0.00054	0.93888	0.23837	0.03915	0.00736	0.06279	0.01405	0.00077	0.06844	0.31546	0.00121	0.83629	0.7183
0.56784	0.71419	0.00047	0.89508	0.27311	0.01573	0.00333	0.05181	0.00936	0.00084	0.04865	0.30055	0.00581	0.91392	0.82418
0.54748	0.65932	0.00121	0.94537	0.24704	0.0658	0.0069	0.02488	0.01505	0.00142	0.05684	0.31791	0.00565	0.87201	0.71476
0.58892	0.71101	0.0011	0.87262	0.23684	0.02025	0.00278	0.06389	0.01752	0.00468	0.05786	0.24747	0.00325	0.87352	0.76497
0.54181	0.65684	0.00198	0.91038	0.2155	0.0409	0.00525	0.02907	0.01518	0.00082	0.03367	0.27621	0.00274	0.86774	0.80166
0.58226	0.64852	0.00104	0.8963	0.25068	0.05424	0.0071	0.03845	0.01594	0.00447	0.05183	0.25888	0.00458	0.91299	0.85131
0.62787	0.63777	0.00096	0.8748	0.19078	0.05457	0.00513	0.03593	0.014	0.00126	0.05853	0.27639	0.00636	0.89018	0.78876
0.6079	0.6539	0.00141	0.89235	0.21763	0.03016	0.00217	0.04275	0.02106	0.00062	0.04186	0.23911	0.00154	0.88153	0.81018
0.63897	0.61995	0.00102	0.88695	0.193	0.04453	0.00875	0.06869	0.01511	0.00108	0.07287	0.3113	0.00189	0.88486	0.75644
0.59581	0.62369	0.00029	0.90087	0.1901	0.02479	0.0069	0.06954	0.01928	0.00362	0.0664	0.24338	0.0025	0.89386	0.782
0.58237	0.61501	0.00078	0.8527	0.18876	0.02088	0.00482	0.06671	0.01152	0.00082	0.07675	0.2648	0.00434	0.89909	0.77149
0.53394	0.6846	0.00173	0.86238	0.20043	0.02006	0.00222	0.07614	0.01483	0.00084	0.0467	0.24081	0.00289	0.88562	0.76559
0.64198	0.66753	0.00165	0.87065	0.20413	0.04721	0.00275	0.0896	0.02113	0.00343	0.05965	0.33403	0.00459	0.86197	0.82355
0.58785	0.63331	0.0006	0.87994	0.17632	0.01418	0.00368	0.07238	0.01519	0.00081	0.05902	0.28087	0.00448	0.89159	0.82586
0.62612	0.65671	0.0007	0.85779	0.21359	0.026	0.00527	0.07228	0.01531	0.00424	0.07272	0.33554	0.00526	0.88299	0.77179
0.61723	0.6829	0.00065	0.88387	0.24028	0.03397	0.00408	0.11338	0.02078	0.00079	0.05499	0.28814	0.00495	0.88181	0.76574
0.53417	0.68195	0.00059	0.92717	0.19263	0.03754	0.00655	0.04117	0.02689	0.00122	0.04246	0.27674	0.00372	0.87633	0.76219
0.52168	0.72604	0.00094	0.91299	0.24733	0.0547	0.00793	0.04395	0.01491	0.00077	0.0533	0.27682	0.00498	0.87307	0.81386
0.54785	0.72691	0.0005	0.88632	0.1962	0.023	0.00564	0.06617	0.01727	0.00068	0.02692	0.27656	0.00533	0.87856	0.81783
0.53537	0.68663	0.00055	0.90618	0.22247	0.03023	0.01077	0.06324	0.01286	0.00074	0.04129	0.2886	0.00456	0.8825	0.72842
0.56455	0.69307	0.00076	0.90159	0.24409	0.04977	0.00631	0.07458	0.01527	0.00127	0.04238	0.31018	0.00338	0.8545	0.72518
0.57957	0.63081	0.00085	0.91756	0.18428	0.04909	0.00554	0.04531	0.01812	0.00151	0.05814	0.25876	0.00422	0.84663	0.74198
0.58378	0.60449	0.00178	0.95042	0.21216	0.052	0.00432	0.03687	0.01634	0.00404	0.04659	0.28331	0.00769	0.84531	0.79521
0.52214	0.68852	0.00038	0.93162	0.24065	0.04007	0.00972	0.02924	0.01131	0.00189	0.05733	0.25833	0.00234	0.84524	0.80383
0.57275	0.63995	0.00049	0.94364	0.23361	0.05385	0.00742	0.02415	0.01289	0.00119	0.03397	0.30428	0.00474	0.83852	0.80748
0.53281	0.68739	0.00063	0.92076	0.22218	0.05037	0.00338	0.04291	0.01208	0.00083	0.03881	0.26905	0.00551	0.85697	0.8591
0.57498	0.68767	0.00233	0.91278	0.21166	0.03856	0.00793	0.04965	0.01064	0.00096	0.036	0.23685	0.00578	0.87386	0.84015
0.56605	0.68361	0.00181	0.88	0.20984	0.07256	0.00767	0.02506	0.01188	0.00093	0.03539	0.32764	0.0039	0.88515	0.85946
0.52709	0.63704	0.00071	0.93202	0.21871	0.03901	0.00763	0.0333	0.01437	0.00123	0.04847	0.2566	0.00186	0.87165	0.8392
0.5537	0.64647	0.00065	0.94094	0.22087	0.06325	0.00605	0.03253	0.02186	0.00102	0.05484	0.27165	0.00249	0.882	0.82527
0.5576	0.71563	0.00067	0.91798	0.24811	0.03288	0.00442	0.03162	0.01316	0.00062	0.05191	0.24445	0.00364	0.87189	0.81093
0.5359	0.69203	0.00077	0.91976	0.23831	0.04013	0.00768	0.0291	0.02051	0.00075	0.04107	0.23889	0.00218	0.86961	0.79052
0.54066	0.70567	0.00062	0.92749	0.25165	0.04817	0.00573	0.02112	0.0182	0.00398	0.03165	0.25135	0.0018	0.8246	0.76542
0.62532	0.63241	0.00103	0.92125	0.2037	0.05375	0.00581	0.02964	0.0134	0.00083	0.0342	0.35494	0.00454	0.79483	0.79762
0.55404	0.6458	0.00091	0.9092	0.19139	0.03899	0.01055	0.02959	0.01286	0.00093	0.03905	0.29511	0.00313	0.82372	0.79624
0.5906	0.66587	0.00078	0.89968	0.23181	0.03443	0.01089	0.03469	0.00934	0.0029	0.05059	0.32604	0.00265	0.85277	0.80097
0.5916	0.66681	0.00073	0.86754	0.237	0.04552	0.00788	0.03228	0.01345	0.00336	0.04238	0.28236	0.00294	0.90886	0.78614
0.61393	0.67957	0.00112	0.87536	0.26444	0.0606	0.01024	0.03441	0.01375	0.00081	0.04604	0.2595	0.00246	0.88111	0.806
0.62498	0.65853	0.0004	0.8592	0.24331	0.0453	0.00581	0.03923	0.01139	0.0012	0.05202	0.25624	0.00201	0.90613	0.81302
0.61758	0.67719	0.00024	0.87548	0.24032	0.03684	0.00551	0.07321	0.02397	0.00347	0.05972	0.22937	0.00269	0.87867	0.76212
0.58768	0.66749	0.00132	0.89457	0.23739	0.04192	0.00532	0.04862	0.0204	0.00101	0.07244	0.24047	0.00158	0.86544	0.79258
0.59052	0.66779	0.00113	0.91324	0.23801	0.04411	0.01047	0.04295	0.01511	0.00172	0.07284	0.27087	0.00755	0.86381	0.78297
0.55298	0.67307	0.00046	0.89018	0.2458	0.05454	0.00489	0.04789	0.01547	0.0014	0.06206	0.22683	0.00141	0.88901	0.79991
0.61333	0.63788	0.00044	0.90186	0.2125	0.05138	0.00447	0.0455	0.01096	0.00048	0.08136	0.27601	0.00478	0.86684	0.81897
0.6186	0.6388	0.00124	0.87394	0.20636	0.02377	0.00569	0.0576	0.01627	0.00126	0.07736	0.24683	0.00315	0.87977	0.80812
0.59095	0.6648	0.00059	0.86786	0.24905	0.04797	0.00416	0.04762	0.01371	0.00066	0.05466	0.26972	0.00259	0.88687	0.81386
0.57277	0.70581	0.00183	0.87646	0.26772	0.05102	0.00876	0.02577	0.00803	0.0012	0.0458	0.28748	0.00342	0.89231	0.81893
0.56874	0.72697	0.00061	0.88288	0.26122	0.03941	0.01113	0.0405	0.02063	0.00139	0.05485	0.26018	0.00377	0.89186	0.83114
0.60395	0.67445	0.00109	0.83346	0.19939	0.0293	0.00835	0.05569	0.01081	0.00104	0.07482	0.29042	0.00332	0.9147	0.8149
0.62337	0.65251	0.00096	0.83421	0.204	0.03467	0.00676	0.05757	0.00913	0.0039	0.10878	0.27712	0.00575	0.90906	0.82349
0.5668	0.6788	0.00048	0.8613	0.20813	0.03876	0.00821	0.04198	0.01139	0.00059	0.05866	0.28429	0.0052	0.90214	0.75733
0.46391	0.70164	0.00064	0.90875	0.19779	0.03193	0.00915	0.05202	0.0114	0.00116	0.04669	0.23701	0.00179	0.88687	0.81725
0.48879	0.72777	0.00058	0.93389	0.21479	0.04107	0.00778	0.04363	0.01526	0.00108	0.03969	0.24511	0.00209	0.87751	0.75477
0.56372	0.72807	0.00049	0.88205	0.2448	0.05886	0.01101	0.03768	0.01621	0.00096	0.04619	0.29971	0.00184	0.89263	0.77513
0.56268	0.74354	0.00068	0.89819	0.23814	0.04512	0.00962	0.03514	0.00952	0.00051	0.04238	0.31835	0.0041	0.8766	0.72579
0.5369	0.65619	0.00069	0.89379	0.20538	0.07401	0.00713	0.04882	0.01598	0.00105	0.04655	0.29866	0.0027	0.88108	0.78722
0.58091	0.65568	0.0005	0.87956	0.22235	0.04815	0.00424	0.05218	0.01249	0.00138	0.05176	0.30227	0.00364	0.86248	0.73977
0.56721	0.70119	0.00071	0.9254	0.23515	0.04148	0.01127	0.03988	0.00854	0.00105	0.03817	0.24981	0.00292	0.85261	0.75246
0.49742	0.68236	0.00045	0.97077	0.21534	0.05752	0.01042	0.02542	0.02636	0.00183	0.03112	0.25676	0.00428	0.87242	0.74332
0.5061	0.70967	0.00081	0.9285	0.22981	0.03175	0.0054	0.06313	0.01586	0.00119	0.03815	0.31672	0.00085	0.8427	0.73125
0.49946	0.73076	0.00145	0.90531	0.2188	0.03301	0.00685	0.05944	0.00975	0.00503	0.03641	0.29018	0.00423	0.85627	0.71719
0.54284	0.6751	0.00051	0.88442	0.21138	0.05194	0.00831	0.03536	0.00937	0.00172	0.05469	0.29665	0.00354	0.90149	0.7947
0.50911	0.67706	0.00113	0.92201	0.23928	0.05984	0.00435	0.03256	0.00932	0.00079	0.05507	0.31268	0.0023	0.83325	0.75865
0.58033	0.63862	0.00062	0.89567	0.2305	0.05337	0.01054	0.03037	0.00811	0.0013	0.0636	0.31302	0.00318	0.83982	0.75756
0.58664	0.68459	0.00065	0.92655	0.23991	0.05916	0.00875	0.03636	0.01429	0.00128	0.05453	0.28703	0.00277	0.86209	0.73761
0.55068	0.6884	0.00072	0.92685	0.26291	0.07443	0.0088	0.0276	0.00993	0.00103	0.0499	0.32067	0.00686	0.87446	0.78845
0.50089	0.69264	0.00148	0.9256	0.25731	0.07268	0.00782	0.01775	0.01072	0.00126	0.03785	0.28996	0.00257	0.85485	0.78962
0.60482	0.65459	0.00062	0.91819	0.21653	0.09021	0.00709	0.03687	0.01212	0.00103	0.04192	0.27387	0.00608	0.86235	0.79931
0.51749	0.69531	0.00116	0.94336	0.25432	0.06257	0.01068	0.0209	0.01648	0.00072	0.03474	0.29176	0.0064	0.84975	0.77701
0.52968	0.70664	0.00066	0.93716	0.2393	0.06491	0.00991	0.02455	0.01377	0.00053	0.04727	0.27288	0.00483	0.84215	0.71958
0.5641	0.71545	0.00076	0.91867	0.22057	0.0683	0.00495	0.0353	0.01535	0.00409	0.04753	0.29207	0.00441	0.82555	0.72651
0.5095	0.78446	0.0007	0.91784	0.26318	0.07466	0.00618	0.02149	0.01203	0.00104	0.03507	0.32435	0.00437	0.83392	0.66632
0.57092	0.68659	0.00081	0.8968	0.22961	0.05836	0.0073	0.0468	0.01098	0.0046	0.05839	0.2882	0.00193	0.85811	0.73776
0.58344	0.76836	0.00085	0.89834	0.27485	0.0273	0.0046	0.05495	0.01139	0.0034	0.04615	0.26013	0.0051	0.90966	0.77837
0.56309	0.7263	0.00074	0.90453	0.23552	0.04461	0.0056	0.04454	0.01622	0.00133	0.03823	0.28824	0.00553	0.83742	0.78342
0.53402	0.72709	0.00111	0.91319	0.22638	0.07837	0.00585	0.0535	0.01196	0.00097	0.03811	0.27306	0.00516	0.83279	0.74458
0.5251	0.65724	0.00098	0.90179	0.20441	0.04907	0.00498	0.05462	0.01675	0.00063	0.04539	0.27941	0.00307	0.85281	0.76575
0.60185	0.70823	0.00079	0.87606	0.22196	0.04771	0.00422	0.07191	0.02289	0.00091	0.05653	0.30115	0.00222	0.88271	0.74928
0.55434	0.72058	0.00063	0.87624	0.25545	0.07633	0.00517	0.04047	0.01645	0.00341	0.06358	0.3082	0.00205	0.87086	0.75029
0.55624	0.7264	0.00039	0.90535	0.26415	0.04871	0.00577	0.04919	0.02103	0.00058	0.05001	0.28422	0.00194	0.8672	0.77699
0.53894	0.74573	0.00126	0.91376	0.27889	0.0351	0.00718	0.05511	0.01892	0.00071	0.04225	0.30878	0.00151	0.83566	0.69154
0.60055	0.64284	0.00132	0.89287	0.22116	0.05696	0.00716	0.04305	0.01492	0.00076	0.04366	0.3009	0.00359	0.8541	0.73601
0.55698	0.65005	0.00097	0.91009	0.209	0.04996	0.0077	0.02966	0.01483	0.00049	0.0517	0.23784	0.00394	0.88415	0.7655
0.59305	0.70268	0.0005	0.88204	0.23952	0.04881	0.00834	0.05693	0.02143	0.00074	0.06677	0.31766	0.00447	0.83495	0.78323
0.59831	0.70579	0.00138	0.89637	0.27722	0.07154	0.00736	0.04481	0.0095	0.00092	0.04847	0.28958	0.003	0.89211	0.82033
0.53269	0.6618	0.00031	0.90786	0.22947	0.04184	0.00528	0.05842	0.01959	0.00054	0.04846	0.25891	0.00404	0.88271	0.82523
0.55399	0.70096	0.0008	0.88797	0.29271	0.05662	0.00398	0.03167	0.01419	0.0013	0.04347	0.32697	0.00319	0.86262	0.77431
0.55441	0.68344	0.0008	0.92168	0.22051	0.0378	0.00348	0.03396	0.02066	0.00114	0.05259	0.27549	0.00353	0.85902	0.80503
0.59113	0.71419	0.0011	0.90456	0.23639	0.06	0.00601	0.02799	0.01667	0.00069	0.06101	0.2951	0.00423	0.87239	0.77593
0.59732	0.61669	0.00057	0.89374	0.19727	0.07512	0.00585	0.04132	0.01365	0.00303	0.06692	0.35024	0.00467	0.88144	0.79762
0.61384	0.65644	0.00048	0.88641	0.18652	0.04661	0.00754	0.07066	0.01496	0.00054	0.08641	0.36847	0.00487	0.88133	0.80279
0.54943	0.69623	0.00128	0.91676	0.22694	0.06558	0.00333	0.05642	0.01286	0.00085	0.05625	0.33726	0.00616	0.87523	0.80896
0.53045	0.65344	0.00123	0.89998	0.19588	0.03766	0.00665	0.0633	0.01371	0.001	0.06333	0.32952	0.00363	0.90118	0.80385
0.57348	0.68922	0.00059	0.88323	0.25591	0.02707	0.00583	0.04609	0.0171	0.00186	0.06049	0.34786	0.00411	0.89472	0.7945
0.60496	0.70826	0.00105	0.91331	0.22091	0.04955	0.00559	0.06936	0.0256	0.0008	0.07359	0.32518	0.00464	0.8603	0.80199
0.69161	0.66016	0.00102	0.86826	0.1922	0.04842	0.00319	0.08251	0.03294	0.00081	0.09101	0.35943	0.00554	0.87465	0.77182
0.60733	0.6566	0.00104	0.8649	0.19106	0.04071	0.0076	0.05404	0.01274	0.00053	0.06968	0.3068	0.00283	0.88545	0.81507
0.62592	0.62856	0.00155	0.88586	0.22431	0.06001	0.00672	0.08145	0.01871	0.00083	0.06995	0.33852	0.00314	0.8887	0.76967
0.60297	0.6625	0.00087	0.88204	0.23921	0.07016	0.00611	0.04155	0.01338	0.00094	0.05304	0.28672	0.00664	0.87694	0.81499
0.63494	0.658	0.00077	0.87276	0.21729	0.06813	0.00716	0.04753	0.01376	0.00091	0.06967	0.35917	0.00371	0.84494	0.78073
0.61177	0.6393	0.00061	0.88314	0.20209	0.07046	0.01669	0.04334	0.01398	0.00094	0.05456	0.36374	0.00601	0.86178	0.82781
0.58051	0.67096	0.00122	0.93077	0.22533	0.0694	0.01016	0.03188	0.0102	0.00146	0.04377	0.33986	0.00325	0.88056	0.7626
0.60592	0.62845	0.00046	0.91995	0.19872	0.05745	0.00724	0.04507	0.01627	0.00062	0.06295	0.32499	0.00417	0.90318	0.80776
0.59645	0.66462	0.00136	0.88437	0.21342	0.05252	0.0124	0.04703	0.01323	0.0007	0.05547	0.32071	0.00225	0.85034	0.75222
0.61182	0.64154	0.0012	0.87302	0.21761	0.03956	0.01202	0.06539	0.01605	0.00109	0.09	0.31681	0.00194	0.86927	0.78175
0.55023	0.63231	0.00066	0.93396	0.20513	0.0532	0.00854	0.04012	0.00896	0.00086	0.05549	0.27715	0.00352	0.88239	0.77168
0.64085	0.68982	0.00034	0.88513	0.22135	0.06276	0.00768	0.07073	0.01047	0.00131	0.07194	0.28869	0.00671	0.89653	0.82547
0.56479	0.68679	0.00095	0.89476	0.22546	0.0638	0.01174	0.0546	0.00929	0.0003	0.06784	0.32191	0.00301	0.84045	0.77874
0.54679	0.68258	0.00084	0.93459	0.21432	0.04296	0.00793	0.05048	0.0113	0.00052	0.05645	0.29778	0.00122	0.85455	0.80698
0.59223	0.65139	0.00062	0.87949	0.21	0.05321	0.00577	0.05881	0.0133	0.001	0.08127	0.30341	0.0074	0.87742	0.80915
0.60061	0.61456	0.00052	0.93051	0.20562	0.05286	0.00544	0.0646	0.00961	0.00093	0.07844	0.31992	0.00282	0.85214	0.79004
0.54163	0.67688	0.00088	0.92103	0.23176	0.04687	0.00713	0.03907	0.0104	0.00073	0.05683	0.28577	0.0034	0.83514	0.81384
0.52276	0.69951	0.00059	0.93919	0.24101	0.07754	0.0091	0.02415	0.02252	0.00465	0.04446	0.30274	0.00409	0.79837	0.79322
0.61448	0.59328	0.00092	0.94964	0.24225	0.05622	0.00717	0.02102	0.01437	0.00031	0.07733	0.306	0.0038	0.81403	0.80518
0.60553	0.63542	0.00062	0.88305	0.23065	0.06765	0.00684	0.04596	0.01544	0.00212	0.08189	0.31186	0.00561	0.77794	0.75691
0.57668	0.60811	0.0009	0.93883	0.20226	0.05013	0.00562	0.04636	0.00981	0.00415	0.09231	0.33938	0.00348	0.88272	0.85315
0.57481	0.64844	0.00106	0.92537	0.20437	0.05508	0.01209	0.04329	0.00818	0.001	0.05191	0.30834	0.00393	0.88805	0.82507
0.57127	0.61866	0.0021	0.93273	0.23024	0.0805	0.00953	0.03304	0.01423	0.0009	0.05276	0.32439	0.00346	0.82719	0.7838
0.63139	0.64422	0.00077	0.89697	0.22484	0.05554	0.00772	0.06711	0.01551	0.00379	0.07898	0.31773	0.00524	0.86065	0.80541
0.62348	0.62983	0.00045	0.88619	0.21375	0.03682	0.0071	0.04985	0.01435	0.0007	0.08515	0.3016	0.0046	0.85966	0.81302
0.63852	0.6072	0.00071	0.88024	0.18144	0.04933	0.00831	0.04144	0.01292	0.00373	0.08217	0.2869	0.00361	0.8788	0.80942
0.59296	0.64641	0.00135	0.90979	0.1963	0.05707	0.00891	0.03386	0.01423	0.00337	0.06047	0.25875	0.00404	0.87589	0.81767
0.61079	0.67861	0.00077	0.86703	0.21861	0.07034	0.00805	0.04559	0.01967	0.0012	0.05427	0.307	0.00376	0.85639	0.79215
0.60243	0.64287	0.00078	0.88173	0.22253	0.07313	0.00854	0.02221	0.00949	0.00117	0.05013	0.24903	0.00258	0.86446	0.80226
0.57842	0.64857	0.00047	0.87708	0.20003	0.0506	0.00781	0.03338	0.00866	0.00082	0.05564	0.30699	0.00249	0.85495	0.78923
0.56656	0.64726	0.00083	0.93681	0.18997	0.03893	0.00614	0.03132	0.0136	0.00086	0.03637	0.30265	0.00421	0.82411	0.81656
0.55935	0.63363	0.00071	0.91868	0.18641	0.03607	0.0074	0.03852	0.01143	0.00096	0.05934	0.25232	0.00508	0.86797	0.79594
0.65361	0.63808	0.00056	0.88354	0.22162	0.05669	0.00674	0.03453	0.01137	0.00087	0.08956	0.32049	0.003	0.82176	0.78622
0.64318	0.64437	0.00088	0.86277	0.2224	0.02927	0.00758	0.06466	0.01164	0.00166	0.06618	0.27651	0.00391	0.82446	0.81769
0.59163	0.64543	0.0012	0.87435	0.20534	0.02466	0.014	0.06293	0.0179	0.00069	0.07207	0.29696	0.00235	0.85243	0.77303
0.56878	0.65628	0.00067	0.87345	0.22824	0.02947	0.00419	0.04605	0.01108	0.00039	0.0439	0.27966	0.00585	0.87959	0.77982
0.5497	0.68798	0.00168	0.89145	0.20053	0.04142	0.00646	0.04218	0.01043	0.00133	0.06237	0.2789	0.00287	0.84048	0.804
0.59432	0.65634	0.00102	0.88128	0.21335	0.03848	0.00508	0.06073	0.01743	0.00157	0.05596	0.28835	0.00371	0.87465	0.80763
0.56622	0.62685	0.00107	0.91272	0.20358	0.04726	0.00446	0.05335	0.01308	0.0012	0.04644	0.31247	0.00292	0.85044	0.85152
0.56643	0.61173	0.00074	0.89994	0.1909	0.03737	0.0074	0.06572	0.02148	0.00108	0.0514	0.3302	0.00268	0.85641	0.75509
0.57723	0.6243	0.00061	0.9107	0.19255	0.02728	0.01352	0.06036	0.01259	0.00324	0.0451	0.29283	0.00489	0.87255	0.8039
0.61113	0.60763	0.00095	0.90435	0.17067	0.04388	0.00815	0.04754	0.00802	0.00093	0.06238	0.29699	0.00461	0.90463	0.8208
0.63712	0.63289	0.00097	0.88175	0.19357	0.04404	0.00622	0.10155	0.01551	0.0007	0.07748	0.25377	0.00301	0.9211	0.80575
0.63136	0.6495	0.001	0.8954	0.19923	0.04869	0.00515	0.10529	0.02497	0.003	0.08726	0.34031	0.00311	0.87803	0.82901
0.65419	0.59843	0.0014	0.92784	0.17302	0.05853	0.0078	0.0969	0.02343	0.00063	0.10708	0.30489	0.006	0.92145	0.81363
0.68558	0.66293	0.00075	0.8758	0.20618	0.03794	0.00805	0.10308	0.02615	0.0012	0.09465	0.3365	0.0063	0.92729	0.77547
0.5973	0.67688	0.00065	0.88651	0.21532	0.05051	0.0063	0.03985	0.00877	0.00061	0.05811	0.3009	0.00363	0.85963	0.78247
0.56599	0.64491	0.0008	0.89911	0.18156	0.02064	0.01039	0.05935	0.01216	0.00146	0.05146	0.31411	0.00812	0.91739	0.8228
0.62961	0.6717	0.00047	0.89028	0.19796	0.02448	0.00842	0.04268	0.01254	0.00062	0.06524	0.29512	0.00425	0.92336	0.8088
0.59587	0.63397	0.00038	0.90669	0.19966	0.04614	0.00619	0.04392	0.01166	0.00116	0.05622	0.31047	0.00305	0.88219	0.76293
0.59059	0.61802	0.00056	0.89296	0.20335	0.05051	0.00606	0.03179	0.01425	0.00068	0.07282	0.32282	0.00419	0.90873	0.79063
0.62791	0.63082	0.00074	0.86564	0.21478	0.04336	0.00313	0.0524	0.01345	0.00043	0.06257	0.32776	0.00466	0.8663	0.7874
0.59636	0.61378	0.001	0.91263	0.18994	0.03259	0.00805	0.03955	0.01068	0.00042	0.07034	0.28621	0.00265	0.91647	0.79311
0.64057	0.64999	0.00132	0.86158	0.19311	0.03072	0.01214	0.07544	0.01307	0.00103	0.05715	0.27824	0.004	0.90234	0.80804
0.57849	0.65832	0.00112	0.90141	0.19365	0.03114	0.00817	0.03466	0.0154	0.00047	0.0438	0.2644	0.00415	0.89312	0.79602
0.58263	0.63134	0.00129	0.9383	0.19436	0.04161	0.01593	0.03126	0.01241	0.00122	0.04156	0.30059	0.00437	0.92623	0.81456
0.60751	0.62938	0.0006	0.90035	0.19794	0.04886	0.00737	0.02534	0.01446	0.00079	0.07363	0.24013	0.00233	0.87139	0.82987
0.5984	0.60909	0.00055	0.90613	0.19026	0.03813	0.00719	0.0254	0.01783	0.00152	0.07582	0.29803	0.00233	0.88409	0.83344
0.63458	0.62448	0.0008	0.90965	0.19713	0.06792	0.00374	0.04016	0.01501	0.00052	0.08383	0.33208	0.00828	0.8326	0.79599
0.59907	0.59335	0.00066	0.91191	0.17493	0.0448	0.00695	0.02758	0.01649	0.00063	0.06369	0.29251	0.00555	0.89742	0.79263
0.63509	0.62146	0.00112	0.89788	0.18503	0.04975	0.00982	0.04308	0.0117	0.00036	0.06875	0.28327	0.00394	0.88177	0.79833
0.65135	0.6462	0.00051	0.8794	0.20449	0.07177	0.00394	0.03653	0.01236	0.00082	0.08123	0.29419	0.00319	0.8243	0.7983
0.63532	0.66612	0.00141	0.92106	0.21308	0.07884	0.01062	0.02806	0.01344	0.00069	0.06448	0.28982	0.00645	0.84251	0.82199
0.62697	0.65073	0.00169	0.91587	0.19087	0.0633	0.01001	0.04386	0.01268	0.00177	0.06941	0.26716	0.00256	0.86676	0.74176
0.65742	0.62114	0.00084	0.90177	0.16475	0.04445	0.0107	0.04976	0.0147	0.00105	0.07633	0.25434	0.00625	0.90627	0.79558
0.59673	0.64026	0.00146	0.89111	0.16415	0.03491	0.00957	0.0287	0.01874	0.00074	0.04568	0.2905	0.00694	0.90176	0.87429
0.59999	0.64228	0.00053	0.90051	0.20676	0.037	0.00773	0.0256	0.01131	0.00123	0.05686	0.26864	0.00672	0.89294	0.84077
0.5716	0.65273	0.00107	0.92169	0.19901	0.03645	0.00797	0.02742	0.017	0.00095	0.04119	0.26302	0.00533	0.88498	0.82737
0.60492	0.68996	0.00165	0.91725	0.20086	0.05063	0.00739	0.02466	0.01095	0.0012	0.04688	0.26323	0.00542	0.88355	0.83395
0.64096	0.63845	0.00152	0.87904	0.19704	0.03808	0.00803	0.02913	0.0121	0.00079	0.07292	0.32785	0.00325	0.85844	0.82769
0.62277	0.61208	0.00116	0.91627	0.1595	0.02587	0.01162	0.04897	0.01288	0.00409	0.0741	0.27276	0.00523	0.92701	0.86332
0.67786	0.63203	0.00165	0.87487	0.18105	0.0373	0.00668	0.07387	0.01966	0.00053	0.1124	0.26603	0.00475	0.92406	0.85028
0.57518	0.63425	0.00101	0.90109	0.19081	0.03365	0.00611	0.04371	0.01381	0.00097	0.08159	0.28006	0.00659	0.89813	0.82739
0.60624	0.65224	0.00089	0.87779	0.20786	0.02699	0.00688	0.0469	0.01652	0.00098	0.06946	0.24836	0.00287	0.94745	0.85376
0.65924	0.6473	0.00155	0.86034	0.2107	0.01867	0.0108	0.06519	0.0158	0.00085	0.10094	0.31491	0.00448	0.91852	0.79694
0.62251	0.67921	0.00073	0.88132	0.18068	0.02117	0.00677	0.06274	0.01721	0.00082	0.07581	0.32458	0.00279	0.92021	0.74734
0.57381	0.62232	0.00085	0.91584	0.18177	0.02538	0.00305	0.04471	0.0166	0.00099	0.0869	0.27757	0.00538	0.95096	0.78516
0.58398	0.67212	0.00152	0.88054	0.19725	0.03222	0.01431	0.03039	0.01202	0.00043	0.05703	0.28969	0.00351	0.89186	0.69878
0.53019	0.68124	0.00064	0.90905	0.19484	0.02375	0.01006	0.05145	0.00921	0.00067	0.04457	0.31542	0.00126	0.86601	0.68377
0.60373	0.70375	0.0015	0.87982	0.20196	0.03862	0.0074	0.04229	0.01192	0.00095	0.06434	0.29482	0.00338	0.86874	0.64391
0.64361	0.6117	0.0005	0.88827	0.20096	0.05844	0.00619	0.03261	0.01328	0.00142	0.0823	0.30834	0.00297	0.88584	0.75404
0.60805	0.65765	0.00061	0.87613	0.19576	0.03769	0.01403	0.0246	0.01395	0.00082	0.06074	0.30277	0.00236	0.88659	0.79345
0.59149	0.64602	0.00096	0.88551	0.20975	0.04082	0.00744	0.04999	0.01427	0.00196	0.06504	0.28982	0.0032	0.84185	0.79248
0.63495	0.59173	0.00072	0.90722	0.18861	0.04736	0.01277	0.0536	0.01195	0.00056	0.07452	0.2951	0.0033	0.85432	0.7863
0.55316	0.62753	0.00072	0.88627	0.18824	0.03326	0.0105	0.03648	0.01103	0.00111	0.07238	0.24739	0.00091	0.88493	0.80084
0.59969	0.586	0.00051	0.88585	0.19569	0.03274	0.01751	0.02656	0.01083	0.00144	0.05826	0.25303	0.00274	0.86534	0.78755
0.60286	0.60473	0.00056	0.90416	0.19753	0.04183	0.0107	0.03496	0.01558	0.00138	0.05554	0.28086	0.00206	0.87574	0.77239
0.58034	0.70215	0.00058	0.88117	0.22396	0.03874	0.00904	0.06426	0.018	0.00153	0.05752	0.28165	0.0035	0.88697	0.75993
0.58925	0.72515	0.00075	0.90662	0.26412	0.04825	0.01077	0.05693	0.01074	0.0012	0.0555	0.25027	0.00265	0.8732	0.76434
0.63546	0.65681	0.00118	0.91676	0.22161	0.04048	0.01283	0.03647	0.01359	0.00099	0.0648	0.28463	0.00234	0.8958	0.75867
0.54518	0.67311	0.00085	0.92333	0.22125	0.04327	0.00974	0.04709	0.01422	0.00107	0.0524	0.27511	0.00276	0.89842	0.81807
0.57128	0.6269	0.00148	0.91727	0.22472	0.04932	0.00641	0.02903	0.01662	0.001	0.05179	0.26284	0.00766	0.911	0.84341
0.66122	0.62217	0.00115	0.90169	0.2008	0.06284	0.00425	0.0256	0.01309	0.0012	0.0807	0.25832	0.00505	0.94901	0.83345
0.63307	0.63612	0.00074	0.90793	0.19901	0.0409	0.01184	0.05224	0.01698	0.00094	0.06719	0.33192	0.00245	0.915	0.75663
0.63919	0.62097	0.00031	0.90189	0.20634	0.03713	0.01066	0.0468	0.01481	0.00378	0.11219	0.28797	0.00389	0.89582	0.76449
0.67421	0.60651	0.00068	0.88865	0.166	0.03471	0.00685	0.05228	0.01158	0.00381	0.09884	0.25986	0.00464	0.91439	0.81212
0.65077	0.62209	0.00071	0.92886	0.17052	0.05194	0.0089	0.03597	0.01518	0.00055	0.07008	0.2821	0.00198	0.9147	0.80727
0.65607	0.62596	0.00116	0.93569	0.20249	0.05174	0.0143	0.02666	0.01166	0.00117	0.0592	0.26094	0.00274	0.924	0.76984
0.63575	0.60162	0.00074	0.91441	0.17271	0.04997	0.00636	0.03353	0.01511	0.00089	0.06967	0.29245	0.00238	0.90439	0.78503
0.6504	0.62094	0.0012	0.92044	0.16739	0.05934	0.01034	0.04606	0.01041	0.00121	0.09676	0.27686	0.00581	0.91567	0.81225
0.59075	0.66052	0.00064	0.89857	0.24961	0.05501	0.00634	0.02921	0.01726	0.00082	0.0635	0.2633	0.00429	0.8938	0.80981
0.52297	0.65575	0.00064	0.92606	0.21715	0.04203	0.00503	0.01943	0.01494	0.00098	0.051	0.24981	0.00369	0.91825	0.84256
0.50564	0.69959	0.00045	0.90543	0.23586	0.02929	0.0068	0.02241	0.01408	0.00032	0.05772	0.2578	0.00351	0.88606	0.79509
0.6215	0.63894	0.00076	0.84331	0.21559	0.02221	0.01189	0.07682	0.01744	0.0012	0.10433	0.29595	0.00744	0.91216	0.82672
0.59911	0.63987	0.00066	0.85657	0.20121	0.04277	0.0054	0.02556	0.01459	0.00103	0.07782	0.31328	0.00899	0.92217	0.85037
0.62385	0.64627	0.00088	0.86429	0.21413	0.04836	0.01063	0.03973	0.01244	0.00095	0.07351	0.23273	0.00467	0.92372	0.79945
0.59257	0.6551	0.00082	0.88217	0.25039	0.04679	0.01445	0.02719	0.01108	0.00147	0.07993	0.25909	0.00298	0.89274	0.81578
0.59036	0.62383	0.00144	0.85343	0.20181	0.03303	0.00638	0.04269	0.01456	0.00058	0.1032	0.27574	0.00565	0.89573	0.84306
0.58547	0.63243	0.00075	0.88617	0.22094	0.0382	0.00753	0.03057	0.01606	0.00033	0.11502	0.25529	0.00225	0.90363	0.82973
0.61744	0.63788	0.0019	0.88342	0.20964	0.03235	0.01026	0.03082	0.02578	0.00083	0.10271	0.24194	0.00545	0.92224	0.82971
0.59015	0.64375	0.0004	0.87738	0.21695	0.0416	0.00431	0.03487	0.01559	0.00047	0.0798	0.2278	0.00346	0.87554	0.81824
0.6202	0.61991	0.00077	0.89074	0.19508	0.03271	0.00717	0.04314	0.01281	0.00076	0.11004	0.28662	0.00379	0.90962	0.84043
0.65997	0.6742	0.00078	0.87065	0.24196	0.0262	0.00391	0.0516	0.01751	0.00095	0.08687	0.30879	0.00216	0.84904	0.79097
0.59463	0.64902	0.00084	0.90319	0.22131	0.0368	0.00909	0.05774	0.00859	0.00067	0.1107	0.27935	0.00201	0.86301	0.75385
0.5777	0.66023	0.00055	0.908	0.2183	0.02175	0.00647	0.04872	0.01878	0.00074	0.07074	0.26258	0.00378	0.85031	0.75367
0.63326	0.65809	0.00045	0.89279	0.25707	0.0332	0.00603	0.0673	0.01635	0.00175	0.1052	0.28754	0.00504	0.87278	0.74152
0.61204	0.70707	0.00131	0.89462	0.26062	0.0485	0.01544	0.03221	0.01724	0.00088	0.06974	0.29165	0.00328	0.83076	0.74855
0.63595	0.64782	0.00128	0.88979	0.21331	0.04487	0.01105	0.05154	0.01198	0.0012	0.08478	0.34891	0.00646	0.87846	0.78983
0.649	0.66663	0.00083	0.89617	0.24327	0.05884	0.01257	0.03445	0.01223	0.00066	0.07115	0.26418	0.00688	0.88163	0.83404
0.63129	0.64581	0.00119	0.88792	0.23138	0.03343	0.00827	0.03338	0.01996	0.00104	0.07381	0.29529	0.00498	0.90951	0.79174
0.63054	0.65146	0.00105	0.843	0.22933	0.04539	0.00924	0.03899	0.02011	0.0008	0.0726	0.35624	0.00509	0.9045	0.80692
0.59716	0.62636	0.00077	0.86634	0.18736	0.03106	0.00892	0.03264	0.0159	0.00077	0.06049	0.34535	0.0082	0.93183	0.8551
0.60406	0.60604	0.00101	0.86306	0.2176	0.02693	0.00505	0.03972	0.01074	0.00143	0.08577	0.33453	0.00743	0.8843	0.81931
0.59369	0.65639	0.00135	0.87884	0.24404	0.0576	0.00796	0.02671	0.01402	0.00062	0.05851	0.32735	0.00653	0.89817	0.83526
0.59649	0.66581	0.00042	0.89124	0.25088	0.05457	0.01139	0.02353	0.0216	0.00092	0.07039	0.30233	0.00787	0.90434	0.80107
0.64654	0.63352	0.00085	0.92594	0.2516	0.05393	0.00579	0.04139	0.01366	0.00101	0.08437	0.27755	0.00374	0.88392	0.7505
0.5945	0.62665	0.00096	0.89608	0.20573	0.04984	0.00606	0.03592	0.0092	0.00358	0.06865	0.32548	0.00206	0.89365	0.69646
0.62384	0.6069	0.0009	0.92004	0.19443	0.07471	0.00885	0.0283	0.01316	0.00059	0.07179	0.31625	0.00651	0.88426	0.77043
0.59339	0.59542	0.00081	0.91316	0.2033	0.05451	0.00813	0.01927	0.02817	0.00096	0.05657	0.31714	0.00382	0.85594	0.74174
0.62326	0.6304	0.00099	0.91643	0.20716	0.0648	0.00926	0.02234	0.01983	0.00073	0.05442	0.28933	0.00476	0.89366	0.77935
0.61793	0.64969	0.00062	0.92238	0.21059	0.07331	0.00782	0.03061	0.01187	0.00063	0.05955	0.28961	0.00691	0.86907	0.77441
0.62522	0.6454	0.00087	0.92031	0.2039	0.05016	0.00568	0.03267	0.01165	0.001	0.06622	0.27285	0.0039	0.8799	0.81208
0.62232	0.65422	0.0023	0.91759	0.22357	0.06039	0.00683	0.02512	0.01975	0.00146	0.06414	0.26479	0.00392	0.84849	0.79388
0.57324	0.66363	0.00164	0.91172	0.22581	0.0547	0.0074	0.02	0.00896	0.0007	0.05896	0.28591	0.00584	0.89438	0.85288
0.641	0.64165	0.00095	0.89861	0.19935	0.05777	0.00375	0.03413	0.0112	0.00088	0.06023	0.29803	0.00427	0.88228	0.84139
0.58342	0.60214	0.00069	0.88645	0.20956	0.06874	0.00782	0.03603	0.01317	0.00402	0.05474	0.31361	0.00255	0.87051	0.80424
0.60292	0.60065	0.00152	0.88985	0.17951	0.04707	0.01136	0.03552	0.01505	0.00081	0.07011	0.32325	0.00783	0.9061	0.82005
0.653	0.62841	0.00128	0.87624	0.19808	0.0438	0.00672	0.0316	0.01015	0.00099	0.07062	0.33759	0.00613	0.89063	0.78168
0.64311	0.62496	0.00087	0.89249	0.20938	0.0678	0.00464	0.01924	0.01055	0.00088	0.06944	0.32405	0.00229	0.85907	0.76976
0.65303	0.60672	0.00136	0.88438	0.20698	0.08352	0.01213	0.01439	0.01634	0.00118	0.08109	0.37176	0.0043	0.89279	0.82978
0.65036	0.59129	0.00166	0.92141	0.18948	0.06052	0.0085	0.03291	0.01184	0.00081	0.09165	0.2934	0.00228	0.90201	0.77477
0.65594	0.56821	0.00075	0.91468	0.18819	0.03982	0.00508	0.0244	0.0132	0.00096	0.07584	0.29222	0.00395	0.85389	0.78919
0.64914	0.59181	0.00156	0.91523	0.19869	0.05746	0.00899	0.02327	0.00979	0.00116	0.06168	0.30046	0.00384	0.87124	0.76431
0.62297	0.67525	0.00058	0.85352	0.23196	0.02948	0.01136	0.04445	0.01262	0.0004	0.08114	0.30232	0.00501	0.91128	0.83297
0.64265	0.65343	0.00138	0.86818	0.22814	0.05606	0.01379	0.03389	0.01221	0.00051	0.06335	0.30428	0.00271	0.895	0.81198
0.62936	0.64554	0.00071	0.86792	0.2126	0.04791	0.01184	0.02631	0.0105	0.00363	0.06244	0.32933	0.0028	0.90446	0.82859
0.72143	0.64716	0.00071	0.86536	0.22241	0.05638	0.00565	0.05031	0.01634	0.00056	0.10497	0.30317	0.00251	0.91729	0.80472
0.63594	0.64751	0.00056	0.92252	0.20192	0.09368	0.01041	0.01513	0.0198	0.00035	0.06153	0.30716	0.00297	0.876	0.79428
0.65265	0.68539	0.0013	0.92133	0.25044	0.07298	0.0138	0.02602	0.01149	0.00056	0.06868	0.33071	0.00214	0.85388	0.73574
0.60488	0.62491	0.00057	0.94548	0.22393	0.06371	0.01114	0.02956	0.01978	0.00043	0.05855	0.2859	0.00436	0.88444	0.80665
0.65633	0.60413	0.00065	0.90234	0.2085	0.05768	0.00877	0.03511	0.00858	0.00169	0.08977	0.27408	0.00541	0.90431	0.82449
0.6595	0.63986	0.00189	0.91378	0.20581	0.06216	0.01342	0.03593	0.01575	0.00042	0.06685	0.34323	0.00519	0.85787	0.78226
0.65238	0.66017	0.00077	0.89876	0.24665	0.08492	0.00867	0.03691	0.01351	0.00069	0.07027	0.34395	0.00937	0.8428	0.8024
0.65685	0.68879	0.00081	0.90309	0.28021	0.05763	0.00945	0.02097	0.01658	0.00135	0.06913	0.32831	0.00359	0.86972	0.78696
0.66124	0.6674	0.00113	0.89341	0.23055	0.07715	0.00379	0.02978	0.00986	0.00088	0.08682	0.33583	0.0086	0.86368	0.8392
0.6206	0.64678	0.00084	0.91055	0.22644	0.05887	0.00707	0.03046	0.01304	0.00075	0.07239	0.32457	0.00396	0.85965	0.79495
0.59222	0.67022	0.00082	0.8951	0.2403	0.04365	0.00665	0.02975	0.01512	0.00047	0.04974	0.29023	0.00344	0.87322	0.83075
0.61033	0.70352	0.00251	0.88388	0.25949	0.05659	0.00805	0.0266	0.01504	0.00102	0.04344	0.27113	0.00557	0.88537	0.80485
0.62526	0.65626	0.00232	0.88719	0.25244	0.05737	0.01014	0.02442	0.01591	0.0014	0.06617	0.30716	0.0091	0.87896	0.81029
0.58183	0.70087	0.00082	0.86249	0.21543	0.02774	0.00395	0.03336	0.01245	0.00061	0.06951	0.32591	0.01127	0.92876	0.87801
0.62518	0.65736	0.00117	0.86478	0.23	0.02005	0.00897	0.03682	0.01207	0.00105	0.07375	0.34029	0.00529	0.85853	0.83877
0.6192	0.67781	0.0006	0.8813	0.22579	0.02986	0.00768	0.04091	0.01335	0.00129	0.0556	0.27253	0.00334	0.77538	0.76891
0.60223	0.66211	0.00058	0.86777	0.24539	0.0249	0.00744	0.02918	0.0119	0.00052	0.06857	0.28861	0.00317	0.8793	0.8307
0.61452	0.6672	0.0021	0.85082	0.2621	0.03561	0.00753	0.03939	0.01577	0.00102	0.06613	0.33023	0.00238	0.91019	0.77333
0.55949	0.66497	0.00048	0.87544	0.21636	0.02115	0.01199	0.02537	0.01256	0.00119	0.0491	0.27111	0.00496	0.89436	0.80618
0.57775	0.65265	0.00118	0.88383	0.21708	0.04177	0.00913	0.01774	0.01321	0.00092	0.05352	0.29593	0.00162	0.85298	0.73419
0.57916	0.64901	0.00053	0.89783	0.22507	0.04418	0.01	0.02822	0.01524	0.0011	0.05673	0.24818	0.00356	0.86939	0.75688
0.60005	0.63095	0.00153	0.9106	0.20602	0.02906	0.00468	0.02441	0.01523	0.00076	0.05786	0.27442	0.00342	0.84432	0.72859
0.55292	0.60155	0.0021	0.93263	0.18801	0.02315	0.00648	0.02169	0.01967	0.00103	0.04077	0.27764	0.00297	0.88316	0.73922
0.57263	0.64623	0.00195	0.91822	0.21927	0.04405	0.01625	0.01752	0.01397	0.00047	0.05098	0.30454	0.0053	0.83245	0.77505
0.60021	0.69611	0.00152	0.89708	0.22073	0.03879	0.01117	0.02198	0.01855	0.00177	0.04536	0.30527	0.0045	0.86809	0.77177
0.57141	0.6491	0.00174	0.9279	0.20819	0.04346	0.00925	0.02126	0.01559	0.00123	0.05476	0.26075	0.00194	0.84057	0.74365
0.59071	0.68376	0.00179	0.88898	0.23185	0.03458	0.01018	0.03481	0.01277	0.00047	0.0513	0.26926	0.00264	0.89089	0.8377
0.58755	0.71128	0.00072	0.8747	0.26967	0.03915	0.00312	0.02535	0.00998	0.00098	0.05662	0.28936	0.00515	0.88926	0.79939
0.64803	0.62134	0.00096	0.85859	0.20464	0.03088	0.00341	0.03368	0.00854	0.00085	0.06085	0.26729	0.00321	0.89416	0.831
0.64546	0.57717	0.00121	0.88038	0.18743	0.03821	0.00356	0.03028	0.01538	0.00037	0.06064	0.25843	0.0041	0.91564	0.82733
0.66033	0.60389	0.00217	0.87737	0.20806	0.04407	0.00622	0.02307	0.0096	0.00084	0.07139	0.26717	0.00269	0.87394	0.75999
0.6345	0.59535	0.00131	0.91639	0.20699	0.05151	0.00796	0.03436	0.01925	0.00085	0.06364	0.28069	0.00394	0.88109	0.83453
0.67474	0.61782	0.00102	0.88049	0.22736	0.05357	0.00923	0.02734	0.01461	0.00056	0.08215	0.29609	0.00153	0.85354	0.80149
0.64795	0.60233	0.00099	0.89154	0.22394	0.05061	0.00666	0.02912	0.01707	0.00106	0.05485	0.24691	0.00241	0.88192	0.81885
0.64222	0.63488	0.00063	0.8953	0.22848	0.04176	0.00503	0.02328	0.01064	0.00116	0.05743	0.30396	0.00107	0.855	0.78693
0.56951	0.63686	0.00119	0.88119	0.22281	0.03751	0.00325	0.0339	0.01022	0.00082	0.05616	0.30586	0.00516	0.87323	0.78966
0.63334	0.63601	0.00134	0.88956	0.21156	0.05478	0.0076	0.02188	0.01626	0.00089	0.05415	0.32899	0.00293	0.85989	0.79696
0.5822	0.62066	0.00086	0.91259	0.20492	0.04535	0.00874	0.01838	0.01148	0.00106	0.05073	0.28546	0.00227	0.82402	0.79323
0.53434	0.649	0.00098	0.91307	0.22748	0.03456	0.00659	0.03088	0.01096	0.00151	0.03705	0.2612	0.00707	0.87086	0.81147
0.59014	0.6467	0.00238	0.91339	0.23107	0.05545	0.00723	0.01997	0.01299	0.00112	0.04729	0.30022	0.00202	0.81997	0.7524
0.60218	0.62608	0.00179	0.94098	0.21873	0.05946	0.0046	0.01821	0.01279	0.00118	0.05384	0.2678	0.0019	0.86053	0.75253
0.61368	0.63795	0.00117	0.89369	0.23049	0.0665	0.01136	0.02237	0.01671	0.00106	0.05782	0.31229	0.00256	0.88069	0.73559
0.56855	0.59405	0.00098	0.9125	0.2215	0.05487	0.00576	0.02057	0.01616	0.00127	0.06295	0.33112	0.00476	0.82854	0.75472
0.5843	0.65177	0.00051	0.90745	0.21801	0.03765	0.01334	0.02566	0.009	0.00093	0.04827	0.28783	0.00157	0.82867	0.67936
0.56397	0.609	0.00138	0.91676	0.21945	0.06318	0.01131	0.01471	0.01722	0.00101	0.04522	0.27743	0.00149	0.84661	0.67895
0.60111	0.63694	0.00101	0.93131	0.20874	0.05573	0.01073	0.02251	0.01994	0.00118	0.04385	0.27214	0.00371	0.84046	0.73758
0.61514	0.63947	0.00069	0.87115	0.21498	0.03803	0.0075	0.03124	0.00954	0.00284	0.0659	0.28419	0.00349	0.82748	0.68833
0.60026	0.65329	0.00065	0.8891	0.24292	0.03129	0.00693	0.04567	0.01458	0.00088	0.06027	0.25196	0.00352	0.77826	0.73587
0.57324	0.56598	0.00072	0.9051	0.22263	0.05925	0.00556	0.03308	0.01546	0.0039	0.079	0.34006	0.00626	0.75094	0.74182
0.60858	0.6414	0.0008	0.87347	0.23997	0.05711	0.00396	0.03071	0.0156	0.002	0.0488	0.30238	0.00236	0.77859	0.72894
0.62088	0.62662	0.00058	0.88789	0.24497	0.06525	0.00444	0.0328	0.01628	0.00045	0.07305	0.28055	0.00134	0.84177	0.64292
0.62323	0.66574	0.00112	0.84945	0.22171	0.02939	0.00647	0.02466	0.01803	0.00116	0.06079	0.27589	0.00575	0.91131	0.7643
0.64732	0.63717	0.00047	0.86984	0.23278	0.04072	0.00363	0.03195	0.01693	0.00073	0.06834	0.30709	0.00285	0.86853	0.70822
0.59032	0.66225	0.00062	0.85331	0.25589	0.02691	0.0041	0.03977	0.02004	0.001	0.05897	0.30154	0.00312	0.8567	0.74387
0.63243	0.69593	0.00109	0.82517	0.25728	0.03025	0.01136	0.04817	0.02131	0.00049	0.09037	0.28832	0.00302	0.87106	0.72911
0.66706	0.66837	0.00068	0.84765	0.25177	0.03735	0.00463	0.04041	0.01897	0.0006	0.07255	0.29919	0.00279	0.89392	0.7338
0.65549	0.66817	0.00178	0.88727	0.25639	0.03133	0.00412	0.0312	0.01313	0.00175	0.06447	0.23669	0.00112	0.86642	0.74442
0.62495	0.66309	0.0008	0.86925	0.25291	0.04213	0.00331	0.02036	0.01073	0.00194	0.0548	0.29422	0.00114	0.85729	0.70256
0.64958	0.70071	0.00042	0.84881	0.25888	0.04348	0.01359	0.03421	0.0166	0.00309	0.04494	0.31266	0.00196	0.88097	0.73479
0.64035	0.67393	0.00079	0.85458	0.23181	0.02769	0.00883	0.03891	0.01668	0.00143	0.05848	0.28533	0.00051	0.88907	0.68684
0.67503	0.63411	0.00074	0.84971	0.22716	0.04265	0.00549	0.03015	0.01545	0.00089	0.08019	0.2751	0.00248	0.87023	0.70179
0.6362	0.65576	0.00151	0.82721	0.22645	0.0243	0.00449	0.03716	0.01902	0.00102	0.08163	0.32499	0.00211	0.8633	0.7477
0.73378	0.65787	0.00115	0.80998	0.21982	0.02324	0.00344	0.05863	0.02939	0.00108	0.0979	0.32498	0.00384	0.89585	0.71788
0.66983	0.64638	0.00052	0.84714	0.20395	0.01972	0.00483	0.06044	0.01638	0.00101	0.1019	0.32296	0.00418	0.89679	0.70205
0.65458	0.65406	0.00075	0.84549	0.22395	0.03944	0.00813	0.02501	0.0117	0.00096	0.07408	0.32593	0.00263	0.8757	0.66162
0.66083	0.66242	0.00143	0.8725	0.24949	0.05039	0.00947	0.02718	0.01816	0.00524	0.06241	0.33842	0.00394	0.86999	0.69398
0.65116	0.65563	0.00107	0.89353	0.23446	0.05785	0.0109	0.03825	0.02664	0.00084	0.06611	0.29516	0.00264	0.80825	0.70993
0.63554	0.69001	0.00058	0.88025	0.27411	0.05607	0.01231	0.0294	0.01736	0.00161	0.05388	0.26542	0.00159	0.85051	0.62751
0.61974	0.65129	0.00077	0.86285	0.21669	0.05831	0.01438	0.02243	0.01897	0.00047	0.06166	0.30908	0.00486	0.90346	0.77741
0.59994	0.64896	0.00094	0.88597	0.23809	0.03696	0.00451	0.02572	0.01408	0.00058	0.06726	0.32774	0.00271	0.84348	0.73839
0.63304	0.64576	0.00107	0.87792	0.24529	0.05345	0.00497	0.02468	0.01316	0.00085	0.05779	0.30073	0.00294	0.86675	0.73371
0.63045	0.64526	0.00084	0.87976	0.22701	0.05548	0.01845	0.031	0.01214	0.00318	0.0661	0.32189	0.00229	0.85867	0.75175
0.6355	0.64916	0.00109	0.87551	0.26008	0.04742	0.00292	0.03206	0.01575	0.0006	0.0654	0.30273	0.00143	0.86712	0.80156
0.64357	0.61677	0.00055	0.83241	0.2112	0.03518	0.00447	0.03543	0.01319	0.00121	0.07664	0.33772	0.00446	0.87883	0.83011
0.64535	0.62008	0.00098	0.86502	0.21517	0.06188	0.00552	0.01908	0.01795	0.00091	0.07071	0.30923	0.00282	0.85049	0.77051
0.6438	0.65837	0.00182	0.87843	0.30128	0.06305	0.007	0.02332	0.02153	0.00071	0.06471	0.2872	0.00188	0.89057	0.80652
0.63058	0.61589	0.00116	0.85311	0.22146	0.05461	0.00606	0.02194	0.01392	0.00098	0.05188	0.25067	0.00278	0.90667	0.7985
0.64056	0.65697	0.0014	0.87068	0.25387	0.06204	0.00748	0.03208	0.0165	0.00098	0.07351	0.29144	0.00293	0.90752	0.82626
0.68263	0.60248	0.00092	0.88411	0.21135	0.06429	0.00587	0.02947	0.02032	0.00126	0.06476	0.29686	0.00331	0.90206	0.84774
0.61287	0.65311	0.00071	0.85983	0.24646	0.05089	0.01055	0.02938	0.01094	0.00082	0.08173	0.31323	0.00133	0.8697	0.83069
0.63486	0.65408	0.00086	0.87467	0.26196	0.07848	0.01499	0.02645	0.0209	0.0011	0.07364	0.29588	0.00392	0.87261	0.82387
0.62959	0.68497	0.00096	0.86237	0.23066	0.06347	0.00973	0.01993	0.01757	0.00148	0.0583	0.28102	0.00447	0.86595	0.79519
0.61056	0.65208	0.00079	0.88376	0.24154	0.06411	0.00438	0.02641	0.01999	0.00349	0.06384	0.31149	0.00592	0.84532	0.85368
0.57857	0.61128	0.00107	0.88764	0.20946	0.04616	0.00466	0.01892	0.01524	0.00083	0.05209	0.31398	0.00459	0.88578	0.83121
0.60689	0.62174	0.00205	0.90116	0.19868	0.04656	0.00777	0.02989	0.01392	0.00059	0.07493	0.34116	0.01152	0.86821	0.84187
0.59842	0.64779	0.00132	0.89778	0.24309	0.051	0.00449	0.02001	0.01851	0.00144	0.07091	0.34694	0.00551	0.8542	0.83313
0.60331	0.63513	0.00144	0.85831	0.22078	0.04973	0.00304	0.03244	0.01211	0.00088	0.08985	0.34954	0.00374	0.85472	0.82888
0.59404	0.59148	0.00143	0.8949	0.21886	0.03246	0.00298	0.02287	0.01609	0.00101	0.07333	0.29726	0.00257	0.84661	0.80975
0.63039	0.61575	0.00184	0.89204	0.22023	0.03713	0.00557	0.02544	0.01496	0.00066	0.06146	0.31921	0.00344	0.86857	0.80895
0.62095	0.61325	0.00052	0.93913	0.218	0.06149	0.01031	0.02845	0.01917	0.00044	0.06794	0.2738	0.00422	0.80219	0.81822
0.63292	0.6609	0.00068	0.89725	0.26845	0.03879	0.00768	0.03563	0.01963	0.00119	0.05478	0.2705	0.00288	0.89566	0.80214
0.59139	0.61037	0.0023	0.91179	0.22123	0.05196	0.00992	0.02114	0.01375	0.00137	0.04808	0.2935	0.00389	0.87197	0.82343
0.63232	0.58376	0.00086	0.91064	0.21602	0.05692	0.00582	0.01324	0.01666	0.00082	0.06348	0.34784	0.00328	0.82948	0.7867
0.56744	0.58986	0.00127	0.89136	0.23126	0.04923	0.0099	0.01372	0.01875	0.00085	0.04656	0.31012	0.00273	0.90093	0.7938
0.63809	0.59277	0.0008	0.92321	0.20586	0.03698	0.00285	0.03587	0.01022	0.00066	0.06629	0.28034	0.00144	0.86374	0.76093
0.6363	0.62955	0.00098	0.90551	0.22428	0.03535	0.00698	0.02687	0.01709	0.00135	0.07396	0.32452	0.00283	0.87313	0.79614
0.64164	0.61832	0.0008	0.86847	0.21533	0.0314	0.00439	0.03391	0.01118	0.00393	0.08713	0.30741	0.00169	0.8925	0.76264
0.57376	0.59972	0.00053	0.88469	0.23078	0.03966	0.01139	0.03235	0.01118	0.00114	0.0709	0.30048	0.00205	0.8828	0.78522
0.60424	0.62646	0.00032	0.90282	0.21759	0.05241	0.00599	0.02152	0.02136	0.0008	0.07314	0.32488	0.00634	0.84662	0.80366
0.54203	0.6131	0.00067	0.90411	0.23061	0.02244	0.00503	0.02939	0.00989	0.00092	0.05165	0.2969	0.00271	0.8879	0.79861
0.58914	0.63998	0.00101	0.89643	0.23462	0.0302	0.00725	0.0282	0.00789	0.00061	0.0747	0.29209	0.00373	0.84373	0.79988
0.55425	0.6036	0.00108	0.93001	0.21583	0.03335	0.00709	0.02046	0.00874	0.00053	0.05114	0.3297	0.00378	0.86246	0.79561
0.56769	0.64284	0.00089	0.92147	0.23027	0.03865	0.00911	0.02887	0.0115	0.00149	0.06132	0.28093	0.00376	0.83369	0.78233
0.60631	0.58565	0.00153	0.89584	0.21618	0.04347	0.00254	0.01941	0.01106	0.0006	0.07005	0.33036	0.00329	0.86624	0.79197
0.58064	0.619	0.00104	0.88073	0.22384	0.02764	0.007	0.03216	0.01438	0.00504	0.07223	0.27268	0.00356	0.8824	0.78082
0.61825	0.62892	0.0007	0.88759	0.21374	0.0514	0.00694	0.02517	0.01843	0.00064	0.07523	0.31916	0.00401	0.82991	0.83416
0.62016	0.63631	0.00199	0.86623	0.23395	0.02792	0.0015	0.04363	0.01427	0.00075	0.07855	0.29607	0.00279	0.8427	0.78466
0.5916	0.71865	0.0004	0.85774	0.25318	0.02847	0.00614	0.03226	0.01592	0.00104	0.07444	0.29296	0.00488	0.85745	0.78559
0.60078	0.65441	0.00162	0.86791	0.23895	0.03499	0.00748	0.04568	0.01106	0.00325	0.05731	0.28341	0.00248	0.76743	0.71124
0.60129	0.6259	0.00114	0.88188	0.23947	0.04974	0.00765	0.02881	0.02027	0.00097	0.06083	0.3158	0.0021	0.77777	0.6729
0.59401	0.64377	0.00058	0.85196	0.23021	0.02765	0.00513	0.04836	0.0202	0.00067	0.08106	0.2922	0.00132	0.84219	0.69539
0.65448	0.62922	0.00028	0.89071	0.20864	0.04719	0.00416	0.0397	0.01784	0.00127	0.06553	0.31358	0.00314	0.8279	0.71031
0.65201	0.61412	0.0013	0.88688	0.20621	0.03943	0.00508	0.03376	0.01497	0.00106	0.06286	0.30087	0.00154	0.83034	0.6702
0.61507	0.67022	0.00086	0.89976	0.23885	0.03285	0.01717	0.03629	0.01412	0.00099	0.05689	0.2836	0.00083	0.83644	0.71347
0.62391	0.72917	0.00068	0.8992	0.25474	0.02757	0.00864	0.04398	0.01843	0.00134	0.05112	0.27306	0.00154	0.86392	0.74044
0.57631	0.61348	0.0011	0.89899	0.21957	0.03337	0.00823	0.02852	0.02269	0.00089	0.05028	0.27394	0.00142	0.88332	0.73871
0.61916	0.61646	0.00145	0.88738	0.20699	0.0182	0.00313	0.03421	0.01656	0.00127	0.06028	0.26316	0.00147	0.87221	0.76546
0.58062	0.58933	0.00042	0.91616	0.21832	0.03575	0.00653	0.02549	0.01874	0.00188	0.0611	0.30499	0.00126	0.8526	0.74353
0.60812	0.60479	0.00077	0.89604	0.16928	0.04567	0.00356	0.03021	0.01187	0.00144	0.06283	0.28346	0.00201	0.87479	0.74742
0.59547	0.60828	0.0007	0.90808	0.19142	0.03661	0.0084	0.01741	0.02814	0.0009	0.04792	0.29306	0.0011	0.85921	0.75533
0.61	0.66193	0.00043	0.89588	0.20052	0.03903	0.00594	0.02295	0.01324	0.00174	0.04247	0.26655	0.00177	0.83552	0.76754
0.58692	0.62343	0.00112	0.8899	0.20797	0.03528	0.00849	0.01898	0.01618	0.00128	0.0468	0.27284	0.00108	0.85411	0.73855
0.64825	0.61355	0.00147	0.89713	0.19948	0.04875	0.00626	0.02694	0.0173	0.00079	0.05861	0.2965	0.00365	0.85222	0.75637
0.60402	0.59517	0.00048	0.88307	0.1996	0.033	0.00705	0.02851	0.01291	0.00121	0.06639	0.26868	0.00144	0.86597	0.74889
0.60341	0.63976	0.00106	0.89669	0.22872	0.02754	0.00441	0.03537	0.01881	0.00084	0.07468	0.29887	0.00287	0.81947	0.75983
0.63735	0.68478	0.00122	0.91967	0.2823	0.03496	0.00179	0.03139	0.01597	0.00088	0.05665	0.25295	0.00116	0.84322	0.70092
0.62866	0.65427	0.00105	0.89012	0.26439	0.04005	0.00955	0.0411	0.01103	0.00158	0.06642	0.25048	0.00137	0.88439	0.78919
0.65776	0.64843	0.00091	0.89159	0.23265	0.03693	0.00927	0.0393	0.0129	0.00112	0.07071	0.3125	0.00139	0.89941	0.72654
0.63549	0.64246	0.00082	0.87052	0.2091	0.01792	0.00412	0.03751	0.01656	0.00053	0.07576	0.29928	0.00129	0.90395	0.74263
0.60116	0.67152	0.00089	0.88697	0.24819	0.03909	0.00399	0.02234	0.01632	0.00047	0.06854	0.27375	0.00453	0.86581	0.73939
0.59428	0.72413	0.00071	0.86156	0.24096	0.01973	0.0045	0.03859	0.01569	0.00094	0.06227	0.28356	0.00356	0.86859	0.77189
0.5729	0.62808	0.00163	0.89157	0.24583	0.03539	0.00634	0.02731	0.01326	0.0031	0.0626	0.2503	0.00418	0.8969	0.78573
0.6051	0.64114	0.001	0.86195	0.25184	0.02679	0.00578	0.03659	0.01825	0.00076	0.08552	0.29262	0.00501	0.90573	0.80344
0.54875	0.69154	0.00101	0.84325	0.2603	0.02491	0.00957	0.03909	0.01782	0.00135	0.07866	0.27858	0.00416	0.90849	0.74634
0.5388	0.65126	0.00079	0.85594	0.23508	0.0249	0.00507	0.02309	0.02172	0.00068	0.06823	0.26757	0.00217	0.90834	0.8048
0.60856	0.62173	0.00128	0.87913	0.24761	0.02082	0.00679	0.04002	0.01275	0.00181	0.07175	0.27685	0.00279	0.92372	0.8495
0.5752	0.65198	0.00101	0.90574	0.2455	0.04857	0.01345	0.03037	0.0113	0.00129	0.05372	0.31924	0.00267	0.86326	0.7601
0.55778	0.63804	0.00089	0.87987	0.21258	0.02402	0.00737	0.03905	0.01555	0.00066	0.04897	0.29913	0.00119	0.90311	0.75508
0.5717	0.72459	0.00104	0.86313	0.2728	0.02348	0.00384	0.03027	0.01839	0.0011	0.05146	0.26666	0.00204	0.90098	0.7941
0.586	0.66954	0.00057	0.8887	0.25456	0.05014	0.00678	0.02481	0.01005	0.00091	0.05841	0.32616	0.00191	0.89065	0.74867
0.64588	0.62589	0.00133	0.8909	0.22254	0.03901	0.00412	0.02154	0.01479	0.0014	0.06156	0.30601	0.0033	0.907	0.79758
0.64967	0.62743	0.00109	0.91162	0.24441	0.05581	0.00288	0.01577	0.01508	0.00048	0.06807	0.30451	0.00187	0.87195	0.76062
0.60765	0.64474	0.00161	0.8912	0.25583	0.04181	0.01146	0.02994	0.01081	0.00104	0.06132	0.28925	0.00183	0.85861	0.75023
0.61553	0.62018	0.0005	0.88248	0.22754	0.04001	0.00882	0.0287	0.0138	0.00124	0.06907	0.31059	0.00138	0.89226	0.75089
0.59521	0.67808	0.00067	0.88742	0.2718	0.02834	0.00517	0.0326	0.01323	0.00055	0.06454	0.29254	0.00212	0.91265	0.79007
0.6785	0.69644	0.00077	0.88608	0.29501	0.02919	0.01342	0.04356	0.0211	0.0009	0.08013	0.32828	0.00061	0.86592	0.75877
0.66675	0.67247	0.00065	0.86197	0.25978	0.0323	0.00348	0.0447	0.01632	0.00165	0.07268	0.35362	0.00285	0.87795	0.81845
0.63497	0.68293	0.00033	0.85986	0.27997	0.03652	0.01017	0.04921	0.01522	0.00089	0.07075	0.31645	0.00173	0.91395	0.78493
0.63366	0.63666	0.00083	0.87111	0.23571	0.03225	0.01068	0.03251	0.01143	0.00103	0.07311	0.32395	0.00165	0.89731	0.80954
0.65151	0.64344	0.00058	0.85042	0.228	0.02469	0.0046	0.04516	0.01436	0.00067	0.09179	0.29255	0.00162	0.90448	0.79695
0.64792	0.61481	0.00057	0.86665	0.23579	0.0393	0.00848	0.02557	0.01433	0.00101	0.07705	0.30461	0.00223	0.91236	0.80822
0.60291	0.6816	0.00105	0.82441	0.26006	0.02377	0.00514	0.04903	0.02197	0.00065	0.06869	0.33665	0.00229	0.92774	0.7601
0.68426	0.67203	0.00106	0.85073	0.2395	0.02913	0.0048	0.03448	0.01861	0.0012	0.08189	0.2751	0.00325	0.90521	0.77577
0.71183	0.70927	0.00134	0.85086	0.26504	0.02968	0.00892	0.0412	0.01242	0.00071	0.11054	0.33713	0.00251	0.88694	0.76862
0.65804	0.67819	0.00071	0.84071	0.24514	0.02356	0.00814	0.04444	0.02057	0.0009	0.09017	0.29343	0.00144	0.91011	0.80714
0.65391	0.66686	0.00072	0.83926	0.22299	0.01846	0.00407	0.0513	0.02183	0.00081	0.09508	0.28915	0.00339	0.89579	0.79045
0.63398	0.67966	0.00102	0.84855	0.2717	0.02309	0.00401	0.0261	0.02076	0.0021	0.06699	0.30277	0.00192	0.8848	0.76051
0.62851	0.67599	0.00085	0.86982	0.28163	0.02198	0.00986	0.03507	0.02575	0.00084	0.07275	0.3213	0.00279	0.89261	0.78127
0.62771	0.70275	0.00116	0.84226	0.22772	0.02721	0.00319	0.0404	0.02307	0.00077	0.08125	0.36169	0.00304	0.85755	0.69201
0.65396	0.75967	0.00066	0.8843	0.32863	0.03461	0.00866	0.043	0.02194	0.00066	0.06163	0.31822	0.00349	0.88282	0.79768
0.59785	0.64781	0.00085	0.87535	0.21993	0.03156	0.00552	0.04286	0.01963	0.00064	0.07698	0.32221	0.00309	0.8401	0.72331
0.62235	0.66599	0.00132	0.85418	0.24615	0.01819	0.0065	0.052	0.02202	0.00079	0.09076	0.31451	0.00353	0.88572	0.77454
0.61128	0.64607	0.00045	0.82162	0.25776	0.03242	0.00211	0.0411	0.02344	0.0011	0.09427	0.33732	0.00265	0.89338	0.83927
0.63798	0.69184	0.00079	0.8546	0.24396	0.02878	0.00628	0.04005	0.01894	0.00092	0.07356	0.35368	0.00232	0.87754	0.76846
0.63965	0.68369	0.00136	0.847	0.24961	0.01719	0.00305	0.05209	0.0249	0.00135	0.08345	0.32363	0.00297	0.88385	0.71929
0.67941	0.66748	0.00058	0.83994	0.2346	0.02426	0.00542	0.05733	0.01692	0.00054	0.10165	0.33502	0.0067	0.90186	0.77857
0.67139	0.64819	0.00133	0.84149	0.21219	0.02779	0.00685	0.04849	0.02458	0.00126	0.12086	0.32614	0.00573	0.93119	0.82585
0.66123	0.6433	0.00068	0.85976	0.2228	0.02061	0.00364	0.05044	0.01871	0.00069	0.09806	0.32918	0.00383	0.8868	0.78747
0.7178	0.63762	0.00062	0.84451	0.23264	0.02784	0.0009	0.05548	0.01466	0.00059	0.13581	0.33776	0.00127	0.88477	0.78163
0.6685	0.66296	0.00069	0.8532	0.24487	0.03528	0.00202	0.03842	0.01766	0.00059	0.09451	0.31026	0.00148	0.86594	0.72693
0.60778	0.67319	0.00092	0.85415	0.25283	0.03456	0.00686	0.04096	0.01831	0.00062	0.05677	0.2855	0.00202	0.90587	0.73078
0.60443	0.65649	0.0005	0.86166	0.27056	0.04441	0.00747	0.03702	0.01909	0.00397	0.06157	0.29933	0.00219	0.8859	0.69458
0.61958	0.67466	0.00088	0.81927	0.24781	0.03175	0.00281	0.05003	0.03111	0.00082	0.10335	0.3601	0.00153	0.92346	0.75098
0.64614	0.66647	0.00109	0.83398	0.24742	0.04229	0.01104	0.04921	0.01379	0.00118	0.07845	0.30052	0.00363	0.91755	0.77666
0.62402	0.66059	0.00113	0.82382	0.21808	0.0271	0.00849	0.06577	0.02474	0.00073	0.07397	0.29221	0.00331	0.91411	0.78896
0.62727	0.63013	0.00107	0.8516	0.20837	0.01416	0.00962	0.04085	0.01567	0.00064	0.09603	0.32798	0.00315	0.92683	0.76761
0.65112	0.71093	0.00103	0.81224	0.27859	0.02108	0.00618	0.0398	0.02655	0.00061	0.09352	0.32036	0.0018	0.90928	0.77468
0.67902	0.67621	0.00091	0.81462	0.24683	0.03232	0.00396	0.05822	0.02173	0.00135	0.0981	0.29667	0.00204	0.93612	0.81016
0.7143	0.67752	0.00039	0.82219	0.26091	0.02364	0.00557	0.04311	0.02574	0.00078	0.11297	0.27049	0.00286	0.90574	0.80565
0.65257	0.69062	0.00073	0.8683	0.28167	0.02402	0.00616	0.03034	0.02304	0.00079	0.06962	0.24404	0.00215	0.8831	0.78105
0.6456	0.66374	0.00097	0.86458	0.27198	0.01383	0.00645	0.05322	0.01436	0.00044	0.07289	0.30427	0.00097	0.93468	0.77924
0.63582	0.66322	0.0013	0.8689	0.22813	0.02917	0.00309	0.05311	0.01494	0.00084	0.08489	0.34525	0.00188	0.90212	0.80436
0.61948	0.70045	0.00058	0.85784	0.2582	0.02336	0.00694	0.04623	0.01983	0.00126	0.06683	0.31106	0.00107	0.89709	0.71444
0.6597	0.70682	0.00081	0.8475	0.25133	0.02185	0.00153	0.02536	0.01811	0.0006	0.08457	0.29983	0.00188	0.91866	0.75524
0.6352	0.63936	0.0005	0.86004	0.22027	0.02592	0.00493	0.03884	0.0166	0.00409	0.07162	0.30482	0.00209	0.90232	0.79315
0.62267	0.67189	0.00052	0.87554	0.2438	0.01603	0.00515	0.04265	0.01156	0.00084	0.07523	0.34052	0.00401	0.93996	0.79943
0.73134	0.76307	0.00067	0.8973	0.3389	0.03022	0.00693	0.04089	0.01329	0.00143	0.07656	0.25778	0.00139	0.9115	0.78275
0.64373	0.72562	0.00204	0.89905	0.29319	0.03745	0.00894	0.026	0.0173	0.00147	0.0625	0.30475	0.00115	0.89798	0.74016
0.69052	0.65332	0.001	0.89197	0.24663	0.03663	0.00578	0.03709	0.01701	0.00197	0.07516	0.3235	0.00213	0.88815	0.75269
0.66015	0.70636	0.0003	0.89799	0.27586	0.02524	0.01562	0.0464	0.01759	0.00053	0.07117	0.28677	0.00234	0.86895	0.81092
0.67436	0.73503	0.00042	0.87304	0.3036	0.03879	0.00785	0.04162	0.01248	0.00188	0.06102	0.29103	0.00152	0.89475	0.78097
0.63378	0.70323	0.0007	0.86275	0.26033	0.02388	0.0064	0.03798	0.01508	0.00045	0.06282	0.28623	0.00092	0.91803	0.78364
0.72008	0.77272	0.00101	0.89189	0.33868	0.03791	0.00811	0.03509	0.02307	0.00059	0.07216	0.26106	0.00059	0.90847	0.75199
0.68418	0.73791	0.00037	0.86454	0.31634	0.03057	0.00406	0.0374	0.02413	0.00133	0.05815	0.28332	0.00236	0.92473	0.78601
0.66636	0.66102	0.00045	0.871	0.25626	0.03089	0.00357	0.03687	0.02014	0.00104	0.07141	0.29467	0.0006	0.91255	0.78132
0.71681	0.72699	0.00056	0.88903	0.30465	0.02579	0.00456	0.03309	0.01218	0.00125	0.0802	0.31547	0.00056	0.88346	0.81124
0.70493	0.74422	0.00036	0.89237	0.3208	0.05412	0.00601	0.0409	0.02124	0.00134	0.09293	0.28466	0.00172	0.94126	0.82451
0.63989	0.65537	0.00157	0.8805	0.2345	0.0451	0.00853	0.05309	0.02181	0.00098	0.08489	0.29751	0.00328	0.92969	0.79431
0.67104	0.68196	0.00117	0.88785	0.26475	0.03404	0.008	0.05195	0.01455	0.00508	0.08827	0.30461	0.00349	0.86038	0.81814
0.65903	0.67612	0.00066	0.90177	0.28443	0.03125	0.00917	0.02712	0.02599	0.00093	0.06083	0.29412	0.00161	0.91122	0.83584
0.68508	0.69507	0.00061	0.90053	0.27935	0.02985	0.00595	0.0306	0.03258	0.00097	0.08807	0.26442	0.00314	0.90009	0.81404
0.63963	0.66872	0.0026	0.90428	0.29203	0.03582	0.00679	0.02849	0.03067	0.00385	0.07795	0.27039	0.00287	0.90944	0.83896
0.60951	0.62199	0.00107	0.87756	0.26163	0.03639	0.00739	0.02334	0.01729	0.00082	0.08407	0.34008	0.00251	0.8908	0.80031
0.61484	0.68118	0.00097	0.87098	0.25899	0.04426	0.00797	0.0402	0.02225	0.00095	0.08568	0.2714	0.00242	0.89583	0.79838
0.60732	0.67043	0.00126	0.86945	0.23802	0.02664	0.00516	0.02826	0.02357	0.00059	0.06008	0.28838	0.00206	0.88494	0.77812
0.6314	0.72263	0.00078	0.86262	0.25305	0.02997	0.00717	0.03198	0.01797	0.00073	0.07073	0.26874	0.00188	0.89462	0.77619
0.71323	0.78133	0.00046	0.86921	0.34334	0.033	0.00367	0.0408	0.02476	0.00193	0.05255	0.23461	0.00099	0.87325	0.7428
0.58155	0.65006	0.00078	0.86877	0.25168	0.031	0.01242	0.02491	0.0313	0.00038	0.05367	0.26539	0.00257	0.85691	0.80664
0.62795	0.67495	0.00097	0.84498	0.24768	0.03743	0.0074	0.02831	0.01728	0.00111	0.05122	0.28851	0.00265	0.89251	0.77694
0.60549	0.63049	0.00076	0.8837	0.24596	0.05446	0.00906	0.02255	0.0155	0.00154	0.07072	0.32926	0.00279	0.87059	0.78409
0.57537	0.68389	0.00073	0.8862	0.23634	0.03496	0.00418	0.02771	0.02465	0.0011	0.06917	0.30908	0.00171	0.8306	0.80963
0.64475	0.66641	0.00101	0.877	0.2675	0.046	0.00573	0.02957	0.01767	0.00093	0.0812	0.29863	0.00203	0.87252	0.73396
0.66419	0.74408	0.00073	0.87963	0.32499	0.05694	0.00314	0.04029	0.02418	0.00165	0.05976	0.28751	0.00116	0.85092	0.72437
0.55272	0.66877	0.00108	0.86909	0.2578	0.03394	0.00745	0.03621	0.01579	0.00148	0.0583	0.30114	0.00289	0.89493	0.79804
0.58605	0.6724	0.00049	0.87328	0.25581	0.03745	0.00319	0.02929	0.01524	0.0008	0.07329	0.32115	0.00102	0.86225	0.77815
0.59668	0.70728	0.00048	0.88337	0.27916	0.03346	0.00717	0.04169	0.01777	0.00131	0.06074	0.25374	0.00219	0.89726	0.78503
0.61662	0.70858	0.00084	0.88084	0.27859	0.04148	0.00389	0.03474	0.02629	0.00124	0.05739	0.2839	0.00205	0.88333	0.79032
0.61144	0.66838	0.00051	0.86955	0.20934	0.02326	0.00722	0.04016	0.0116	0.00114	0.08574	0.32007	0.00101	0.89255	0.77924
0.66164	0.66959	0.00187	0.84537	0.23704	0.02835	0.00659	0.04066	0.01876	0.00114	0.10391	0.29681	0.00152	0.8942	0.79585
0.59787	0.63825	0.00176	0.8587	0.20973	0.03431	0.00486	0.04681	0.0167	0.00055	0.09004	0.30584	0.00164	0.87076	0.76774
0.63768	0.65622	0.00092	0.86852	0.22477	0.03041	0.01055	0.03788	0.01489	0.00171	0.06659	0.292	0.00282	0.90162	0.77706
0.68687	0.6928	0.00052	0.88554	0.29082	0.0586	0.00678	0.03101	0.01876	0.00193	0.06447	0.28569	0.00172	0.88793	0.7546
0.63284	0.6938	0.00049	0.88242	0.25462	0.03525	0.00362	0.04798	0.02003	0.00068	0.07436	0.29032	0.00162	0.88936	0.74112
0.68338	0.69476	0.00084	0.8795	0.2736	0.02466	0.00689	0.05101	0.02155	0.00041	0.09421	0.29861	0.00058	0.85468	0.73022
0.67516	0.66068	0.00073	0.86302	0.23073	0.01924	0.00166	0.05793	0.02139	0.00119	0.08876	0.36827	0.00132	0.88427	0.74666
0.68241	0.71488	0.00126	0.86938	0.29872	0.02033	0.00339	0.05746	0.02414	0.00086	0.083	0.24836	0.00206	0.89116	0.78315
0.69192	0.66547	0.00028	0.89526	0.23516	0.03319	0.00577	0.04923	0.02172	0.00068	0.09809	0.29405	0.00201	0.90526	0.79488
0.65285	0.64765	0.00079	0.87641	0.23721	0.03723	0.00456	0.04728	0.01963	0.0033	0.08277	0.3134	0.00275	0.86344	0.82462
0.65265	0.68642	0.00082	0.85684	0.26107	0.03008	0.00445	0.04829	0.01722	0.00057	0.08304	0.34455	0.00156	0.87399	0.79597
0.62341	0.66262	0.00084	0.88351	0.25219	0.03051	0.00857	0.05612	0.0167	0.00143	0.08352	0.30221	0.00184	0.85047	0.80051
0.64759	0.74075	0.0007	0.87775	0.25157	0.03987	0.00721	0.03956	0.01618	0.0008	0.07126	0.32417	0.00264	0.87125	0.75705
0.72642	0.77201	0.00092	0.89849	0.3386	0.03815	0.00385	0.04304	0.02727	0.00098	0.0842	0.28219	0.00138	0.87145	0.82214
0.65944	0.74102	0.00069	0.87311	0.28468	0.02843	0.00791	0.04894	0.02216	0.00052	0.06529	0.28	0.00233	0.89831	0.82455
0.64859	0.74472	0.00127	0.87976	0.28029	0.04193	0.01228	0.0371	0.02613	0.00122	0.06206	0.2855	0.00286	0.85796	0.82595
0.69187	0.79111	0.00067	0.87209	0.3179	0.05582	0.01119	0.06287	0.04805	0.00063	0.05467	0.2662	0.00356	0.86042	0.75505
0.60397	0.6884	0.00061	0.90385	0.23317	0.03948	0.00711	0.03541	0.03677	0.00096	0.06342	0.28906	0.00124	0.82256	0.78937
0.6118	0.70133	0.00076	0.86736	0.27696	0.02777	0.00415	0.04086	0.02464	0.00083	0.05644	0.25092	0.00131	0.89517	0.83453
0.65021	0.66778	0.00096	0.88248	0.26699	0.05585	0.00931	0.03735	0.01812	0.00108	0.08042	0.29898	0.00216	0.90764	0.81165
0.59949	0.6884	0.00079	0.8683	0.25199	0.04972	0.00717	0.03348	0.02385	0.00122	0.05077	0.27181	0.00142	0.86493	0.78228
0.60627	0.68851	0.00128	0.8679	0.22992	0.02694	0.00581	0.03588	0.01689	0.0012	0.0742	0.32033	0.00147	0.90611	0.78476
0.64239	0.68483	0.00105	0.85323	0.26571	0.02298	0.00734	0.04791	0.02076	0.00073	0.073	0.32686	0.00142	0.9094	0.78902
0.65836	0.65503	0.00057	0.86793	0.24179	0.02208	0.00393	0.06242	0.01549	0.00058	0.09677	0.31551	0.00177	0.87778	0.81651
0.6529	0.67911	0.00057	0.85121	0.24892	0.04459	0.00619	0.07409	0.01877	0.0006	0.09976	0.30116	0.00176	0.875	0.74056
0.61231	0.65726	0.00082	0.87881	0.22875	0.03678	0.00785	0.05254	0.01401	0.00103	0.07407	0.31394	0.00105	0.88266	0.78796
0.61192	0.65195	0.00045	0.85168	0.22489	0.01433	0.005	0.04155	0.01215	0.00072	0.10028	0.30121	0.00141	0.8761	0.76314
0.63983	0.65543	0.00039	0.85114	0.21631	0.02395	0.00222	0.04284	0.02457	0.00036	0.09241	0.31599	0.00107	0.90775	0.78628
0.61683	0.62386	0.00022	0.87191	0.20075	0.02123	0.00532	0.04049	0.01101	0.00294	0.06843	0.30249	0.00965	0.85543	0.81219
0.62689	0.67083	0.00053	0.85544	0.26398	0.01492	0.00614	0.06454	0.02451	0.00067	0.08525	0.28781	0.00172	0.90363	0.79757
0.63104	0.69263	0.00046	0.85471	0.28667	0.02234	0.00697	0.03752	0.01896	0.00169	0.06996	0.27535	0.00145	0.90238	0.77452
0.60993	0.68903	0.00068	0.88111	0.28392	0.02322	0.01183	0.04976	0.01761	0.00103	0.07505	0.28797	0.00181	0.90729	0.82631
0.63149	0.72746	0.00088	0.86573	0.3041	0.03565	0.00788	0.0324	0.02331	0.00059	0.07142	0.29065	0.00445	0.91485	0.78892
0.68833	0.72017	0.00045	0.84605	0.27636	0.01553	0.01374	0.03863	0.01735	0.0006	0.06758	0.28003	0.00118	0.90225	0.77349
0.7035	0.72998	0.00131	0.83812	0.31569	0.03831	0.00481	0.02892	0.02096	0.00114	0.07591	0.2857	0.0026	0.90676	0.74953
0.61588	0.69075	0.00039	0.84133	0.26906	0.03522	0.00666	0.04376	0.01879	0.0006	0.08473	0.27308	0.00271	0.90609	0.77642
0.66595	0.74704	0.00052	0.84713	0.29735	0.03131	0.00805	0.04767	0.02186	0.00042	0.05291	0.30243	0.004	0.91734	0.74051
0.61085	0.6582	0.00112	0.85869	0.23936	0.03179	0.00973	0.03338	0.01574	0.0013	0.06157	0.30956	0.00287	0.9035	0.797
0.61809	0.66258	0.00088	0.8625	0.23752	0.03946	0.00754	0.02806	0.02224	0.00059	0.06196	0.32246	0.00467	0.90458	0.81565
0.69091	0.71526	0.00074	0.8632	0.29396	0.04344	0.00403	0.03402	0.02571	0.00094	0.07527	0.29604	0.00401	0.91239	0.79335
0.63736	0.6372	0.00118	0.86056	0.25654	0.03789	0.0055	0.04039	0.01623	0.00064	0.08286	0.30368	0.00537	0.90575	0.82733
0.66682	0.69977	0.00057	0.87358	0.28028	0.03513	0.00723	0.03433	0.02703	0.00151	0.06169	0.29102	0.00596	0.91468	0.82226
0.57567	0.67204	0.00107	0.8939	0.25637	0.04029	0.01183	0.03137	0.01812	0.00135	0.06205	0.28668	0.00392	0.90435	0.82415
0.60856	0.70406	0.00064	0.8514	0.27909	0.02801	0.01017	0.03826	0.02173	0.00134	0.0588	0.28544	0.00502	0.8979	0.80783
0.64388	0.66432	0.00132	0.83675	0.24337	0.02231	0.00431	0.04804	0.01894	0.00061	0.08835	0.31558	0.00514	0.92887	0.76272
0.61937	0.66711	0.00105	0.845	0.24736	0.0274	0.00414	0.02842	0.01711	0.00373	0.07853	0.30973	0.00443	0.90943	0.79696
0.6575	0.65999	0.0006	0.8341	0.20381	0.01789	0.00324	0.05309	0.01588	0.0013	0.08042	0.32222	0.00743	0.92574	0.78534
0.62151	0.68663	0.00052	0.85229	0.22439	0.01598	0.00727	0.04255	0.02056	0.00108	0.07489	0.36824	0.00815	0.918	0.82876
0.60808	0.64644	0.00075	0.85366	0.24099	0.02614	0.01281	0.04021	0.02044	0.00125	0.04828	0.30517	0.00558	0.89189	0.80442
0.59982	0.68918	0.0003	0.84586	0.26139	0.0142	0.00641	0.04027	0.01735	0.00085	0.07748	0.32538	0.00206	0.92905	0.777
0.62169	0.62909	0.00113	0.84797	0.22636	0.02084	0.00721	0.05784	0.02602	0.00107	0.09085	0.32527	0.00755	0.94183	0.82162
0.62628	0.67191	0.00107	0.84156	0.24165	0.01681	0.01126	0.07289	0.02551	0.00104	0.08789	0.3059	0.00395	0.90267	0.74234
0.61499	0.66332	0.00094	0.84914	0.24582	0.03699	0.00485	0.0519	0.01834	0.00038	0.092	0.3249	0.00541	0.89513	0.80927
0.61144	0.72183	0.00071	0.86366	0.29688	0.03584	0.00547	0.04305	0.01855	0.00084	0.07524	0.2885	0.00225	0.88588	0.75359
0.62165	0.6513	0.00089	0.83196	0.22703	0.03466	0.00388	0.05919	0.02292	0.00382	0.09951	0.32358	0.00242	0.8895	0.73983
0.61404	0.67102	0.0011	0.82951	0.21625	0.02393	0.00585	0.04913	0.02017	0.00053	0.0848	0.3146	0.00267	0.90288	0.78858
