mass_1	mass_2	phase	time	distance	a_1	a_2	tilt_1	tilt_2	phi_12	phi_jl	theta_jn	psi	ra	dec
0.65601	0.57085	0.05041	0.70338	0.27109	0.08567	0.0677	0.02308	0.03239	0.04639	0.06728	0.42816	0.04538	0.45494	0.7984
0.45983	0.68893	0.03617	0.83879	0.23755	0.08417	0.0792	0.03012	0.0407	0.04205	0.06448	0.42474	0.03755	0.47826	0.80166
0.57069	0.75034	0.03008	0.8832	0.19441	0.09269	0.06697	0.02966	0.03263	0.04266	0.0559	0.39219	0.02486	0.55775	0.79901
0.4894	0.68744	0.01177	0.84509	0.16955	0.09524	0.06007	0.03055	0.03221	0.03795	0.02826	0.42428	0.00949	0.6457	0.82069
0.53974	0.77971	0.00882	0.68985	0.16755	0.09351	0.04803	0.0509	0.03162	0.03	0.01548	0.42214	0.00259	0.52672	0.80616
0.51317	0.73399	0.00837	0.69595	0.18216	0.09616	0.03506	0.04416	0.03639	0.0275	0.0198	0.39547	0.00473	0.67191	0.8315
0.5447	0.84832	0.00677	0.74817	0.31193	0.06727	0.03901	0.0646	0.04783	0.01912	0.01654	0.36466	0.00142	0.57591	0.79509
0.54685	0.87535	0.00575	0.71825	0.42179	0.07388	0.04518	0.06825	0.04289	0.01261	0.01564	0.39686	0.00321	0.58009	0.78529
0.49896	0.85216	0.00517	0.74428	0.21436	0.06904	0.03307	0.06245	0.04281	0.01275	0.01181	0.38204	0.00247	0.42622	0.76218
0.54387	0.89647	0.00657	0.81412	0.3745	0.07771	0.03633	0.06928	0.05228	0.01221	0.0144	0.39271	0.00159	0.5517	0.77114
0.5522	0.95136	0.0043	0.87039	0.35651	0.07931	0.03212	0.07081	0.0349	0.00961	0.01303	0.37982	0.00266	0.40695	0.77471
0.53654	0.91242	0.00411	0.87492	0.35384	0.07184	0.03665	0.07048	0.0421	0.0082	0.0119	0.40658	0.00266	0.44743	0.76713
0.44845	0.82128	0.00425	0.85783	0.27832	0.07707	0.03858	0.05709	0.04292	0.00873	0.01331	0.42921	0.00123	0.48149	0.77017
0.49474	0.87831	0.0032	0.88499	0.26075	0.06391	0.03324	0.05542	0.03658	0.0059	0.01351	0.39962	0.00097	0.47695	0.79382
0.45053	0.86983	0.00063	0.86572	0.24864	0.06874	0.04135	0.04835	0.03227	0.00636	0.01243	0.44624	0.00161	0.39298	0.77467
0.50726	0.92358	0.00102	0.93733	0.28526	0.0519	0.03959	0.05516	0.03685	0.00617	0.01674	0.43323	0.00176	0.42387	0.78556
0.45321	0.82623	0.00099	0.85389	0.23706	0.06673	0.03344	0.05282	0.03935	0.0066	0.01437	0.42965	0.00165	0.45059	0.78097
0.44937	0.89568	0.00397	0.94324	0.2836	0.05507	0.03762	0.04787	0.02557	0.00659	0.01259	0.39942	0.00158	0.36607	0.76597
0.46718	0.9352	0.00153	0.90316	0.35671	0.05408	0.04054	0.0586	0.03986	0.00515	0.01927	0.47481	0.00172	0.4245	0.77008
0.43977	0.86	0.00073	0.90454	0.33938	0.05589	0.03471	0.04361	0.03412	0.00523	0.01773	0.42102	0.00362	0.43057	0.78659
0.40046	0.76352	0.00249	0.84843	0.3176	0.06252	0.04197	0.03371	0.0333	0.00448	0.01949	0.45763	0.00262	0.35892	0.78011
0.42259	0.86527	0.00124	0.92797	0.37957	0.06292	0.03308	0.04187	0.0278	0.00519	0.03294	0.42876	0.00113	0.47397	0.77362
0.42988	0.84664	0.0012	0.88803	0.34386	0.06957	0.03172	0.03863	0.03497	0.00488	0.03271	0.43452	0.00173	0.42304	0.76833
0.44378	0.74931	0.00112	0.90839	0.35892	0.06438	0.03893	0.0439	0.03256	0.00537	0.02844	0.48463	0.00159	0.39396	0.80601
0.44286	0.82589	0.00098	0.90519	0.36854	0.05778	0.03648	0.04147	0.02718	0.00414	0.01313	0.5082	0.00134	0.42076	0.77856
0.42582	0.86044	0.00034	0.9183	0.39476	0.07165	0.03218	0.04267	0.02893	0.00614	0.03074	0.43248	0.00094	0.40509	0.75724
0.4512	0.87892	0.00049	0.92057	0.41154	0.07125	0.03347	0.04832	0.02798	0.00339	0.0122	0.49276	0.00086	0.4742	0.77147
0.4729	0.8758	0.00069	0.94674	0.36661	0.06634	0.03597	0.04082	0.02741	0.00491	0.03037	0.46125	0.00095	0.43943	0.76935
0.44488	0.87047	0.00301	0.89676	0.36788	0.06877	0.04471	0.04155	0.02933	0.00454	0.01651	0.43022	0.00211	0.43096	0.80174
0.44367	0.89724	0.00121	0.93272	0.36509	0.07017	0.03418	0.03492	0.02351	0.00167	0.02133	0.44956	0.00153	0.43247	0.76235
0.44597	0.91618	0.00161	0.93681	0.39865	0.09084	0.03535	0.03591	0.02518	0.00424	0.03826	0.48493	0.00165	0.40935	0.77084
0.45722	0.93022	0.00044	0.95773	0.34228	0.07327	0.03242	0.03566	0.02327	0.00192	0.01842	0.43123	0.00101	0.42791	0.76355
0.49601	0.95065	0.00103	0.97614	0.3343	0.04766	0.02077	0.02889	0.02766	0.00508	0.02299	0.43708	0.00108	0.40256	0.75507
0.51653	0.9478	0.00092	0.95639	0.46687	0.07159	0.02861	0.0333	0.02644	0.00382	0.03322	0.45381	0.00104	0.40731	0.76043
0.4682	0.95607	0.00116	0.97342	0.42922	0.07249	0.03454	0.03598	0.02442	0.00353	0.03663	0.44626	0.00099	0.3946	0.76521
0.43872	0.93576	0.00155	0.95478	0.35546	0.043	0.03901	0.02882	0.02325	0.00504	0.02466	0.49844	0.00111	0.41997	0.76609
0.4919	0.94698	0.00215	0.94918	0.40269	0.0688	0.03336	0.03287	0.03091	0.00749	0.01536	0.46283	0.00122	0.36314	0.78382
0.43509	0.82983	0.00075	0.92585	0.3201	0.12369	0.03186	0.0252	0.03091	0.00567	0.01882	0.44397	0.00104	0.41877	0.7608
0.43953	0.87092	0.00141	0.91796	0.29265	0.05096	0.02925	0.01502	0.02401	0.00483	0.01439	0.51399	0.00097	0.3838	0.76177
0.45215	0.90806	0.00213	0.9358	0.37961	0.0587	0.03358	0.01649	0.02731	0.00438	0.02003	0.41844	0.00143	0.42973	0.75566
0.44647	0.86323	0.00052	0.91415	0.35043	0.09273	0.03801	0.02225	0.04248	0.00099	0.03439	0.43964	0.00092	0.38094	0.74247
0.43579	0.7848	0.00051	0.93251	0.26304	0.07838	0.03488	0.02592	0.03128	0.00112	0.01307	0.42581	0.00126	0.42571	0.75622
0.47534	0.96699	0.00058	0.97881	0.34988	0.05808	0.032	0.03406	0.02734	0.0046	0.02774	0.47618	0.00131	0.41362	0.74819
0.43334	0.75326	0.0007	0.92882	0.24407	0.0801	0.03345	0.02917	0.04008	0.00246	0.01789	0.44979	0.0012	0.40606	0.75181
0.4611	0.77948	0.00051	0.93143	0.28682	0.06235	0.03409	0.02052	0.0269	0.00151	0.01888	0.42083	0.00095	0.40629	0.77139
0.46163	0.86692	0.00108	0.90163	0.35995	0.1079	0.03852	0.01653	0.01638	0.00328	0.00962	0.45347	0.00217	0.39836	0.7317
0.44115	0.82633	0.00123	0.92259	0.25974	0.08025	0.0305	0.01974	0.02277	0.00067	0.03369	0.48863	0.00089	0.35033	0.7532
0.45923	0.83201	0.00075	0.92149	0.29412	0.1476	0.03235	0.03279	0.04085	0.00472	0.02045	0.46288	0.00041	0.4374	0.74775
0.46689	0.88736	0.00054	0.90866	0.38606	0.13055	0.03489	0.0206	0.0241	0.00079	0.01357	0.49592	0.0009	0.4196	0.74084
0.46448	0.91647	0.00217	0.95471	0.37631	0.16146	0.03388	0.03415	0.03708	0.00415	0.03882	0.50272	0.00055	0.34795	0.73343
0.48454	0.86649	0.00358	0.9234	0.31497	0.09154	0.03058	0.01449	0.02805	0.00074	0.02017	0.41601	0.00117	0.4053	0.74256
0.46518	0.88959	0.00141	0.92189	0.32698	0.08692	0.03054	0.02817	0.02247	0.00122	0.02248	0.46347	0.00115	0.3685	0.73191
0.45672	0.8394	0.00105	0.93772	0.36346	0.10831	0.02953	0.01867	0.01301	0.00455	0.02116	0.45568	0.002	0.39528	0.75349
0.46979	0.84035	0.00121	0.90627	0.34225	0.08231	0.03538	0.01608	0.01777	0.00516	0.01087	0.41943	0.00228	0.39229	0.71615
0.46396	0.81367	0.00135	0.92334	0.27194	0.05557	0.02866	0.02124	0.01868	0.00085	0.01056	0.39522	0.00234	0.38308	0.73348
0.48012	0.87788	0.00073	0.91786	0.29677	0.02134	0.02356	0.01828	0.04429	0.00055	0.01188	0.40807	0.00212	0.35956	0.71282
0.52676	0.93662	0.00119	0.94732	0.29981	0.05675	0.02798	0.01471	0.0156	0.0007	0.00948	0.3657	0.002	0.31855	0.72625
0.46993	0.86771	0.00124	0.91775	0.3555	0.04034	0.0331	0.01604	0.01731	0.00037	0.01118	0.41151	0.00087	0.37991	0.808
0.41519	0.74895	0.001	0.91054	0.26159	0.07285	0.02704	0.01834	0.02754	0.00334	0.02178	0.49259	0.00153	0.38248	0.74215
0.43817	0.7974	0.00111	0.88122	0.28071	0.11256	0.03155	0.03406	0.03682	0.00448	0.02389	0.41996	0.00191	0.36344	0.74813
0.45809	0.82752	0.00126	0.96043	0.30159	0.05473	0.01388	0.01848	0.02352	0.00394	0.01126	0.49087	0.00441	0.37532	0.77518
0.46005	0.8943	0.00083	0.90447	0.35455	0.03812	0.01923	0.02778	0.01919	0.00073	0.0176	0.46751	0.00185	0.35282	0.80641
0.45821	0.80219	0.00162	0.92755	0.35804	0.03607	0.02705	0.02068	0.02446	0.00386	0.0092	0.4882	0.00325	0.45142	0.84207
0.43707	0.81114	0.001	0.90962	0.37956	0.02358	0.01965	0.01933	0.01825	0.00372	0.01683	0.46763	0.00186	0.39561	0.85584
0.45686	0.8814	0.00175	0.91591	0.42792	0.08108	0.01845	0.02963	0.02685	0.00326	0.02536	0.4799	0.00382	0.44286	0.85606
0.47447	0.77268	0.00114	0.91888	0.309	0.08655	0.02502	0.04294	0.05009	0.00071	0.02394	0.47131	0.00105	0.41367	0.80541
0.47734	0.82576	0.002	0.9113	0.41185	0.05166	0.03058	0.01968	0.0507	0.00075	0.01643	0.50532	0.00238	0.48649	0.87373
0.48707	0.7802	0.00085	0.94103	0.33135	0.02731	0.02311	0.01573	0.02723	0.00184	0.01065	0.4386	0.00208	0.42463	0.87915
0.40017	0.70997	0.00102	0.91208	0.31817	0.08591	0.01769	0.03379	0.0363	0.00462	0.02648	0.4582	0.00291	0.43067	0.85511
0.41245	0.83122	0.00067	0.88136	0.28332	0.06458	0.01883	0.03287	0.03373	0.00275	0.01266	0.44482	0.00153	0.40918	0.75925
0.45223	0.69218	0.00114	0.9002	0.29271	0.06959	0.0245	0.0624	0.04804	0.00323	0.01903	0.45784	0.00264	0.42123	0.85923
0.43101	0.71142	0.00096	0.93143	0.35059	0.07907	0.03825	0.03761	0.01242	0.00402	0.01503	0.56994	0.00424	0.39013	0.85335
0.42834	0.76921	0.00063	0.89087	0.37386	0.09692	0.02898	0.02691	0.02159	0.00437	0.0124	0.49142	0.00241	0.44417	0.85772
0.44541	0.82499	0.00108	0.8993	0.38652	0.04863	0.02202	0.04213	0.03595	0.00064	0.02493	0.54828	0.00323	0.40346	0.82512
0.45806	0.89816	0.00107	0.88043	0.42721	0.04189	0.02589	0.01919	0.01804	0.00285	0.01376	0.51807	0.00316	0.44479	0.84264
0.47286	0.95834	0.00084	0.95773	0.41637	0.0524	0.0339	0.03295	0.0278	0.00416	0.03784	0.55935	0.00192	0.38094	0.80117
0.43877	0.82506	0.00187	0.89719	0.25643	0.02997	0.02289	0.04804	0.03211	0.00162	0.01425	0.52184	0.00372	0.30499	0.69931
0.40993	0.88644	0.00284	0.89536	0.3454	0.02331	0.02385	0.05556	0.0229	0.00061	0.0187	0.46503	0.00176	0.41748	0.80396
0.43866	0.72923	0.00042	0.91081	0.2576	0.06181	0.03209	0.05923	0.01966	0.00065	0.02103	0.50397	0.00121	0.34933	0.7807
0.45246	0.79672	0.00075	0.88722	0.2458	0.11425	0.0189	0.07864	0.02929	0.0007	0.02296	0.4829	0.00182	0.35229	0.75534
0.48615	0.93765	0.00128	0.92325	0.36641	0.12184	0.02207	0.02884	0.03767	0.00103	0.06994	0.45109	0.00195	0.36856	0.81021
0.43187	0.81631	0.0004	0.88914	0.28975	0.09916	0.0217	0.06318	0.03095	0.00062	0.04778	0.46205	0.00127	0.45917	0.84653
0.42084	0.69989	0.00095	0.90574	0.2498	0.11142	0.02295	0.09473	0.06698	0.00064	0.02353	0.48725	0.00212	0.33134	0.75213
0.48857	0.85326	0.00139	0.88953	0.31627	0.15042	0.03197	0.07602	0.0489	0.00234	0.07089	0.47531	0.00148	0.34233	0.80455
0.5025	0.92129	0.00031	0.88008	0.32619	0.14029	0.03604	0.04027	0.04177	0.00424	0.06512	0.50672	0.00278	0.34269	0.79278
0.47241	0.84836	0.00116	0.85528	0.32237	0.0992	0.02363	0.03441	0.03171	0.00411	0.0383	0.52065	0.00312	0.33551	0.82419
0.45607	0.8486	0.00078	0.86767	0.3021	0.08353	0.02494	0.0431	0.03374	0.00389	0.04046	0.537	0.00236	0.34428	0.82641
0.48897	0.91869	0.00137	0.8689	0.42321	0.06937	0.02174	0.04295	0.02681	0.0005	0.02222	0.50208	0.00218	0.33077	0.79937
0.47853	0.95782	0.00203	0.9028	0.32741	0.06798	0.0248	0.02372	0.03004	0.00068	0.03369	0.55479	0.00175	0.33979	0.81701
0.4743	0.88285	0.00146	0.89206	0.3479	0.06569	0.0235	0.02375	0.02556	0.00127	0.03113	0.513	0.00451	0.33791	0.80472
0.4681	0.87026	0.00091	0.87563	0.27631	0.09851	0.01637	0.04427	0.0496	0.00344	0.02829	0.47365	0.00277	0.37348	0.82931
0.48877	0.86215	0.00082	0.88352	0.35113	0.05513	0.02661	0.01438	0.0119	0.00551	0.01293	0.45859	0.00365	0.39726	0.79699
0.48661	0.89782	0.00156	0.86991	0.36825	0.05788	0.02783	0.03557	0.03292	0.0012	0.01402	0.4892	0.00182	0.46284	0.84561
0.47795	0.85866	0.00098	0.89123	0.32411	0.06688	0.0287	0.04513	0.04187	0.00584	0.02538	0.45965	0.00107	0.38896	0.83989
0.4717	0.85179	0.00141	0.88638	0.3867	0.08474	0.02059	0.04944	0.02724	0.00075	0.03077	0.47136	0.00169	0.37199	0.8729
0.47164	0.81828	0.00125	0.89132	0.25857	0.10236	0.0288	0.07312	0.05007	0.00108	0.03209	0.4753	0.00156	0.33608	0.82086
0.49299	0.92855	0.00095	0.92193	0.38118	0.08766	0.02747	0.02805	0.03172	0.00111	0.03915	0.47542	0.00165	0.34727	0.79809
0.48002	0.91305	0.00085	0.87768	0.26385	0.04728	0.02348	0.03717	0.02246	0.00033	0.01923	0.54672	0.00285	0.33438	0.79948
0.47083	0.88071	0.00058	0.90021	0.36575	0.04695	0.02562	0.03043	0.02113	0.00362	0.02236	0.49244	0.00157	0.39106	0.81298
0.50805	0.86869	0.00087	0.89116	0.29017	0.09199	0.02985	0.06145	0.04827	0.00154	0.03249	0.4939	0.00474	0.44053	0.82414
0.43726	0.81403	0.001	0.87554	0.28058	0.03216	0.01339	0.03829	0.01969	0.00105	0.00933	0.45849	0.00293	0.39561	0.84368
0.45911	0.82196	0.00094	0.90025	0.24437	0.04887	0.02366	0.06543	0.02562	0.00339	0.01692	0.4992	0.00353	0.30631	0.78746
0.44947	0.78204	0.00128	0.89542	0.25545	0.03731	0.01984	0.10525	0.0415	0.00124	0.01611	0.56756	0.00171	0.33985	0.75963
0.45516	0.95539	0.00056	0.93645	0.30383	0.07449	0.01771	0.08073	0.03462	0.00059	0.05086	0.54145	0.00071	0.35242	0.85155
0.48101	0.92447	0.00146	0.91515	0.2793	0.06761	0.02056	0.06923	0.03382	0.00075	0.019	0.44711	0.00333	0.33872	0.76483
0.46462	0.94194	0.00149	0.92347	0.33334	0.05974	0.02864	0.05983	0.02627	0.00271	0.03298	0.49097	0.00292	0.37244	0.81394
0.47226	0.94023	0.00134	0.91696	0.3906	0.04789	0.01703	0.07469	0.04531	0.0008	0.03152	0.48565	0.00288	0.34819	0.89209
0.53477	0.95473	0.00141	0.9185	0.36725	0.04192	0.02275	0.0565	0.01837	0.00302	0.02469	0.51367	0.00563	0.38505	0.86048
0.49184	0.96459	0.00058	0.94037	0.39296	0.05844	0.02312	0.0765	0.03678	0.00106	0.03816	0.49567	0.00625	0.44789	0.85977
0.47748	0.90818	0.00095	0.91163	0.3532	0.09275	0.02259	0.07293	0.03365	0.0045	0.03045	0.43552	0.00266	0.44079	0.9012
0.52317	0.97074	0.0013	0.96116	0.48111	0.03953	0.00926	0.02817	0.01916	0.00327	0.0187	0.4951	0.00374	0.46225	0.86548
0.48397	0.92554	0.00059	0.93797	0.44395	0.035	0.02199	0.04726	0.02973	0.00058	0.02211	0.40172	0.00275	0.41876	0.86931
0.43939	0.83184	0.00055	0.91577	0.29233	0.02503	0.01975	0.05821	0.02251	0.00123	0.0178	0.52352	0.00415	0.36737	0.77695
0.48752	0.91734	0.00144	0.90759	0.21217	0.04408	0.02499	0.11581	0.04863	0.0009	0.02938	0.49342	0.00159	0.31841	0.7796
0.47587	0.96078	0.00131	0.95649	0.26907	0.04612	0.02566	0.06504	0.03597	0.0008	0.03837	0.49092	0.00123	0.30829	0.78577
0.50334	0.92991	0.00114	0.93047	0.32211	0.03389	0.0119	0.04722	0.01883	0.00074	0.02466	0.53337	0.00388	0.31121	0.81675
0.49595	0.95628	0.00097	0.91799	0.34892	0.03423	0.0271	0.03351	0.02262	0.00323	0.02634	0.49106	0.0051	0.32695	0.8213
0.44071	0.96688	0.00071	0.92619	0.26956	0.03032	0.01971	0.06678	0.03182	0.00074	0.02056	0.50242	0.00369	0.32434	0.82349
0.48071	0.91919	0.00099	0.88871	0.27758	0.04918	0.02665	0.08351	0.03093	0.00401	0.02412	0.51541	0.0035	0.32619	0.84862
0.4964	0.92787	0.00147	0.92418	0.27087	0.07422	0.02707	0.08965	0.03321	0.00558	0.06916	0.49567	0.00192	0.34356	0.84541
0.4863	0.91584	0.00084	0.89044	0.18845	0.06555	0.02728	0.0376	0.01753	0.00071	0.04771	0.44153	0.00334	0.39523	0.87553
0.46616	0.93757	0.00055	0.92734	0.28896	0.04648	0.02268	0.04205	0.01957	0.00059	0.04492	0.48092	0.00296	0.33387	0.82652
0.50847	0.89566	0.00105	0.9056	0.27334	0.05973	0.01861	0.05521	0.02186	0.00103	0.02601	0.39946	0.00231	0.33183	0.81022
0.48874	0.92466	0.00069	0.91354	0.18622	0.09233	0.02091	0.06657	0.03164	0.00048	0.06329	0.43099	0.00115	0.38535	0.78658
0.48457	0.92083	0.00079	0.89451	0.21394	0.05834	0.02396	0.08418	0.03747	0.00067	0.029	0.49081	0.00227	0.31235	0.77288
0.49108	0.93917	0.00073	0.9425	0.19354	0.02433	0.02194	0.05767	0.03429	0.00365	0.02502	0.43322	0.00206	0.3467	0.77298
0.47624	0.89909	0.0023	0.89775	0.20874	0.03732	0.02048	0.05781	0.02439	0.00054	0.03264	0.53119	0.00398	0.31076	0.76143
0.4695	0.86424	0.00106	0.86011	0.21443	0.05471	0.02081	0.06096	0.03551	0.00153	0.03136	0.56097	0.00128	0.31965	0.78171
0.47152	0.91489	0.001	0.87286	0.15343	0.05155	0.02356	0.06298	0.03288	0.00104	0.02553	0.51096	0.0024	0.3469	0.80059
0.51042	0.89355	0.00037	0.87584	0.20128	0.02493	0.02081	0.03691	0.0238	0.0009	0.02862	0.50934	0.00139	0.30233	0.8046
0.47543	0.86784	0.00123	0.86729	0.14829	0.01956	0.02431	0.03587	0.01789	0.00048	0.02206	0.50271	0.00113	0.34642	0.77246
0.54523	0.9544	0.0005	0.91572	0.19104	0.03991	0.02182	0.0265	0.02143	0.00062	0.03677	0.55897	0.00365	0.35203	0.77821
0.47722	0.85885	0.00121	0.88409	0.12095	0.08757	0.03433	0.07189	0.04877	0.00137	0.07056	0.47865	0.00087	0.3383	0.71701
0.52096	0.93354	0.00084	0.84931	0.21335	0.06039	0.02593	0.04247	0.04229	0.00391	0.04255	0.56018	0.00231	0.34461	0.84865
0.48002	0.84209	0.00175	0.86545	0.18757	0.05916	0.02026	0.06368	0.0361	0.00353	0.02371	0.47922	0.00182	0.35794	0.82267
0.49171	0.9035	0.00046	0.90059	0.27753	0.02658	0.02284	0.05775	0.0304	0.0009	0.01829	0.45792	0.00276	0.3382	0.83009
0.48061	0.9057	0.00092	0.89886	0.20248	0.05533	0.03079	0.04724	0.04291	0.00082	0.02026	0.52908	0.00276	0.33868	0.82054
0.50674	0.93821	0.00133	0.94161	0.32594	0.04279	0.0405	0.04618	0.01934	0.00077	0.03441	0.46259	0.00202	0.37157	0.8667
0.48815	0.93888	0.00116	0.91677	0.23644	0.04233	0.0215	0.05929	0.04257	0.00313	0.02793	0.51081	0.00124	0.34125	0.82697
0.50281	0.97585	0.00249	0.93168	0.36478	0.0163	0.03033	0.02009	0.01418	0.00067	0.01216	0.46071	0.00173	0.38815	0.85841
0.44902	0.84969	0.0012	0.90334	0.24602	0.01827	0.01537	0.05607	0.02918	0.00034	0.01977	0.42401	0.00195	0.35464	0.85213
0.45899	0.77585	0.00091	0.92736	0.21199	0.06328	0.02774	0.09785	0.03609	0.00076	0.02798	0.51835	0.00311	0.38173	0.75089
0.49526	0.86948	0.0012	0.89043	0.25745	0.07776	0.03434	0.07655	0.0373	0.00096	0.0281	0.51263	0.0023	0.36191	0.78176
0.46665	0.8827	0.00086	0.88731	0.23312	0.06232	0.02862	0.06481	0.03585	0.00055	0.02204	0.49299	0.00151	0.32541	0.78483
0.4844	0.91316	0.00051	0.91731	0.21671	0.04541	0.01922	0.11661	0.0518	0.00058	0.0288	0.48185	0.00249	0.3064	0.81996
0.48715	0.92149	0.00095	0.88307	0.1751	0.04635	0.02512	0.05945	0.03444	0.00062	0.03107	0.49193	0.00261	0.34569	0.81322
0.47824	0.94765	0.00098	0.9024	0.30583	0.02595	0.01299	0.0441	0.02668	0.00073	0.01123	0.40087	0.00306	0.35207	0.86321
0.46826	0.95554	0.00055	0.92706	0.30959	0.04759	0.03643	0.06204	0.03131	0.00162	0.03964	0.50533	0.00174	0.32776	0.8579
0.46535	0.90435	0.00059	0.91681	0.21112	0.03358	0.02429	0.09154	0.04474	0.00483	0.017	0.50302	0.00538	0.3443	0.8826
0.49133	0.98285	0.00059	0.95731	0.22568	0.0067	0.01297	0.07078	0.03095	0.00406	0.02748	0.5447	0.00416	0.40302	0.86629
0.46878	0.90475	0.00074	0.90935	0.15471	0.00808	0.01204	0.08361	0.0379	0.00064	0.02404	0.40358	0.00431	0.42277	0.83239
0.4765	0.85135	0.00054	0.88744	0.19831	0.05045	0.03462	0.08935	0.0491	0.00046	0.03098	0.41016	0.00404	0.41179	0.82418
0.45645	0.84673	0.0003	0.86457	0.20816	0.03873	0.02639	0.04795	0.04661	0.00052	0.01481	0.44833	0.00317	0.37415	0.81113
0.48474	0.92721	0.00059	0.9115	0.19616	0.06817	0.03032	0.11253	0.05907	0.00122	0.04976	0.49734	0.003	0.39944	0.79816
0.47897	0.88683	0.00053	0.88141	0.21909	0.03898	0.02193	0.06094	0.05082	0.00058	0.02012	0.40701	0.00189	0.37182	0.84091
0.47745	0.98334	0.00194	0.96403	0.26166	0.03896	0.02038	0.10234	0.04161	0.00034	0.05252	0.48917	0.0029	0.3926	0.84978
0.48034	0.97518	0.00094	0.97683	0.25382	0.05076	0.02759	0.07207	0.02742	0.00425	0.04219	0.44832	0.00251	0.41413	0.88297
0.49998	0.94393	0.00092	0.9246	0.2251	0.06685	0.04011	0.06252	0.04495	0.00037	0.04402	0.56292	0.00134	0.39668	0.86144
0.46864	0.93312	0.00069	0.92219	0.25742	0.04072	0.0346	0.07558	0.03524	0.00047	0.02622	0.49378	0.00255	0.40592	0.85015
0.52373	0.98529	0.00082	0.95306	0.29174	0.03169	0.02154	0.04404	0.03626	0.00266	0.01741	0.48581	0.00195	0.38435	0.88627
0.46286	0.95885	0.00059	0.92021	0.15304	0.03542	0.0159	0.03717	0.01868	0.00096	0.01226	0.42523	0.00176	0.45603	0.84433
0.43123	0.86635	0.00221	0.87405	0.23517	0.09113	0.03427	0.12667	0.04981	0.00397	0.02334	0.45693	0.00261	0.36873	0.88024
0.47593	0.96036	0.00094	0.8952	0.28732	0.03308	0.03118	0.03868	0.03569	0.00424	0.01069	0.37692	0.00188	0.3905	0.87142
0.45459	0.92433	0.00217	0.8855	0.20677	0.02957	0.02345	0.03546	0.02462	0.00374	0.01636	0.42506	0.00205	0.37496	0.85404
0.4589	0.95851	0.00064	0.88214	0.21799	0.02073	0.02202	0.03431	0.0327	0.00064	0.02808	0.36023	0.00224	0.39472	0.86855
0.45467	0.92282	0.00079	0.88412	0.19601	0.04456	0.01902	0.06394	0.03067	0.00408	0.03284	0.43993	0.00207	0.40602	0.84588
0.44969	0.86632	0.0006	0.86122	0.19227	0.05705	0.02257	0.09015	0.03807	0.00128	0.02194	0.52303	0.00407	0.34275	0.86681
0.50975	0.97244	0.00027	0.91595	0.16474	0.07721	0.02847	0.10318	0.04486	0.00062	0.04911	0.47026	0.00296	0.40072	0.83412
0.51887	0.93875	0.00104	0.88395	0.15591	0.03488	0.0261	0.07065	0.0365	0.00413	0.03282	0.43366	0.00162	0.39598	0.83158
0.44304	0.88696	0.00121	0.83186	0.21105	0.05501	0.02961	0.07909	0.04358	0.00043	0.03474	0.58727	0.00205	0.34404	0.84411
0.45731	0.9458	0.00116	0.9319	0.22176	0.09555	0.0212	0.09576	0.06379	0.00422	0.02699	0.4136	0.00397	0.40998	0.89644
0.4843	0.90763	0.00141	0.87096	0.20031	0.07267	0.04227	0.09033	0.03656	0.00066	0.03568	0.41793	0.00312	0.38479	0.85506
0.51834	0.97185	0.00156	0.93279	0.31051	0.04879	0.03436	0.05026	0.01873	0.00422	0.03472	0.53398	0.00309	0.38713	0.8276
0.47087	0.83505	0.00072	0.86387	0.23834	0.0657	0.03646	0.063	0.02252	0.00061	0.01766	0.49767	0.00427	0.4717	0.88647
0.44287	0.93566	0.00144	0.86432	0.17858	0.02919	0.03396	0.06653	0.0533	0.00074	0.01878	0.43736	0.00318	0.46193	0.82965
0.47293	0.97468	0.00084	0.93766	0.2941	0.0336	0.03108	0.04474	0.02721	0.00058	0.02121	0.43654	0.00313	0.42507	0.86762
0.44244	0.94296	0.00051	0.92624	0.22304	0.05487	0.02512	0.07241	0.05523	0.00435	0.03378	0.46348	0.00416	0.39769	0.84179
0.48393	0.93941	0.00064	0.91612	0.18291	0.06777	0.02395	0.05404	0.02614	0.00072	0.03459	0.47488	0.00288	0.42408	0.85469
0.52499	0.96243	0.00125	0.94478	0.18837	0.05923	0.0254	0.03756	0.01738	0.00089	0.02554	0.48113	0.00228	0.43908	0.8743
0.47056	0.89774	0.00078	0.90059	0.1895	0.06616	0.03177	0.0659	0.02455	0.00061	0.03735	0.44241	0.00683	0.4531	0.85951
0.47647	0.94056	0.00068	0.90723	0.1967	0.08092	0.02626	0.06947	0.04113	0.00063	0.02734	0.48427	0.00323	0.41866	0.84644
0.47843	0.94968	0.00188	0.90336	0.29457	0.05773	0.03301	0.07838	0.04761	0.00086	0.01562	0.46072	0.00746	0.43322	0.88573
0.50704	0.96204	0.00059	0.95887	0.22405	0.06209	0.02077	0.07699	0.06061	0.0053	0.05351	0.44645	0.0027	0.40396	0.81046
0.48455	0.95613	0.00128	0.8913	0.15955	0.02698	0.02711	0.03841	0.02752	0.00429	0.01769	0.472	0.00378	0.41905	0.83034
0.48846	0.88613	0.00138	0.87483	0.18386	0.06048	0.01576	0.07919	0.04419	0.00062	0.0259	0.46655	0.00219	0.36602	0.74548
0.50559	0.93218	0.0012	0.88193	0.20454	0.04716	0.02657	0.05645	0.02371	0.00059	0.01985	0.4718	0.0052	0.37228	0.79331
0.46113	0.90622	0.00055	0.8937	0.28634	0.05322	0.03637	0.01983	0.01746	0.00174	0.01352	0.50202	0.00235	0.39489	0.80208
0.44657	0.86503	0.00109	0.89516	0.25065	0.057	0.02941	0.04716	0.02261	0.0009	0.01107	0.50252	0.00354	0.41586	0.86748
0.47412	0.89062	0.00119	0.89719	0.15593	0.06265	0.02603	0.04933	0.03851	0.00033	0.01341	0.40591	0.00391	0.41018	0.84253
0.46696	0.87902	0.00037	0.89829	0.22115	0.08603	0.03002	0.03873	0.02772	0.00442	0.01239	0.4286	0.00412	0.42819	0.89931
0.47155	0.97423	0.00022	0.94185	0.33927	0.03423	0.02125	0.02915	0.01841	0.00093	0.01798	0.44056	0.00301	0.53018	0.90068
0.496	0.91823	0.0007	0.90836	0.21079	0.04147	0.03292	0.03374	0.02852	0.00073	0.01978	0.44556	0.00637	0.43989	0.82111
0.46477	0.92784	0.00164	0.91623	0.23783	0.04591	0.02206	0.05201	0.03066	0.00397	0.01437	0.42618	0.00337	0.37965	0.86904
0.44799	0.83477	0.00133	0.88764	0.14936	0.05081	0.02472	0.06247	0.06263	0.00327	0.01791	0.48355	0.00203	0.38128	0.85461
0.46018	0.82354	0.00065	0.8877	0.16597	0.07064	0.03929	0.04861	0.05348	0.00354	0.02778	0.54657	0.00287	0.40089	0.79471
0.46962	0.91341	0.0011	0.89557	0.1499	0.02881	0.02941	0.03781	0.0399	0.00107	0.0226	0.46854	0.00411	0.39098	0.8622
0.43505	0.95521	0.00055	0.92891	0.19413	0.03175	0.0367	0.02954	0.02521	0.00126	0.01432	0.50043	0.00383	0.42987	0.88128
0.46899	0.92194	0.00055	0.91737	0.23437	0.04318	0.02121	0.08321	0.03351	0.00365	0.01386	0.47382	0.00359	0.34195	0.82097
0.45461	0.91635	0.00036	0.9038	0.23603	0.04499	0.02936	0.06216	0.02794	0.00076	0.014	0.47471	0.00604	0.41025	0.85591
0.45003	0.96904	0.0007	0.94005	0.20166	0.04793	0.03727	0.04115	0.01945	0.0008	0.03277	0.50259	0.00303	0.3494	0.82751
0.4551	0.95228	0.00089	0.92644	0.26905	0.05596	0.03075	0.05927	0.03293	0.00063	0.02611	0.41382	0.00212	0.45008	0.86504
0.49076	0.97898	0.00085	0.95962	0.21225	0.03298	0.02428	0.05646	0.02967	0.00067	0.03025	0.48443	0.00422	0.40645	0.83926
0.46791	0.86832	0.00081	0.91098	0.27762	0.08466	0.03347	0.05223	0.03112	0.00051	0.0138	0.45571	0.00437	0.37352	0.84308
0.47098	0.89586	0.00125	0.9049	0.25861	0.05402	0.01976	0.05182	0.03186	0.00103	0.02056	0.48019	0.00369	0.38487	0.88847
0.45681	0.87184	0.00081	0.90105	0.24249	0.05653	0.02442	0.11394	0.03571	0.00053	0.02227	0.44381	0.00375	0.38985	0.85622
0.48184	0.89124	0.00211	0.87033	0.25094	0.05801	0.01754	0.05027	0.02468	0.00105	0.02097	0.483	0.00179	0.38922	0.84365
0.47749	0.89838	0.00078	0.89428	0.31695	0.10029	0.03306	0.04234	0.01952	0.00082	0.02334	0.4969	0.00451	0.42731	0.87891
0.46148	0.93552	0.00119	0.8918	0.21612	0.08091	0.02042	0.08229	0.04536	0.00057	0.03736	0.48499	0.00536	0.35179	0.8676
0.48558	0.91692	0.00097	0.91605	0.27559	0.11295	0.03886	0.08237	0.04666	0.00385	0.0286	0.40787	0.00381	0.43111	0.89844
0.48951	0.92496	0.00086	0.90546	0.23251	0.09097	0.02323	0.06633	0.04033	0.00037	0.03052	0.51524	0.00751	0.45358	0.90424
0.46305	0.86595	0.00086	0.89632	0.20559	0.08089	0.02463	0.06012	0.03086	0.00066	0.01378	0.4388	0.00531	0.39686	0.87086
0.48383	0.89868	0.0014	0.90992	0.21982	0.06883	0.03488	0.07084	0.03601	0.0007	0.0158	0.43275	0.0049	0.41223	0.85327
0.47206	0.88687	0.00111	0.91469	0.27842	0.0529	0.01843	0.04854	0.02401	0.0005	0.01095	0.44833	0.0058	0.43645	0.87937
0.47723	0.86153	0.00157	0.90119	0.31043	0.10871	0.03741	0.04142	0.037	0.00043	0.0198	0.53534	0.00526	0.49271	0.91722
0.46412	0.90386	0.00036	0.90846	0.33531	0.07253	0.03162	0.03775	0.01715	0.00412	0.00986	0.50295	0.00472	0.46776	0.89529
0.45196	0.87809	0.00088	0.92225	0.23047	0.06602	0.02089	0.03668	0.03341	0.00241	0.02803	0.50078	0.00751	0.37049	0.88499
0.50001	0.93021	0.00135	0.87152	0.23324	0.0959	0.03063	0.06037	0.04057	0.0007	0.03049	0.53645	0.00275	0.3522	0.88736
0.46819	0.85868	0.00037	0.89279	0.28733	0.07421	0.02886	0.03406	0.01692	0.00026	0.02509	0.54023	0.00351	0.38226	0.86046
0.49279	0.91779	0.00099	0.91226	0.33296	0.08077	0.02538	0.07235	0.02338	0.00067	0.04276	0.49774	0.00147	0.35089	0.90009
0.46086	0.94829	0.00048	0.92591	0.29716	0.08932	0.02398	0.04528	0.03531	0.00095	0.0313	0.50105	0.00201	0.38288	0.87265
0.45078	0.88207	0.00037	0.91767	0.14388	0.04293	0.02428	0.02571	0.01779	0.00133	0.02724	0.55525	0.00337	0.36965	0.86567
0.47643	0.88616	0.00093	0.90788	0.19508	0.05651	0.02247	0.05536	0.02088	0.00035	0.02168	0.50879	0.00346	0.39807	0.88155
0.4658	0.84348	0.00064	0.91519	0.1918	0.09455	0.01715	0.04576	0.03194	0.00033	0.0285	0.59014	0.00361	0.41274	0.85864
0.45701	0.88714	0.00212	0.89739	0.24167	0.11247	0.03472	0.05201	0.04563	0.00064	0.04147	0.50179	0.00092	0.38178	0.85081
0.47403	0.89225	0.00064	0.89479	0.17252	0.0733	0.02391	0.0575	0.04459	0.00041	0.03614	0.56025	0.00196	0.37152	0.84265
0.45409	0.80265	0.00098	0.9026	0.14723	0.06839	0.02335	0.0648	0.04481	0.00042	0.02568	0.58149	0.00089	0.34713	0.81539
0.47733	0.76225	0.00091	0.912	0.16234	0.12568	0.01668	0.09036	0.05624	0.00073	0.02979	0.52069	0.00098	0.36508	0.88786
0.4721	0.83839	0.00057	0.87265	0.19304	0.12534	0.03198	0.0424	0.02027	0.00055	0.02386	0.53877	0.00066	0.42934	0.84828
0.46241	0.80476	0.00168	0.86137	0.18786	0.08394	0.01621	0.06354	0.03749	0.00104	0.01802	0.51014	0.00191	0.41167	0.88319
0.43624	0.77554	0.00084	0.91464	0.19001	0.06637	0.02267	0.05922	0.01405	0.00078	0.01418	0.45283	0.00182	0.37051	0.84993
0.4621	0.83641	0.00067	0.90696	0.18475	0.05822	0.01848	0.04427	0.02849	0.00365	0.01741	0.45982	0.00178	0.40083	0.84406
0.45426	0.80735	0.0006	0.91336	0.20904	0.09903	0.01986	0.05229	0.02717	0.00093	0.01169	0.48572	0.00054	0.38125	0.83986
0.47604	0.90743	0.00109	0.90435	0.19895	0.09777	0.02325	0.04467	0.02797	0.00039	0.02136	0.43915	0.00066	0.34352	0.78178
0.44018	0.81347	0.0007	0.86833	0.18408	0.07783	0.01437	0.0715	0.03637	0.00018	0.0149	0.50238	0.00079	0.41096	0.8385
0.47944	0.80601	0.00106	0.90211	0.22657	0.07913	0.02288	0.05595	0.02614	0.0004	0.01768	0.57116	0.00462	0.46572	0.86063
0.48033	0.8818	0.00213	0.91226	0.20871	0.07082	0.02482	0.03338	0.01975	0.00362	0.0182	0.40663	0.00089	0.46837	0.88956
0.4431	0.87486	0.00125	0.90226	0.17783	0.0682	0.02518	0.03179	0.03089	0.00158	0.01974	0.49519	0.00153	0.42914	0.86578
0.44849	0.88808	0.00042	0.91075	0.26607	0.07582	0.01776	0.03793	0.02232	0.00079	0.01812	0.51853	0.0019	0.53149	0.86501
0.42876	0.81679	0.00049	0.90905	0.13184	0.07799	0.02086	0.05419	0.0394	0.00057	0.01395	0.48864	0.00272	0.47587	0.87306
0.44263	0.84545	0.00053	0.9086	0.13435	0.04414	0.0123	0.06836	0.02291	0.00055	0.01448	0.52902	0.0016	0.38562	0.86997
0.45877	0.88785	0.00196	0.91939	0.14358	0.07889	0.02735	0.06173	0.01835	0.00101	0.01421	0.49618	0.00171	0.46653	0.87121
0.43376	0.87613	0.00143	0.90537	0.18789	0.06379	0.02323	0.02772	0.01567	0.00054	0.01393	0.44746	0.00452	0.42297	0.86077
0.4051	0.82368	0.00072	0.90936	0.20593	0.05487	0.02015	0.04425	0.01966	0.00089	0.0259	0.58234	0.00119	0.38843	0.84802
0.45317	0.86168	0.00152	0.91743	0.18481	0.08965	0.01423	0.06873	0.03082	0.00354	0.01256	0.46855	0.00078	0.37263	0.855
0.41118	0.77039	0.00149	0.93591	0.15847	0.10304	0.02878	0.08191	0.0324	0.00177	0.01937	0.4699	0.00258	0.44558	0.87363
0.45143	0.81875	0.00072	0.92523	0.21545	0.09868	0.02059	0.07008	0.03132	0.00206	0.02037	0.45302	0.00133	0.43557	0.89505
0.47339	0.89077	0.00123	0.91525	0.26694	0.08822	0.0199	0.03512	0.02053	0.00151	0.01695	0.47988	0.00086	0.50464	0.89671
0.50019	0.89899	0.00093	0.89183	0.2391	0.08389	0.02897	0.05408	0.03823	0.00438	0.01571	0.44941	0.00338	0.54174	0.921
0.47238	0.90967	0.0009	0.91706	0.24784	0.06666	0.02306	0.05493	0.02612	0.00171	0.01782	0.44379	0.00096	0.45024	0.89277
0.51626	0.80881	0.00059	0.94144	0.18624	0.0985	0.03312	0.10721	0.03156	0.00495	0.01551	0.45519	0.00148	0.40838	0.88638
0.46202	0.79607	0.00041	0.93922	0.19418	0.04408	0.02201	0.073	0.02905	0.00046	0.01623	0.4943	0.00094	0.42886	0.90873
0.44174	0.87405	0.00108	0.91423	0.18171	0.03967	0.02377	0.04754	0.01632	0.00433	0.03222	0.52787	0.00088	0.49886	0.86423
0.47312	0.81648	0.00064	0.93693	0.2071	0.08021	0.02667	0.0977	0.04027	0.0006	0.01269	0.47318	0.0013	0.44866	0.8952
0.52594	0.82332	0.00153	0.92727	0.21196	0.07402	0.02042	0.10751	0.04849	0.00461	0.01409	0.43526	0.0004	0.42101	0.8841
0.51106	0.86873	0.00055	0.92718	0.13517	0.05239	0.02908	0.11698	0.04501	0.00067	0.01549	0.41847	0.00324	0.41659	0.86631
0.46206	0.93836	0.00047	0.90505	0.29822	0.07039	0.03289	0.04146	0.02636	0.00112	0.03782	0.53163	0.00734	0.49153	0.8626
0.48634	0.90264	0.0004	0.90952	0.18573	0.05852	0.02865	0.07949	0.0398	0.00092	0.03327	0.45298	0.00458	0.38193	0.85436
0.49224	0.77339	0.00069	0.95176	0.17821	0.07411	0.03739	0.06225	0.04157	0.00131	0.02548	0.56473	0.00229	0.41805	0.91167
0.50743	0.88979	0.00103	0.89662	0.31042	0.06747	0.03768	0.03943	0.0172	0.00123	0.01058	0.50418	0.00449	0.56412	0.88345
0.49265	0.84361	0.0005	0.93167	0.21911	0.09582	0.01881	0.09385	0.02796	0.00068	0.01259	0.4764	0.00113	0.44209	0.89063
0.46581	0.88053	0.00185	0.93037	0.25742	0.06043	0.02121	0.10157	0.02417	0.00109	0.02257	0.50237	0.0073	0.37444	0.88332
0.49619	0.89087	0.0014	0.92728	0.32595	0.07162	0.0328	0.06554	0.01647	0.00055	0.01347	0.51631	0.00892	0.46838	0.86003
0.49188	0.84548	0.00074	0.91855	0.24509	0.06097	0.03012	0.04263	0.02971	0.00091	0.00956	0.48279	0.00157	0.48438	0.86055
0.52846	0.76955	0.00068	0.94358	0.24194	0.1123	0.02646	0.07115	0.04717	0.00074	0.01205	0.52632	0.00801	0.46163	0.89219
0.48986	0.83936	0.0012	0.91441	0.21952	0.08083	0.03322	0.05886	0.03007	0.0007	0.01033	0.52495	0.00338	0.4648	0.86349
0.5242	0.83461	0.0007	0.96184	0.27053	0.0675	0.02517	0.06194	0.03058	0.00376	0.01495	0.55018	0.00626	0.55174	0.87935
0.51101	0.83774	0.00091	0.92769	0.29074	0.06686	0.02471	0.06448	0.02544	0.00351	0.01638	0.54409	0.00963	0.53899	0.87517
0.46574	0.88665	0.00131	0.90551	0.20233	0.0551	0.02974	0.09621	0.03855	0.00036	0.02678	0.49488	0.00367	0.42401	0.86915
0.4647	0.93789	0.0024	0.93042	0.24168	0.07717	0.01875	0.06982	0.02003	0.0007	0.02167	0.43551	0.00135	0.42053	0.8256
0.44072	0.89296	0.00104	0.9173	0.17873	0.06582	0.02118	0.0909	0.02397	0.00419	0.02266	0.45475	0.00423	0.42515	0.85273
0.45337	0.89292	0.00019	0.91056	0.21533	0.07015	0.02977	0.04316	0.02482	0.00062	0.0219	0.4552	0.00341	0.39201	0.85193
0.46375	0.85413	0.00099	0.91729	0.22979	0.05808	0.0327	0.0446	0.02429	0.00112	0.01707	0.35825	0.00358	0.418	0.87522
0.43419	0.83108	0.00068	0.92991	0.2852	0.08763	0.03561	0.04514	0.02078	0.00129	0.01073	0.41885	0.00267	0.43807	0.897
0.42925	0.82993	0.00105	0.94104	0.25007	0.08577	0.03311	0.04049	0.01575	0.00193	0.00579	0.44533	0.00323	0.48147	0.90104
0.45429	0.80433	0.00041	0.94255	0.21267	0.07991	0.03619	0.06253	0.03876	0.00396	0.01401	0.48262	0.00303	0.40655	0.87501
0.46717	0.9228	0.00073	0.93661	0.3075	0.09073	0.02398	0.05239	0.0247	0.00058	0.03116	0.54641	0.00291	0.52032	0.9037
0.45429	0.93278	0.00185	0.94123	0.35801	0.09784	0.03366	0.07041	0.02168	0.0008	0.04628	0.55788	0.01367	0.52691	0.8514
0.50177	0.83925	0.00087	0.9402	0.25573	0.09206	0.03063	0.05215	0.05208	0.00431	0.0184	0.49508	0.0071	0.52842	0.89691
0.4611	0.87402	0.0006	0.93834	0.23119	0.08683	0.02195	0.05016	0.02558	0.00062	0.02592	0.53714	0.00309	0.44789	0.84442
0.45958	0.90049	0.00142	0.94685	0.27544	0.07408	0.02962	0.04123	0.02414	0.00109	0.03648	0.5382	0.02267	0.66537	0.88482
0.47035	0.77231	0.00081	0.9365	0.2082	0.08091	0.02246	0.07329	0.03891	0.00137	0.00946	0.52786	0.00135	0.3988	0.83693
0.47189	0.86991	0.00073	0.92089	0.2895	0.08907	0.02326	0.051	0.02513	0.0034	0.02515	0.47963	0.00493	0.43905	0.90029
0.46879	0.8415	0.00109	0.91068	0.21584	0.10294	0.03098	0.05851	0.03851	0.00136	0.01361	0.49929	0.00191	0.44822	0.84078
0.49144	0.89445	0.00147	0.92359	0.27073	0.11834	0.02131	0.0447	0.04406	0.00034	0.01308	0.51458	0.00284	0.45403	0.8548
0.46706	0.85704	0.00083	0.91457	0.25401	0.08498	0.0165	0.04486	0.01806	0.00036	0.01687	0.43092	0.00307	0.51408	0.86204
0.45376	0.81295	0.00054	0.92414	0.23635	0.08643	0.02197	0.04704	0.02611	0.001	0.00773	0.44489	0.0039	0.45823	0.88679
0.47053	0.83884	0.00083	0.91683	0.25713	0.08174	0.0306	0.04025	0.03128	0.00498	0.01001	0.48055	0.00117	0.46496	0.88008
0.46485	0.78812	0.00095	0.92426	0.23501	0.13171	0.02661	0.04709	0.03717	0.00072	0.0084	0.45111	0.00652	0.50293	0.88231
0.44423	0.85048	0.0028	0.91097	0.27552	0.11719	0.02066	0.02331	0.0166	0.00064	0.01453	0.4971	0.00705	0.58778	0.84228
0.50474	0.82373	0.00046	0.91419	0.22974	0.11931	0.03118	0.04621	0.03631	0.00327	0.01899	0.48184	0.00333	0.50013	0.84387
0.46782	0.85568	0.0009	0.91082	0.21912	0.10084	0.0215	0.07725	0.03224	0.00305	0.01438	0.40569	0.0013	0.45127	0.84996
0.46472	0.78215	0.0012	0.92717	0.23328	0.16942	0.05586	0.06984	0.03838	0.00077	0.01423	0.54824	0.00158	0.49462	0.85336
0.49209	0.94733	0.00126	0.94996	0.22064	0.08652	0.03102	0.04162	0.03066	0.00422	0.02132	0.41691	0.00117	0.43492	0.87265
0.51283	0.91553	0.00126	0.92056	0.274	0.09578	0.02841	0.04795	0.03503	0.00089	0.0157	0.48304	0.0027	0.49299	0.89425
0.49711	0.85965	0.00167	0.92011	0.20349	0.0899	0.02622	0.0749	0.0315	0.00029	0.01034	0.41376	0.00103	0.45882	0.88114
0.44774	0.89073	0.00123	0.91992	0.2418	0.08839	0.03943	0.04955	0.02262	0.00028	0.00959	0.45133	0.0012	0.47473	0.85018
0.49082	0.80981	0.00197	0.90107	0.21302	0.12035	0.02703	0.11221	0.05048	0.00046	0.01149	0.42324	0.00099	0.48017	0.87732
0.52469	0.79662	0.00145	0.91564	0.23342	0.1171	0.02407	0.08698	0.04272	0.00041	0.01249	0.41091	0.00204	0.51961	0.89546
0.48397	0.90313	0.0013	0.9188	0.27354	0.1522	0.02507	0.04997	0.01823	0.00062	0.01655	0.47643	0.00176	0.51345	0.87357
0.47152	0.88557	0.00071	0.91896	0.2831	0.11063	0.02927	0.02463	0.01871	0.00041	0.01348	0.49236	0.0034	0.48159	0.88221
0.47881	0.88819	0.00118	0.91133	0.23364	0.08449	0.02888	0.0156	0.02733	0.00411	0.00506	0.38921	0.00194	0.4579	0.88634
0.46156	0.87856	0.0021	0.92246	0.28297	0.11993	0.02476	0.01009	0.02522	0.00057	0.01309	0.50406	0.00117	0.55422	0.89741
0.45397	0.8492	0.00061	0.91746	0.24429	0.08763	0.03693	0.00877	0.02001	0.00094	0.01664	0.46347	0.0031	0.4856	0.90041
0.42578	0.96626	0.00052	0.9531	0.38485	0.09777	0.031	0.00824	0.02093	0.00521	0.02558	0.5337	0.00201	0.53897	0.91768
0.47017	0.92231	0.00031	0.92819	0.31647	0.08066	0.03343	0.0122	0.02268	0.00436	0.01338	0.48306	0.00282	0.46129	0.88621
0.47925	0.8823	0.00034	0.90482	0.31529	0.09348	0.04071	0.03752	0.02695	0.0049	0.00786	0.46681	0.0019	0.4386	0.9265
0.43321	0.97183	0.00075	0.95485	0.25088	0.11676	0.04149	0.04959	0.02961	0.00119	0.01943	0.40879	0.00155	0.4871	0.90419
0.45951	0.8586	0.00188	0.91862	0.23792	0.14397	0.03747	0.03742	0.03055	0.00237	0.01296	0.49203	0.00163	0.45697	0.9095
0.49701	0.8448	0.00043	0.9126	0.17395	0.11688	0.04163	0.08254	0.02854	0.0042	0.01239	0.42627	0.00167	0.39055	0.86666
0.4605	0.89537	0.00065	0.91694	0.19325	0.12985	0.03616	0.05448	0.02874	0.0005	0.02162	0.48447	0.00367	0.44419	0.8473
0.48284	0.90789	0.00082	0.9237	0.22179	0.09619	0.03201	0.0709	0.03801	0.00349	0.01495	0.49117	0.0053	0.42431	0.87259
0.49312	0.85001	0.00185	0.91263	0.21889	0.07687	0.04176	0.03307	0.03371	0.0007	0.00775	0.45085	0.00281	0.4542	0.867
0.49452	0.86183	0.00102	0.92043	0.29389	0.13358	0.03545	0.05912	0.02236	0.00089	0.01101	0.49864	0.00084	0.42945	0.89959
0.46597	0.88448	0.00062	0.9095	0.26595	0.10238	0.03497	0.03622	0.02151	0.00056	0.0127	0.47473	0.00225	0.49484	0.87481
0.47684	0.91442	0.00112	0.89998	0.27159	0.11774	0.03236	0.0353	0.03515	0.00098	0.01296	0.54374	0.00074	0.53737	0.90316
0.44032	0.9037	0.00101	0.91695	0.26018	0.1269	0.03791	0.02513	0.02355	0.00074	0.01104	0.45817	0.00069	0.44023	0.88059
0.46627	0.84947	0.00122	0.90899	0.24219	0.11317	0.03248	0.05845	0.03002	0.00148	0.00927	0.46201	0.00148	0.42564	0.86869
0.4503	0.91165	0.00077	0.88828	0.24966	0.07251	0.03077	0.05889	0.02499	0.00126	0.01007	0.47954	0.00297	0.34862	0.80458
0.43264	0.9348	0.00027	0.92345	0.30356	0.08646	0.02445	0.02286	0.01925	0.00079	0.01971	0.48729	0.00486	0.48143	0.86795
0.45569	0.89915	0.00107	0.91533	0.32421	0.11106	0.04268	0.04485	0.03303	0.00131	0.01522	0.50072	0.00132	0.39691	0.87403
0.42053	0.9258	0.00104	0.93661	0.32106	0.12106	0.03177	0.03279	0.03555	0.00102	0.02893	0.54322	0.00232	0.44215	0.87462
0.46235	0.91678	0.00061	0.92027	0.30253	0.12402	0.03665	0.03227	0.02415	0.00079	0.01438	0.4704	0.00355	0.44483	0.90004
0.46289	0.92059	0.00082	0.89876	0.28642	0.15398	0.03179	0.02235	0.02396	0.00433	0.01024	0.58153	0.00212	0.45316	0.84898
0.45553	0.92284	0.00099	0.9192	0.26676	0.13214	0.0378	0.03856	0.02501	0.00071	0.01286	0.51856	0.00302	0.41664	0.82803
0.46183	0.91321	0.00076	0.90383	0.25532	0.15048	0.03945	0.06023	0.04218	0.00447	0.02255	0.52759	0.00033	0.43775	0.82424
0.4548	0.92749	0.00082	0.90506	0.23627	0.16056	0.03394	0.04525	0.03941	0.00107	0.02216	0.55034	0.00276	0.46714	0.82387
0.47339	0.88439	0.00153	0.89283	0.28819	0.18136	0.02932	0.01855	0.02489	0.00072	0.02243	0.47937	0.00121	0.46916	0.90842
0.46353	0.84788	0.00054	0.91716	0.26477	0.1474	0.04391	0.04991	0.04425	0.00123	0.0156	0.50729	0.00085	0.38397	0.86069
0.45221	0.84963	0.00045	0.90991	0.29667	0.15521	0.03318	0.05833	0.03439	0.00086	0.01098	0.47121	0.00178	0.4091	0.86957
0.47638	0.8423	0.00078	0.91678	0.26066	0.1457	0.0247	0.07211	0.03723	0.00112	0.00728	0.48784	0.00127	0.4123	0.88759
0.51656	0.85746	0.00048	0.91366	0.304	0.19916	0.03609	0.07656	0.03585	0.00144	0.01356	0.52106	0.00185	0.38937	0.87192
0.47562	0.86564	0.00093	0.91743	0.2614	0.11991	0.03056	0.04298	0.03283	0.00112	0.01629	0.52894	0.00139	0.54582	0.89117
0.4756	0.79546	0.00098	0.90291	0.2803	0.17165	0.02992	0.07574	0.06422	0.00349	0.01352	0.486	0.00264	0.4581	0.87269
0.47505	0.80259	0.00134	0.92586	0.27393	0.16373	0.02967	0.08003	0.04893	0.0007	0.01003	0.55654	0.00163	0.45395	0.87319
0.47078	0.85944	0.00071	0.91951	0.23391	0.12517	0.0311	0.07719	0.04092	0.00067	0.01071	0.48876	0.00112	0.46065	0.85338
0.50213	0.75608	0.00087	0.95372	0.20972	0.15917	0.04439	0.13765	0.0656	0.00035	0.0091	0.46886	0.00262	0.39372	0.86265
0.52672	0.86395	0.00045	0.92162	0.2167	0.18545	0.05121	0.15016	0.05776	0.0046	0.01166	0.4289	0.00114	0.4428	0.87717
0.49622	0.9123	0.00084	0.92351	0.25712	0.13006	0.02909	0.10855	0.04014	0.00091	0.00932	0.42435	0.00213	0.46631	0.86617
0.54252	0.831	0.0004	0.93445	0.2036	0.16131	0.04563	0.08516	0.07322	0.00115	0.00472	0.43447	0.00099	0.48664	0.87107
0.46798	0.86078	0.00074	0.92179	0.28102	0.1647	0.0405	0.06791	0.04183	0.0007	0.00851	0.46916	0.0012	0.55839	0.91141
0.43769	0.92267	0.00068	0.93015	0.27829	0.1233	0.02828	0.03609	0.02292	0.00086	0.01542	0.45501	0.00207	0.56161	0.91825
0.49651	0.92103	0.00093	0.93738	0.31628	0.10074	0.02412	0.07987	0.02478	0.00037	0.00895	0.49195	0.00389	0.55575	0.90606
0.54095	0.88634	0.0011	0.93158	0.25894	0.13977	0.02865	0.0929	0.04055	0.00088	0.00994	0.46297	0.00244	0.50849	0.91672
0.45759	0.94639	0.00055	0.9291	0.30468	0.12011	0.01886	0.06118	0.0293	0.00074	0.01001	0.45295	0.00173	0.51176	0.89209
0.51459	0.9042	0.00036	0.9226	0.34099	0.11487	0.02995	0.05246	0.04082	0.00094	0.0072	0.46785	0.00155	0.54657	0.93093
0.50822	0.85026	0.00096	0.92839	0.34394	0.13739	0.02472	0.06204	0.03048	0.00065	0.00768	0.50703	0.00054	0.47742	0.90436
0.48496	0.88291	0.00108	0.91316	0.26061	0.11209	0.02839	0.05461	0.03473	0.00067	0.0092	0.43718	0.00272	0.44207	0.9115
0.49668	0.87894	0.00068	0.9162	0.25537	0.08514	0.03584	0.03999	0.02606	0.00129	0.0087	0.421	0.0031	0.50897	0.9189
0.52338	0.91407	0.00087	0.91128	0.23849	0.10601	0.0232	0.12407	0.03573	0.00149	0.00522	0.44199	0.008	0.44892	0.89347
0.4515	0.93313	0.00055	0.92084	0.2279	0.10787	0.03166	0.05536	0.01494	0.00076	0.00598	0.40288	0.00173	0.49614	0.85491
0.4819	0.93925	0.00184	0.91621	0.34981	0.13859	0.02662	0.03236	0.02598	0.00085	0.00954	0.41454	0.0014	0.49251	0.92657
0.43017	0.96128	0.00098	0.93139	0.30811	0.08764	0.04153	0.04046	0.02878	0.00176	0.01319	0.43805	0.00203	0.4389	0.86743
0.46253	0.89721	0.00095	0.92542	0.24944	0.13711	0.03875	0.06772	0.02799	0.00085	0.01464	0.43988	0.0023	0.4681	0.87821
0.49508	0.91689	0.00122	0.91236	0.3349	0.17247	0.03202	0.04327	0.03112	0.00116	0.0153	0.45877	0.00064	0.43419	0.91976
0.48158	0.87457	0.00105	0.91877	0.20107	0.119	0.03934	0.08512	0.04996	0.00138	0.01141	0.49384	0.00051	0.43261	0.8859
0.49066	0.9246	0.00058	0.90003	0.22787	0.10742	0.03922	0.05978	0.04109	0.00079	0.00537	0.45665	0.00321	0.48975	0.9116
0.48189	0.86087	0.00087	0.92152	0.26025	0.13382	0.03451	0.04806	0.03017	0.00096	0.0063	0.40806	0.00186	0.4967	0.91137
0.48983	0.85627	0.00112	0.91949	0.21349	0.14443	0.03021	0.06761	0.04	0.00083	0.00835	0.48975	0.00224	0.40416	0.85808
0.49646	0.84792	0.00109	0.93614	0.20234	0.12839	0.02724	0.05019	0.02633	0.00062	0.01014	0.53692	0.00124	0.42133	0.83814
0.46281	0.80177	0.00068	0.93737	0.19368	0.11852	0.02621	0.06664	0.03343	0.00041	0.00849	0.43923	0.00101	0.41425	0.82957
0.48489	0.90384	0.0005	0.90547	0.22909	0.09645	0.02882	0.03011	0.02798	0.00047	0.00547	0.44606	0.00077	0.40767	0.80526
0.4721	0.87831	0.00093	0.90911	0.24426	0.12101	0.03588	0.04042	0.0303	0.00459	0.006	0.46998	0.00136	0.37312	0.75529
0.51029	0.92882	0.00158	0.92243	0.29582	0.12123	0.04054	0.02963	0.02642	0.00077	0.00738	0.49732	0.00243	0.35714	0.75772
0.44916	0.91763	0.00063	0.94303	0.3791	0.1112	0.03681	0.01869	0.01987	0.00113	0.01161	0.43849	0.00214	0.40844	0.87586
0.45621	0.91577	0.00086	0.92173	0.28581	0.1119	0.04797	0.04256	0.04013	0.00063	0.00859	0.46956	0.00201	0.41716	0.85044
0.44481	0.96151	0.00061	0.93632	0.34228	0.10784	0.04126	0.0106	0.01272	0.00125	0.00778	0.4796	0.00182	0.49717	0.90046
0.46285	0.89133	0.00071	0.92115	0.24765	0.09793	0.02983	0.03908	0.01645	0.00066	0.00524	0.42072	0.00141	0.42532	0.88834
0.43043	0.91879	0.00087	0.91029	0.28445	0.104	0.0379	0.02584	0.0201	0.0008	0.0094	0.44165	0.00337	0.48433	0.88998
0.50503	0.83932	0.00051	0.90363	0.30958	0.1226	0.0317	0.0518	0.04628	0.00055	0.00698	0.45141	0.00099	0.48494	0.89845
0.48583	0.90333	0.00109	0.92339	0.2455	0.13904	0.03426	0.08887	0.04319	0.00025	0.02399	0.3651	0.00159	0.40006	0.88108
0.46502	0.9265	0.00029	0.93287	0.27419	0.10043	0.03327	0.01837	0.02755	0.00056	0.00628	0.39559	0.00272	0.46295	0.88024
0.475	0.88741	0.0013	0.93157	0.2782	0.1596	0.03795	0.03501	0.03165	0.00036	0.00686	0.48146	0.00081	0.42977	0.88098
0.48739	0.93877	0.00044	0.93967	0.31664	0.10066	0.03346	0.03819	0.02942	0.00144	0.01049	0.46543	0.00228	0.4093	0.86143
0.47975	0.90631	0.00129	0.93116	0.25619	0.10826	0.03628	0.05017	0.03622	0.00042	0.01358	0.50752	0.00177	0.43791	0.87446
0.47261	0.90527	0.00054	0.91493	0.33004	0.12013	0.03215	0.02392	0.01725	0.00055	0.01176	0.52665	0.00092	0.44958	0.8572
0.47252	0.96637	0.00046	0.95452	0.35635	0.11493	0.03711	0.00962	0.00905	0.00522	0.01017	0.5046	0.00207	0.41382	0.83289
0.50302	0.94766	0.0011	0.94749	0.37372	0.11172	0.04152	0.02174	0.02088	0.00088	0.0061	0.44904	0.00161	0.35406	0.82002
0.44674	0.97222	0.00034	0.95839	0.2569	0.08186	0.03166	0.04258	0.0157	0.00066	0.01201	0.43947	0.00181	0.37854	0.76552
0.46499	0.96196	0.00057	0.91685	0.28422	0.10283	0.03334	0.03572	0.01817	0.00094	0.00687	0.55029	0.00223	0.37358	0.77418
0.4736	0.92187	0.00081	0.93791	0.30944	0.13106	0.02892	0.04056	0.02117	0.0007	0.00769	0.48428	0.00187	0.33852	0.78288
0.44946	0.9453	0.00078	0.92538	0.32631	0.14518	0.03052	0.02206	0.02548	0.00074	0.0229	0.50577	0.00247	0.33319	0.76546
0.47052	0.94836	0.00103	0.94834	0.391	0.12043	0.02421	0.01938	0.01683	0.00075	0.01978	0.48281	0.00308	0.40787	0.831
0.46542	0.82773	0.00069	0.93437	0.27576	0.13389	0.03609	0.03284	0.03053	0.00111	0.00936	0.47309	0.00179	0.35928	0.84836
0.47111	0.95663	0.00105	0.95066	0.346	0.08584	0.02667	0.02498	0.01695	0.00085	0.01566	0.52064	0.00293	0.40036	0.83531
0.44474	0.90405	0.00125	0.93268	0.36339	0.11303	0.03736	0.02715	0.0233	0.0016	0.01013	0.53125	0.00568	0.36587	0.83092
0.47818	0.91927	0.00083	0.91406	0.28816	0.15239	0.02103	0.03923	0.02166	0.00145	0.01742	0.53813	0.00265	0.45366	0.80431
0.45968	0.8659	0.00059	0.93645	0.30528	0.12288	0.03267	0.02285	0.02004	0.0011	0.00546	0.47488	0.00366	0.38873	0.80384
0.48236	0.86003	0.00102	0.92758	0.24075	0.11987	0.02676	0.03779	0.04184	0.00135	0.01302	0.43491	0.00283	0.36916	0.77523
0.48828	0.95923	0.00038	0.92212	0.33443	0.11639	0.04767	0.04485	0.01867	0.0005	0.0198	0.48951	0.00371	0.36346	0.80968
0.46312	0.92797	0.00056	0.9258	0.33953	0.10328	0.03315	0.04301	0.02545	0.00105	0.00753	0.50025	0.004	0.40196	0.81063
0.47014	0.92579	0.00028	0.92769	0.26673	0.14124	0.04436	0.0493	0.03573	0.00088	0.01173	0.46446	0.00185	0.37129	0.80675
0.4729	0.87123	0.00065	0.93103	0.29116	0.10868	0.02173	0.05053	0.03513	0.00098	0.01234	0.45172	0.00128	0.47394	0.87811
0.43952	0.95651	0.00112	0.94014	0.34592	0.10562	0.02863	0.01595	0.01976	0.00078	0.01426	0.50826	0.00234	0.42625	0.81599
0.44791	0.94679	0.00121	0.93634	0.38589	0.11734	0.04958	0.017	0.02244	0.00134	0.00748	0.49568	0.00316	0.51157	0.87092
0.42646	0.93729	0.00127	0.94059	0.2985	0.07568	0.0305	0.03292	0.02515	0.00363	0.01071	0.48805	0.00248	0.369	0.8116
0.43352	0.93668	0.00108	0.92673	0.41638	0.13535	0.03345	0.02074	0.01396	0.00059	0.01804	0.48722	0.00421	0.40039	0.84999
0.44574	0.91742	0.00075	0.93103	0.33812	0.1364	0.03718	0.04547	0.03616	0.00048	0.01233	0.4813	0.00183	0.49199	0.80693
0.44521	0.89998	0.00068	0.939	0.32848	0.128	0.0347	0.03953	0.02367	0.00121	0.0114	0.50468	0.00162	0.42528	0.83841
0.4594	0.85337	0.00085	0.91897	0.26785	0.1413	0.03171	0.05016	0.04278	0.0008	0.01148	0.46295	0.0033	0.38957	0.82504
0.4841	0.9169	0.00109	0.92754	0.42087	0.13344	0.02213	0.01489	0.02159	0.00077	0.00629	0.51374	0.00185	0.43117	0.8486
0.46811	0.90209	0.00064	0.93125	0.4272	0.22147	0.04055	0.02551	0.02516	0.00095	0.00385	0.57224	0.01106	0.5406	0.87316
0.43922	0.86533	0.00036	0.91805	0.40465	0.19104	0.04054	0.01937	0.04032	0.0006	0.01007	0.54455	0.0061	0.46825	0.84922
0.49576	0.87095	0.00056	0.90617	0.42411	0.17605	0.03599	0.0358	0.04793	0.00088	0.01095	0.52388	0.00248	0.44715	0.8866
0.49606	0.93238	0.00103	0.928	0.49521	0.16261	0.04372	0.03755	0.04277	0.00082	0.01181	0.49885	0.00271	0.44477	0.9041
