mass_1	mass_2	phase	time	distance	a_1	a_2	tilt_1	tilt_2	phi_12	phi_jl	theta_jn	psi	ra	dec
0.32148	0.3076	0.03963	0.69032	0.90417	0.07541	0.07156	0.23826	0.08453	0.0487	0.04799	0.11854	0.04421	0.42382	0.31003
0.3496	0.40767	0.03378	0.75699	0.89756	0.07232	0.06353	0.25316	0.09288	0.0436	0.04568	0.13298	0.03365	0.41897	0.32374
0.42601	0.50141	0.02502	0.7834	0.92209	0.06834	0.05375	0.22986	0.09715	0.03765	0.03363	0.12719	0.02455	0.44652	0.32455
0.57381	0.63152	0.01502	0.88995	0.9285	0.06381	0.05428	0.21	0.08628	0.03559	0.02307	0.11563	0.00582	0.41792	0.34576
0.51373	0.66939	0.00938	0.73333	0.93266	0.05577	0.04411	0.19953	0.09241	0.03509	0.01135	0.12814	0.00607	0.56605	0.31527
0.49443	0.6357	0.008	0.85166	0.93349	0.05383	0.04004	0.20465	0.09585	0.02828	0.0117	0.14284	0.00375	0.55974	0.32745
0.59532	0.67234	0.00703	0.81678	0.9375	0.06131	0.04018	0.21588	0.08391	0.01661	0.0099	0.1688	0.00098	0.49498	0.33388
0.63008	0.78433	0.0072	0.83047	0.94003	0.05446	0.03935	0.1696	0.07978	0.01367	0.0093	0.12008	0.00173	0.56527	0.31782
0.68106	0.82985	0.00639	0.85771	0.94058	0.04538	0.04219	0.15648	0.07838	0.01567	0.00792	0.14361	0.0026	0.53151	0.33109
0.50611	0.65137	0.00506	0.869	0.93763	0.04823	0.03453	0.20903	0.0754	0.0084	0.00785	0.12158	0.00423	0.5161	0.33728
0.56046	0.72102	0.0032	0.77054	0.93733	0.05405	0.0365	0.21117	0.08428	0.01017	0.00857	0.13038	0.00203	0.59407	0.31169
0.48722	0.62121	0.00211	0.6888	0.93776	0.05394	0.03838	0.20312	0.09236	0.00947	0.00864	0.15365	0.00303	0.64767	0.31224
0.49991	0.6956	0.00446	0.75995	0.93653	0.05503	0.03598	0.19403	0.09066	0.00821	0.00484	0.15636	0.00152	0.53721	0.31501
0.48079	0.54824	0.0034	0.8207	0.93372	0.05324	0.03613	0.21498	0.10151	0.00687	0.00579	0.14404	0.00252	0.50559	0.31411
0.67879	0.83427	0.00329	0.65349	0.93198	0.04793	0.04082	0.19966	0.07469	0.00609	0.00365	0.1493	0.00433	0.44981	0.34987
0.52699	0.63323	0.0014	0.76899	0.93747	0.04336	0.03937	0.19761	0.07465	0.00682	0.00579	0.14775	0.00094	0.50281	0.33343
0.62855	0.70283	0.00306	0.8373	0.93798	0.05027	0.03837	0.1871	0.08267	0.0062	0.00777	0.1331	0.00103	0.57166	0.35598
0.65455	0.7648	0.00152	0.80885	0.9337	0.04353	0.03573	0.19997	0.08758	0.00632	0.00658	0.16775	0.00168	0.48667	0.33806
0.47441	0.53146	0.00158	0.84972	0.93148	0.04219	0.03123	0.215	0.08639	0.00558	0.01095	0.15548	0.00074	0.49362	0.34899
0.61347	0.63519	0.00155	0.87998	0.94234	0.03644	0.0474	0.18031	0.08483	0.00508	0.00686	0.141	0.00364	0.48613	0.34385
0.56809	0.59397	0.00107	0.82305	0.93612	0.04519	0.03445	0.20678	0.08612	0.00386	0.00788	0.11286	0.00097	0.39122	0.32522
0.71053	0.78867	0.00121	0.88768	0.93999	0.05031	0.03688	0.19182	0.07901	0.00541	0.00573	0.11796	0.00085	0.5004	0.35491
0.53852	0.5715	0.00065	0.85525	0.9301	0.03847	0.03654	0.2159	0.0797	0.00536	0.00457	0.15657	0.00155	0.49325	0.34103
0.59663	0.64062	0.00114	0.88172	0.93331	0.04391	0.04469	0.20664	0.08749	0.00422	0.00823	0.12055	0.0011	0.49704	0.33773
0.37591	0.39066	0.00167	0.81842	0.929	0.03735	0.03548	0.23252	0.1001	0.00372	0.0051	0.22143	0.00159	0.47563	0.33205
0.31096	0.39259	0.00061	0.83341	0.9308	0.0426	0.04225	0.23946	0.08538	0.00414	0.00319	0.20459	0.00146	0.46635	0.34886
0.40704	0.47043	0.00052	0.75694	0.93161	0.04605	0.03818	0.2245	0.08848	0.00421	0.00672	0.15408	0.00106	0.35944	0.33736
0.45587	0.5432	0.00157	0.77017	0.9302	0.03664	0.04051	0.20885	0.09922	0.00323	0.00444	0.15148	0.00119	0.47587	0.31064
0.56971	0.61167	0.00061	0.82052	0.92868	0.03903	0.03765	0.19135	0.07828	0.00365	0.00227	0.10414	0.00104	0.51783	0.32121
0.58582	0.6918	0.00167	0.68181	0.93419	0.05248	0.03956	0.18839	0.07633	0.00534	0.00472	0.11983	0.00186	0.46418	0.32011
0.64894	0.72459	0.00121	0.88111	0.93473	0.05544	0.03656	0.19796	0.08517	0.0045	0.00494	0.12045	0.00134	0.45811	0.34691
0.69595	0.77766	0.00189	0.70949	0.93773	0.03489	0.03863	0.16931	0.06682	0.00464	0.00622	0.10188	0.00079	0.48507	0.31876
0.65645	0.73114	0.00149	0.71921	0.93536	0.0311	0.03622	0.16996	0.0749	0.00167	0.00593	0.11465	0.00195	0.5657	0.30447
0.38626	0.47612	0.00055	0.79462	0.92563	0.05286	0.03388	0.23728	0.08625	0.00362	0.00491	0.2253	0.00122	0.49917	0.31668
0.70863	0.80812	0.00075	0.70533	0.93563	0.05001	0.03582	0.17062	0.07257	0.00541	0.00471	0.09258	0.00131	0.55013	0.30968
0.77035	0.84682	0.00169	0.6873	0.93761	0.05521	0.03215	0.20102	0.07958	0.00141	0.00723	0.07479	0.0014	0.60068	0.3203
0.67918	0.73984	0.00111	0.84598	0.93453	0.0513	0.03854	0.18973	0.06672	0.00271	0.00218	0.10876	0.00103	0.49745	0.33137
0.50402	0.59755	0.00053	0.75785	0.9323	0.04853	0.0406	0.19632	0.07741	0.00416	0.0043	0.14452	0.00089	0.52528	0.29536
0.71595	0.75256	0.00168	0.82179	0.93802	0.04665	0.04584	0.16526	0.09424	0.00269	0.00264	0.10455	0.00123	0.57805	0.32621
0.63086	0.65671	0.00087	0.79647	0.93164	0.05391	0.03907	0.19385	0.07132	0.00478	0.00305	0.10718	0.001	0.57063	0.29013
0.68087	0.7543	0.00098	0.66935	0.93667	0.05281	0.04095	0.16541	0.08343	0.00091	0.00367	0.10753	0.00109	0.59148	0.30542
0.75559	0.79104	0.00054	0.62525	0.93431	0.04946	0.03182	0.1908	0.09798	0.00094	0.00349	0.12591	0.0011	0.55787	0.30351
0.6149	0.71005	0.00087	0.63228	0.93098	0.05241	0.03535	0.18784	0.05035	0.00254	0.00428	0.12876	0.0017	0.52188	0.28795
0.69079	0.74011	0.00052	0.7734	0.93375	0.06586	0.03714	0.19626	0.09805	0.00361	0.0043	0.12998	0.00102	0.58335	0.31244
0.85459	0.90793	0.00123	0.73061	0.93571	0.04371	0.03841	0.15374	0.06582	0.00286	0.00536	0.06881	0.001	0.59501	0.2839
0.87564	0.92184	0.00167	0.55692	0.93955	0.04957	0.03402	0.14828	0.07367	0.00247	0.00537	0.08304	0.00093	0.55222	0.28722
0.83286	0.8845	0.00061	0.68987	0.93938	0.05449	0.04202	0.20316	0.05802	0.00432	0.00467	0.12273	0.00129	0.55729	0.28255
0.75573	0.78624	0.00112	0.67891	0.93451	0.04853	0.03841	0.18241	0.0593	0.00101	0.00358	0.09903	0.00122	0.60276	0.30017
0.75415	0.79221	0.00244	0.61682	0.93382	0.04552	0.03635	0.18401	0.0728	0.00183	0.00305	0.12404	0.00121	0.56052	0.29657
0.6984	0.7923	0.00077	0.67044	0.9352	0.03985	0.03722	0.16549	0.06179	0.0009	0.00262	0.10485	0.00156	0.52604	0.317
0.66851	0.74065	0.00073	0.62054	0.93545	0.03965	0.03489	0.20458	0.05739	0.0038	0.00251	0.1267	0.00101	0.52486	0.32753
0.89141	0.89706	0.00071	0.57939	0.93444	0.05655	0.02921	0.19855	0.05439	0.00053	0.00947	0.0817	0.00106	0.56846	0.28157
0.92691	0.93192	0.0005	0.60998	0.93611	0.05198	0.03253	0.19087	0.04866	0.00121	0.00422	0.05496	0.00091	0.54526	0.30798
0.81629	0.85412	0.00125	0.62212	0.93287	0.04841	0.03214	0.16808	0.05025	0.00369	0.00397	0.08876	0.00197	0.59113	0.2865
0.86118	0.86782	0.00053	0.64846	0.93375	0.05979	0.04325	0.19516	0.06015	0.00459	0.00497	0.09613	0.00185	0.54376	0.29108
0.81129	0.85479	0.00147	0.73045	0.93542	0.0563	0.03353	0.20636	0.04942	0.00064	0.01066	0.10293	0.00109	0.50896	0.26953
0.8292	0.85683	0.00051	0.69012	0.93496	0.04187	0.03316	0.16998	0.06498	0.00045	0.00224	0.11459	0.00207	0.52705	0.30801
0.77824	0.84133	0.00064	0.80663	0.93379	0.05176	0.03348	0.16471	0.07175	0.00432	0.00335	0.12342	0.00144	0.51296	0.29149
0.72142	0.76861	0.00099	0.84968	0.93099	0.04807	0.03717	0.21563	0.06478	0.00112	0.00269	0.11814	0.00108	0.52309	0.25927
0.65781	0.66805	0.00173	0.70274	0.93344	0.03773	0.03558	0.17383	0.05099	0.00099	0.00537	0.18524	0.00103	0.50618	0.308
0.81281	0.83239	0.00111	0.74447	0.93495	0.0491	0.04243	0.21399	0.07768	0.00099	0.00407	0.10123	0.00148	0.55607	0.26515
0.82648	0.86225	0.00036	0.65444	0.93506	0.06535	0.04153	0.19047	0.05218	0.00047	0.00635	0.10837	0.0019	0.5796	0.28992
0.82081	0.8644	0.00123	0.87817	0.93592	0.04901	0.03424	0.1705	0.04386	0.00296	0.00648	0.09156	0.00168	0.56416	0.27924
0.77334	0.84373	0.00085	0.73717	0.93306	0.06594	0.03555	0.19724	0.04863	0.00157	0.00255	0.09744	0.00197	0.46556	0.22974
0.77693	0.84618	0.00065	0.73556	0.93871	0.04013	0.03617	0.20599	0.04146	0.00336	0.00508	0.11148	0.00176	0.51214	0.28203
0.7048	0.73013	0.00069	0.72724	0.93664	0.0522	0.03809	0.2432	0.08238	0.00398	0.00506	0.12925	0.00166	0.48448	0.25731
0.70188	0.75979	0.00162	0.83018	0.93206	0.03584	0.03581	0.19825	0.0763	0.00116	0.00508	0.13573	0.00205	0.43163	0.2312
0.74516	0.78351	0.00106	0.70131	0.93322	0.03404	0.03525	0.16359	0.05234	0.00172	0.00471	0.14667	0.0016	0.54492	0.28688
0.71629	0.79268	0.00233	0.96022	0.9323	0.04795	0.03183	0.17624	0.06266	0.00096	0.0051	0.12591	0.00123	0.57515	0.27468
0.73689	0.81139	0.00112	0.76889	0.93562	0.05001	0.03724	0.16493	0.04948	0.00071	0.00289	0.13719	0.00141	0.52786	0.29293
0.54018	0.60386	0.00079	0.78011	0.93162	0.05693	0.03231	0.19356	0.06789	0.00358	0.01224	0.14649	0.00112	0.53042	0.28027
0.68939	0.74328	0.00047	0.67255	0.93241	0.04045	0.03865	0.2098	0.07356	0.00079	0.00839	0.0922	0.00243	0.50507	0.28018
0.60811	0.73954	0.00087	0.91626	0.93449	0.03722	0.03585	0.18863	0.07058	0.00373	0.00973	0.15278	0.00153	0.57787	0.28224
0.81846	0.89601	0.00075	0.85664	0.93523	0.04223	0.03649	0.18112	0.04868	0.00182	0.00586	0.08971	0.00113	0.57494	0.25865
0.78501	0.82496	0.00095	0.69792	0.93315	0.05518	0.03387	0.19903	0.08667	0.00075	0.00895	0.12184	0.00101	0.51535	0.2343
0.58741	0.64622	0.00111	0.75284	0.9337	0.06464	0.03479	0.24355	0.08334	0.00135	0.01016	0.14775	0.00177	0.49881	0.25853
0.62274	0.73216	0.00113	0.81206	0.93395	0.05418	0.03863	0.19315	0.05951	0.00084	0.00584	0.16809	0.0011	0.50599	0.32491
0.73591	0.75719	0.00071	0.85795	0.93327	0.05587	0.03837	0.18055	0.07876	0.00135	0.00846	0.1214	0.00126	0.51243	0.31487
0.64689	0.73451	0.00036	0.86131	0.93298	0.04298	0.03679	0.17821	0.06318	0.00127	0.00845	0.12921	0.00263	0.57839	0.35778
0.74109	0.75784	0.00112	0.76336	0.93036	0.04352	0.0343	0.16463	0.05551	0.00284	0.01091	0.0922	0.0011	0.51031	0.24053
0.51562	0.53693	0.00107	0.80408	0.93125	0.04734	0.04441	0.20091	0.07737	0.00083	0.00927	0.15915	0.00202	0.47446	0.27937
0.55084	0.64543	0.00143	0.81686	0.93335	0.05559	0.04566	0.18624	0.04521	0.00262	0.01022	0.1766	0.00201	0.48061	0.2694
0.55227	0.56863	0.00088	0.69859	0.93006	0.05012	0.0403	0.20145	0.08304	0.00322	0.02353	0.19499	0.00118	0.45469	0.26302
0.57249	0.65729	0.00197	0.75874	0.93139	0.04211	0.03816	0.14414	0.06973	0.00085	0.00471	0.14645	0.00186	0.45433	0.28299
0.74762	0.78245	0.00083	0.61874	0.9335	0.04348	0.03705	0.19658	0.04757	0.00399	0.0033	0.11441	0.00157	0.56625	0.30828
0.75448	0.83205	0.00122	0.68059	0.93633	0.06159	0.03531	0.18332	0.0397	0.00333	0.00464	0.09032	0.00217	0.46881	0.25952
0.67445	0.80076	0.00055	0.75265	0.93243	0.04706	0.03609	0.19021	0.0451	0.0032	0.00587	0.12742	0.00123	0.5047	0.31097
0.56806	0.61187	0.00331	0.67963	0.93019	0.05096	0.04643	0.20226	0.06619	0.00247	0.01185	0.15639	0.00151	0.55315	0.31838
0.57101	0.66945	0.00107	0.75242	0.93432	0.0765	0.04183	0.19339	0.06683	0.0009	0.00567	0.14118	0.00161	0.44779	0.28447
0.76211	0.83005	0.00068	0.86726	0.93288	0.07593	0.04764	0.19321	0.08504	0.00052	0.00785	0.11752	0.00142	0.47649	0.26432
0.75707	0.79325	0.00138	0.9392	0.93085	0.05847	0.03642	0.16585	0.06294	0.00403	0.01688	0.13633	0.00147	0.5212	0.2918
