mass_1	mass_2	phase	time	distance	a_1	a_2	tilt_1	tilt_2	phi_12	phi_jl	theta_jn	psi	ra	dec
0.96686	0.90794	0.04709	0.82455	0.58144	0.12159	0.08168	0.03561	0.02237	0.04976	0.04736	0.19149	0.06936	0.77854	0.31269
0.96268	0.91935	0.0426	0.90019	0.73214	0.10463	0.1064	0.03161	0.01878	0.05	0.03939	0.17646	0.03847	0.74867	0.33632
0.94949	0.8618	0.03552	0.79136	0.90165	0.13249	0.0942	0.03771	0.02548	0.04312	0.05256	0.16071	0.04276	0.5983	0.349
0.91284	0.96266	0.01421	0.8553	0.90407	0.13445	0.11788	0.04629	0.01826	0.0419	0.03748	0.13807	0.01739	0.6202	0.37921
0.88609	0.95627	0.01602	0.78034	0.94174	0.1395	0.08733	0.06679	0.0177	0.03725	0.02568	0.12415	0.01277	0.69708	0.38928
0.92054	0.99027	0.01163	0.7416	0.96666	0.14762	0.05617	0.06511	0.01687	0.03297	0.01207	0.13608	0.01277	0.66282	0.41779
0.92872	0.99268	0.01212	0.81766	0.96927	0.15695	0.06174	0.05844	0.01766	0.0306	0.01226	0.07842	0.00931	0.723	0.36148
0.94981	0.99885	0.01372	0.78105	0.983	0.17849	0.05408	0.05199	0.01368	0.03046	0.00934	0.04003	0.01135	0.63044	0.34979
0.93704	0.99234	0.01463	0.74057	0.98528	0.15758	0.05882	0.06618	0.01729	0.02318	0.00827	0.03158	0.00511	0.67586	0.36634
0.92101	0.99134	0.02186	0.70969	0.97942	0.13197	0.05343	0.05619	0.02337	0.01277	0.01384	0.02342	0.01037	0.66851	0.3499
0.89682	0.97457	0.00941	0.63232	0.98467	0.1723	0.04666	0.05202	0.01854	0.0171	0.0133	0.09672	0.00647	0.64443	0.33095
0.91784	0.99454	0.0171	0.6809	0.97288	0.17788	0.03725	0.04658	0.01391	0.01329	0.00936	0.1105	0.00804	0.64631	0.33451
0.92583	0.99854	0.01169	0.65938	0.9693	0.23218	0.04285	0.05381	0.01714	0.01481	0.00771	0.09113	0.00127	0.63702	0.31855
0.82702	0.99642	0.00594	0.65201	0.97482	0.20429	0.05125	0.04905	0.01953	0.0129	0.00806	0.09538	0.00088	0.56555	0.36515
0.8982	0.99863	0.01173	0.68782	0.96966	0.15915	0.0524	0.04581	0.02188	0.01009	0.01602	0.12033	0.00178	0.46978	0.36612
0.90152	0.99735	0.00303	0.65988	0.97317	0.24242	0.05356	0.05327	0.01668	0.0193	0.00455	0.16673	0.00221	0.53717	0.36739
0.89663	0.99793	0.00319	0.6743	0.97593	0.23594	0.06206	0.05009	0.01648	0.0079	0.02317	0.17544	0.0049	0.46337	0.37995
0.74691	0.98377	0.00426	0.70532	0.95414	0.17612	0.0659	0.05323	0.01692	0.01169	0.01845	0.13256	0.00574	0.56258	0.36155
0.82808	0.99281	0.00519	0.71992	0.92827	0.20863	0.05813	0.04872	0.01572	0.01134	0.02975	0.17515	0.0077	0.55361	0.37843
0.79421	0.97929	0.0066	0.72138	0.94564	0.2046	0.06116	0.04245	0.01424	0.00587	0.06219	0.07865	0.00229	0.51453	0.38428
0.82681	0.98357	0.00764	0.72784	0.92696	0.19553	0.05659	0.0528	0.02501	0.01363	0.05198	0.12389	0.00194	0.50487	0.36564
0.8008	0.98669	0.00403	0.6691	0.92349	0.20013	0.0578	0.04602	0.02561	0.00589	0.04946	0.13681	0.00415	0.58813	0.36246
0.64713	0.9211	0.00683	0.68217	0.94107	0.14041	0.0568	0.04037	0.01512	0.00738	0.01868	0.12207	0.00443	0.56934	0.37539
0.75748	0.98567	0.0039	0.67285	0.94238	0.24479	0.04672	0.04904	0.02292	0.01074	0.06687	0.19607	0.0026	0.60669	0.35105
0.63226	0.9522	0.00427	0.66723	0.93237	0.22882	0.07507	0.04253	0.0242	0.00435	0.04025	0.19078	0.00181	0.62437	0.3773
0.81269	0.98527	0.00245	0.67751	0.93717	0.25043	0.07097	0.04448	0.02761	0.00653	0.02421	0.08835	0.00307	0.57929	0.39892
0.84292	0.98876	0.0025	0.6734	0.91977	0.23357	0.06555	0.03466	0.02118	0.00698	0.00795	0.10291	0.00449	0.58179	0.37949
0.73898	0.9639	0.00446	0.68852	0.96296	0.21957	0.07272	0.04012	0.0192	0.004	0.0087	0.09591	0.0015	0.58164	0.35821
0.58517	0.76615	0.00407	0.76203	0.95052	0.28108	0.05957	0.03922	0.01958	0.00836	0.01467	0.06666	0.00182	0.61629	0.36639
0.61971	0.91603	0.00243	0.74628	0.9065	0.32768	0.08408	0.04208	0.01454	0.0092	0.02382	0.13084	0.00223	0.62373	0.38159
0.80552	0.96913	0.00455	0.85587	0.93856	0.39656	0.05105	0.04469	0.02254	0.00568	0.00697	0.07408	0.00379	0.59096	0.38756
0.86388	0.98967	0.00315	0.75809	0.93906	0.45456	0.07805	0.03424	0.03522	0.00817	0.02568	0.12046	0.00405	0.54321	0.39348
0.86425	0.988	0.00429	0.73724	0.92715	0.38463	0.05769	0.03473	0.02852	0.00965	0.0279	0.11263	0.0016	0.62257	0.39893
0.8807	0.98294	0.00422	0.75501	0.93636	0.34588	0.06589	0.02426	0.04172	0.00626	0.01341	0.12718	0.00054	0.56239	0.42529
0.58977	0.8599	0.0068	0.77926	0.96911	0.33353	0.05893	0.03319	0.02266	0.00775	0.01252	0.08356	0.00286	0.6395	0.37156
0.9071	0.99622	0.00703	0.73342	0.97868	0.27868	0.06338	0.01503	0.06107	0.00655	0.00795	0.1198	0.00392	0.62799	0.36026
0.83508	0.97941	0.00304	0.67108	0.96037	0.32998	0.09428	0.0177	0.03703	0.00965	0.00838	0.08575	0.00222	0.65292	0.34461
0.61123	0.76344	0.00768	0.69955	0.98189	0.28466	0.06701	0.01047	0.02082	0.01162	0.01205	0.10676	0.00338	0.68303	0.37996
0.65673	0.90502	0.00697	0.72088	0.97453	0.4405	0.0901	0.01697	0.03047	0.00643	0.0147	0.06415	0.00258	0.64675	0.39447
0.64842	0.92483	0.00941	0.67369	0.97867	0.37458	0.10618	0.01168	0.01692	0.00472	0.00481	0.04003	0.00131	0.5867	0.37423
0.59341	0.81861	0.00683	0.71387	0.98005	0.41785	0.08633	0.00977	0.07032	0.00339	0.00626	0.11502	0.00747	0.6839	0.31175
0.75852	0.93316	0.00579	0.72266	0.97338	0.43665	0.09688	0.01003	0.02594	0.00453	0.00198	0.0544	0.00289	0.63892	0.36232
0.45347	0.70889	0.00353	0.76989	0.98851	0.44277	0.08823	0.01243	0.03909	0.00176	0.0082	0.0594	0.00241	0.6993	0.35782
0.77541	0.94851	0.00269	0.68608	0.98323	0.39484	0.08982	0.01795	0.09648	0.00576	0.01069	0.06667	0.00461	0.65542	0.3507
0.88219	0.98954	0.00389	0.74513	0.98543	0.52001	0.07518	0.02729	0.12468	0.00528	0.01443	0.05848	0.00549	0.61588	0.41324
0.58786	0.84974	0.00473	0.7495	0.98092	0.46889	0.08219	0.01037	0.08582	0.00385	0.0084	0.04916	0.00295	0.64538	0.37594
0.71601	0.9101	0.00166	0.81645	0.98222	0.4779	0.06177	0.00758	0.0555	0.00422	0.01892	0.04037	0.00284	0.60073	0.42024
0.60977	0.82008	0.0035	0.71384	0.98854	0.5156	0.06974	0.03551	0.05326	0.00562	0.02306	0.06367	0.0027	0.55439	0.42069
0.28348	0.45958	0.003	0.73165	0.99072	0.45084	0.06854	0.01126	0.03091	0.00572	0.01113	0.05372	0.0089	0.62899	0.38235
0.46079	0.74856	0.00402	0.67672	0.98892	0.42051	0.09244	0.02437	0.0799	0.00868	0.00835	0.01775	0.00208	0.63995	0.39426
0.7023	0.85112	0.00665	0.69228	0.96659	0.45852	0.07905	0.03751	0.05957	0.00575	0.0061	0.06645	0.00187	0.54698	0.47595
0.60039	0.8372	0.00816	0.63391	0.97682	0.44437	0.077	0.00928	0.05907	0.00335	0.01329	0.05088	0.00349	0.54538	0.38778
0.60009	0.88953	0.00718	0.6602	0.98059	0.4506	0.08506	0.01077	0.16611	0.00567	0.03767	0.02403	0.00349	0.56198	0.37763
0.68796	0.90547	0.00938	0.72284	0.97711	0.49486	0.07139	0.02331	0.15072	0.00372	0.00626	0.05192	0.01019	0.6467	0.35151
0.42121	0.66542	0.00342	0.65638	0.99043	0.35585	0.05957	0.07386	0.12089	0.00586	0.02905	0.04461	0.00219	0.52248	0.47878
0.56254	0.86638	0.00383	0.56739	0.99352	0.4496	0.05098	0.06549	0.03999	0.00486	0.00685	0.03507	0.0078	0.58196	0.31445
0.36613	0.66774	0.00317	0.61123	0.99756	0.57088	0.07886	0.05224	0.06957	0.00531	0.01142	0.04511	0.00902	0.48507	0.419
0.91711	0.98757	0.00314	0.72059	0.98676	0.43804	0.07064	0.11577	0.12424	0.00415	0.03552	0.05604	0.00258	0.60218	0.36077
0.34866	0.60445	0.00529	0.77523	0.99642	0.35708	0.13491	0.02644	0.10289	0.00689	0.02553	0.04442	0.00429	0.66026	0.33378
0.61763	0.73906	0.01397	0.63276	0.99246	0.51675	0.11861	0.0248	0.07934	0.00785	0.04018	0.0473	0.00424	0.58519	0.33276
0.82486	0.94733	0.00434	0.61911	0.98826	0.51143	0.1384	0.07394	0.02408	0.00763	0.03997	0.11221	0.00908	0.59124	0.31858
0.67382	0.82227	0.00202	0.75484	0.99212	0.40558	0.14137	0.07379	0.07498	0.0104	0.02016	0.09027	0.01103	0.70223	0.27033
0.95085	0.98837	0.00315	0.55338	0.99756	0.66413	0.07829	0.04219	0.06661	0.00454	0.03541	0.17315	0.00658	0.58289	0.23244
0.53548	0.80641	0.01056	0.63842	0.99596	0.40529	0.15454	0.04673	0.06941	0.00558	0.01751	0.06697	0.00958	0.62136	0.26638
0.67295	0.90894	0.00939	0.67732	0.99765	0.57648	0.10994	0.02746	0.04236	0.00349	0.05756	0.04193	0.00432	0.61527	0.25936
0.83478	0.96121	0.00387	0.67175	0.99532	0.64394	0.09641	0.04594	0.05048	0.00553	0.03485	0.10558	0.0075	0.68212	0.2484
0.8288	0.94052	0.00651	0.65484	0.99561	0.55785	0.10031	0.06512	0.04142	0.00681	0.03701	0.14445	0.00411	0.56332	0.24794
0.91864	0.98572	0.00295	0.68398	0.99297	0.49771	0.15809	0.06285	0.06642	0.00684	0.0144	0.15722	0.00451	0.63158	0.31248
0.95252	0.99386	0.00541	0.78797	0.9955	0.58086	0.16289	0.06571	0.02344	0.00545	0.03866	0.13797	0.0059	0.65619	0.23206
0.95789	0.99173	0.00505	0.61599	0.99292	0.63997	0.16629	0.10406	0.04556	0.00782	0.06604	0.13385	0.00619	0.76114	0.38066
0.94384	0.98611	0.00175	0.66556	0.98847	0.7054	0.09182	0.06546	0.0751	0.00467	0.02531	0.25224	0.0037	0.55381	0.53492
0.95998	0.99352	0.00327	0.75389	0.99457	0.71065	0.07964	0.07431	0.04586	0.00149	0.03454	0.20723	0.00379	0.56097	0.72796
0.9007	0.98685	0.01035	0.74516	0.99178	0.64455	0.10836	0.09414	0.04891	0.00243	0.05585	0.16669	0.01615	0.48756	0.56712
0.85349	0.98719	0.00267	0.75824	0.99362	0.64099	0.09741	0.11436	0.00824	0.00353	0.02507	0.12183	0.00874	0.51708	0.331
0.94017	0.9987	0.00358	0.68264	0.99016	0.65521	0.11073	0.07046	0.04723	0.00543	0.02967	0.15848	0.00375	0.42471	0.76216
0.9523	0.99067	0.00402	0.66326	0.99513	0.57583	0.16865	0.10826	0.0781	0.00464	0.01	0.18302	0.00681	0.51771	0.56993
0.96074	0.99909	0.00249	0.7342	0.995	0.61735	0.13041	0.06581	0.04762	0.00506	0.05114	0.2144	0.00487	0.4875	0.67105
0.92672	0.99275	0.00264	0.6113	0.99232	0.59325	0.1372	0.03586	0.05434	0.00539	0.04562	0.10934	0.00951	0.62861	0.3533
0.95512	0.99624	0.00254	0.65072	0.99206	0.59696	0.12334	0.03714	0.11738	0.00135	0.02114	0.13756	0.00913	0.61083	0.67965
0.97116	0.9967	0.00262	0.69386	0.99387	0.583	0.09536	0.06545	0.05239	0.00514	0.04079	0.09166	0.00999	0.50361	0.43861
0.9621	0.99524	0.0011	0.5912	0.99695	0.57788	0.20999	0.04163	0.00724	0.00152	0.03951	0.13275	0.00112	0.55122	0.32874
0.91112	0.98642	0.00118	0.61953	0.99456	0.66084	0.15886	0.04433	0.01175	0.00458	0.0552	0.17458	0.00538	0.58235	0.56775
0.81274	0.91741	0.00069	0.6039	0.99357	0.64409	0.11398	0.19858	0.0818	0.00335	0.03958	0.19662	0.00689	0.69599	0.65399
0.78389	0.95636	0.00352	0.77796	0.99062	0.61535	0.14247	0.05598	0.21085	0.00318	0.05825	0.1125	0.00302	0.5608	0.45674
0.5423	0.78424	0.00297	0.77124	0.99541	0.63713	0.13575	0.00896	0.07564	0.0051	0.01717	0.05735	0.00525	0.57085	0.36431
0.8755	0.96681	0.00149	0.7375	0.99619	0.73279	0.15155	0.01761	0.04403	0.00374	0.05426	0.17892	0.01016	0.60013	0.299
0.9583	0.99335	0.00109	0.68764	0.99532	0.77558	0.13365	0.02633	0.0486	0.00352	0.05685	0.3524	0.0042	0.62191	0.28184
0.8928	0.96343	0.00064	0.76119	0.99662	0.54693	0.12046	0.02252	0.04991	0.00173	0.03676	0.21243	0.00402	0.60477	0.32585
0.86632	0.95727	0.00388	0.82424	0.99581	0.59024	0.10371	0.01931	0.07839	0.00345	0.05611	0.16725	0.00991	0.61232	0.32038
0.86363	0.93407	0.00193	0.74673	0.9946	0.7517	0.11514	0.01725	0.01382	0.00458	0.0639	0.20068	0.01298	0.60169	0.37158
0.92272	0.9788	0.00254	0.83294	0.99395	0.77066	0.07648	0.01568	0.00918	0.0067	0.04548	0.23205	0.00365	0.64858	0.26352
0.84717	0.965	0.00285	0.79175	0.99488	0.78658	0.06623	0.01485	0.10763	0.00457	0.1011	0.28266	0.0065	0.65385	0.34627
0.91953	0.98493	0.00197	0.80543	0.99583	0.75244	0.11242	0.01322	0.04098	0.00481	0.10889	0.23376	0.00689	0.62939	0.24774
0.94003	0.99402	0.00243	0.72127	0.99337	0.85279	0.08298	0.0335	0.04112	0.00358	0.19384	0.18048	0.0055	0.6777	0.31133
0.96047	0.99056	0.00203	0.82129	0.98809	0.74166	0.12198	0.05137	0.06599	0.00614	0.08133	0.30787	0.00086	0.64824	0.32458
0.9109	0.96808	0.00158	0.81557	0.99468	0.81932	0.13447	0.0602	0.15292	0.00309	0.05867	0.27184	0.00298	0.6508	0.33081
0.71935	0.90588	0.00899	0.83846	0.99806	0.70258	0.09162	0.03494	0.13076	0.00622	0.03657	0.13941	0.00143	0.64849	0.42883
0.891	0.97503	0.0036	0.76554	0.99712	0.67896	0.09976	0.04763	0.1629	0.00351	0.04688	0.24897	0.00156	0.58935	0.41986
0.87435	0.96827	0.00574	0.80334	0.9961	0.82525	0.11591	0.05239	0.04695	0.00196	0.08645	0.25282	0.00724	0.58993	0.34593
0.91664	0.98501	0.00451	0.72954	0.99625	0.79614	0.07549	0.01089	0.06639	0.00342	0.03301	0.2768	0.00505	0.59009	0.30461
0.84994	0.97164	0.00536	0.79501	0.99572	0.77338	0.0573	0.08537	0.08676	0.00501	0.02951	0.28919	0.00378	0.53934	0.45222
0.89851	0.97954	0.00207	0.79258	0.994	0.7398	0.1015	0.0411	0.08308	0.00551	0.02953	0.2724	0.00128	0.57469	0.32487
0.96409	0.99733	0.00397	0.76594	0.99832	0.84643	0.07771	0.0494	0.06493	0.00296	0.05851	0.28057	0.00426	0.53079	0.40444
0.96928	0.99343	0.00497	0.66309	0.99719	0.84322	0.10935	0.04605	0.05956	0.00254	0.15765	0.32614	0.0048	0.49619	0.38022
0.97277	0.99202	0.00095	0.75839	0.99479	0.7424	0.08081	0.02605	0.0332	0.0043	0.03455	0.28754	0.00141	0.36659	0.6595
0.94175	0.99679	0.00053	0.75903	0.99357	0.68809	0.09326	0.04367	0.08158	0.00188	0.02823	0.2681	0.00615	0.58628	0.39338
0.96963	0.98914	0.00329	0.71854	0.99764	0.89952	0.08203	0.04071	0.05965	0.00373	0.05895	0.36927	0.00611	0.42053	0.64758
0.94746	0.97607	0.00064	0.7856	0.99626	0.756	0.11883	0.02111	0.04971	0.00623	0.07816	0.29762	0.00143	0.47189	0.41741
0.91843	0.96833	0.00165	0.70547	0.99721	0.73894	0.09265	0.0231	0.04593	0.00578	0.02762	0.24969	0.00674	0.40063	0.75731
0.91828	0.97904	0.00255	0.7133	0.99654	0.74642	0.0888	0.02655	0.11356	0.00626	0.08122	0.3364	0.00682	0.48029	0.53211
0.96119	0.99433	0.00092	0.7141	0.99404	0.77342	0.07841	0.05379	0.15833	0.00429	0.14865	0.3787	0.00508	0.52971	0.51331
0.9655	0.97483	0.00236	0.75788	0.99688	0.80514	0.03755	0.03473	0.16076	0.00237	0.069	0.368	0.00567	0.55668	0.25253
0.9669	0.99411	0.0043	0.73052	0.99713	0.82407	0.05326	0.07922	0.12832	0.00238	0.08832	0.4082	0.00644	0.57535	0.22102
0.9543	0.98947	0.00598	0.7173	0.99762	0.86624	0.04638	0.05178	0.09532	0.0013	0.06307	0.39	0.00463	0.54067	0.35014
0.93641	0.97386	0.00042	0.72475	0.99625	0.79497	0.08068	0.04744	0.09865	0.00402	0.13767	0.42338	0.00408	0.54208	0.38558
0.94783	0.96619	0.00135	0.72835	0.99763	0.77545	0.09305	0.04023	0.10913	0.00432	0.0755	0.25713	0.00442	0.47712	0.55872
0.90574	0.94851	0.00142	0.71847	0.99771	0.73319	0.10634	0.01877	0.10793	0.00398	0.05938	0.29967	0.00497	0.60537	0.29659
0.93356	0.96696	0.00128	0.73403	0.99711	0.7813	0.07951	0.02327	0.05905	0.00335	0.04475	0.31944	0.0062	0.47826	0.69707
0.94252	0.97303	0.00185	0.71331	0.99169	0.81476	0.06418	0.03084	0.08737	0.00162	0.06907	0.39881	0.00818	0.48931	0.52481
0.96546	0.98344	0.00199	0.702	0.998	0.813	0.06422	0.04785	0.07566	0.00237	0.04438	0.28675	0.00409	0.43488	0.69185
0.96988	0.9693	0.00064	0.69974	0.99683	0.83932	0.05916	0.01622	0.11276	0.00137	0.05026	0.24089	0.00698	0.57064	0.53981
0.9743	0.9615	0.00252	0.66712	0.99656	0.84766	0.11779	0.03026	0.02253	0.00428	0.05547	0.22698	0.00581	0.5931	0.34245
0.95142	0.96012	0.00322	0.70353	0.99813	0.87141	0.07935	0.03387	0.12745	0.00156	0.07539	0.238	0.00518	0.53086	0.36834
0.9118	0.95413	0.00325	0.79114	0.98983	0.75819	0.09614	0.00739	0.07085	0.00146	0.03456	0.15837	0.0014	0.51628	0.51162
0.92104	0.94802	0.01079	0.76781	0.99653	0.82857	0.07949	0.02589	0.02034	0.00224	0.05563	0.17395	0.00899	0.59162	0.33117
0.92284	0.97062	0.00268	0.72955	0.99891	0.85917	0.04598	0.02878	0.11379	0.004	0.0241	0.29111	0.00561	0.58235	0.34686
0.89588	0.97405	0.00081	0.69485	0.99895	0.85564	0.09907	0.03479	0.06521	0.00178	0.06319	0.3134	0.00118	0.51744	0.56897
0.96233	0.98139	0.00167	0.72483	0.99908	0.90437	0.07271	0.03234	0.01407	0.00232	0.06238	0.33118	0.0042	0.47551	0.51788
0.91386	0.91292	0.00139	0.84098	0.99722	0.90985	0.10393	0.05515	0.02892	0.00251	0.08003	0.27671	0.00373	0.44607	0.67051
0.87429	0.94535	0.00267	0.80247	0.99775	0.85534	0.08493	0.03207	0.04137	0.00436	0.05219	0.24975	0.00495	0.60879	0.32652
0.87832	0.94365	0.00242	0.8297	0.99769	0.83246	0.09898	0.02122	0.09022	0.00304	0.02301	0.20454	0.0113	0.5541	0.39697
0.82727	0.93472	0.00139	0.78566	0.9978	0.91288	0.08811	0.04515	0.084	0.00378	0.06684	0.37604	0.01306	0.46125	0.5112
0.87115	0.95458	0.00408	0.79311	0.99717	0.93267	0.09206	0.02403	0.08513	0.00149	0.05923	0.19351	0.00304	0.50248	0.49595
0.84758	0.94583	0.00499	0.78665	0.99641	0.9526	0.06941	0.10677	0.11641	0.00305	0.04127	0.33342	0.00529	0.47757	0.52737
0.9281	0.94071	0.00168	0.78325	0.99743	0.91662	0.07395	0.09319	0.10085	0.00265	0.0508	0.24747	0.01224	0.57486	0.35721
0.9423	0.97372	0.00293	0.81188	0.99835	0.84306	0.08945	0.04531	0.09441	0.00591	0.06632	0.31839	0.01272	0.57094	0.39385
0.87092	0.96222	0.00611	0.79888	0.99813	0.84337	0.15723	0.04837	0.18742	0.00667	0.04135	0.21203	0.01093	0.65464	0.25429
0.92132	0.96709	0.00373	0.77705	0.99995	0.87891	0.11816	0.04147	0.16721	0.00469	0.03382	0.24544	0.00919	0.63328	0.2972
0.87814	0.97207	0.00094	0.71742	0.99575	0.86356	0.11194	0.0298	0.17661	0.00254	0.02634	0.20678	0.00711	0.65504	0.24553
0.9083	0.99193	0.00328	0.74791	0.99821	0.85784	0.08694	0.05409	0.12706	0.0073	0.14261	0.20194	0.00596	0.59469	0.31145
0.89316	0.98306	0.00285	0.76906	0.99875	0.80458	0.12719	0.1005	0.13571	0.00169	0.13868	0.23441	0.01236	0.4891	0.6116
0.91127	0.97318	0.00129	0.75542	0.99679	0.86352	0.10116	0.11489	0.16303	0.00243	0.06311	0.34088	0.00779	0.61434	0.47156
0.94053	0.90685	0.00173	0.80179	0.99934	0.85002	0.10864	0.06538	0.09065	0.00183	0.13559	0.44277	0.00366	0.50918	0.63449
0.7929	0.91599	0.00234	0.7312	0.99775	0.78087	0.14544	0.13764	0.16246	0.0033	0.01295	0.25307	0.0039	0.46828	0.53472
0.72581	0.90836	0.00537	0.72152	0.99836	0.84479	0.16209	0.10064	0.15443	0.00212	0.01963	0.22382	0.01183	0.61626	0.40987
0.89268	0.97013	0.00504	0.69475	0.99913	0.84451	0.11527	0.05016	0.11016	0.00515	0.11399	0.30902	0.00588	0.84011	0.30984
0.95445	0.95529	0.00272	0.58208	0.99954	0.84694	0.06115	0.04346	0.12891	0.00637	0.0849	0.22146	0.00765	0.74511	0.23023
0.94465	0.96475	0.00179	0.67083	0.99865	0.85305	0.15712	0.11217	0.16172	0.00319	0.13942	0.34644	0.00604	0.75522	0.2375
0.8352	0.96533	0.00368	0.57506	0.99908	0.80746	0.16993	0.07143	0.09084	0.00224	0.06172	0.1642	0.00624	0.56584	0.41075
0.9162	0.96371	0.00306	0.61545	0.99864	0.82169	0.15396	0.09927	0.09023	0.00219	0.01272	0.3387	0.00232	0.65889	0.33681
0.96853	0.98857	0.00374	0.63953	0.99737	0.88704	0.10216	0.11649	0.04994	0.00682	0.01555	0.45067	0.005	0.59036	0.41918
0.9292	0.95963	0.00244	0.66568	0.99868	0.85049	0.13565	0.0567	0.14476	0.00613	0.01746	0.22618	0.01536	0.5916	0.33467
0.95708	0.9789	0.00319	0.7859	0.99755	0.87479	0.10895	0.10386	0.12176	0.00676	0.03059	0.32299	0.01645	0.46442	0.56904
0.88486	0.95372	0.00196	0.70647	0.99681	0.8104	0.091	0.05374	0.05371	0.00568	0.00537	0.23181	0.0056	0.54176	0.53786
0.97559	0.97906	0.00071	0.59745	0.99746	0.83888	0.06779	0.12718	0.05014	0.00978	0.08275	0.29564	0.01013	0.72433	0.23712
0.94492	0.96723	0.00331	0.70357	0.99636	0.83532	0.06642	0.12215	0.18366	0.00472	0.01604	0.23073	0.01342	0.66199	0.30067
0.95975	0.97297	0.00095	0.64995	0.99884	0.85114	0.11276	0.08309	0.11258	0.00617	0.08977	0.31166	0.00632	0.50731	0.4961
0.96963	0.98265	0.00144	0.6748	0.99971	0.84635	0.15024	0.12212	0.12908	0.00715	0.09023	0.3249	0.00818	0.57456	0.33079
0.97686	0.97741	0.00274	0.71522	0.99909	0.90104	0.1011	0.05511	0.09528	0.00363	0.01446	0.4491	0.00468	0.49854	0.52981
0.96468	0.99147	0.00117	0.78124	0.99929	0.89325	0.07451	0.09905	0.22235	0.00527	0.01162	0.31113	0.00746	0.6336	0.29174
0.96487	0.97076	0.0025	0.70943	0.9982	0.82425	0.08291	0.15864	0.27712	0.00353	0.03698	0.22028	0.00533	0.52437	0.455
0.97404	0.98049	0.0014	0.76121	0.99895	0.90807	0.10271	0.15222	0.20028	0.00212	0.07923	0.22027	0.00615	0.43867	0.65552
0.96143	0.99188	0.00313	0.7277	0.99925	0.83809	0.14447	0.23386	0.24442	0.00393	0.07686	0.10475	0.01806	0.47596	0.53001
0.88671	0.95264	0.00708	0.75487	0.99894	0.91297	0.12942	0.20762	0.15605	0.00511	0.02465	0.07793	0.00436	0.37613	0.7051
0.97185	0.97697	0.00193	0.79344	0.99955	0.92276	0.12289	0.27694	0.22378	0.00525	0.0286	0.22723	0.00701	0.35986	0.71757
0.9539	0.97161	0.00354	0.64929	0.99966	0.9391	0.14286	0.12619	0.13647	0.00372	0.12974	0.16422	0.02098	0.39904	0.60124
0.96797	0.9917	0.00178	0.65509	0.99893	0.87024	0.11426	0.08269	0.16936	0.00397	0.14813	0.34519	0.00971	0.61954	0.33485
0.94244	0.98934	0.00429	0.54984	0.99876	0.93456	0.13429	0.09445	0.15116	0.00517	0.06665	0.26844	0.0042	0.66344	0.31197
0.73992	0.9422	0.00092	0.71682	0.99964	0.85998	0.10492	0.03764	0.14038	0.0058	0.02368	0.15589	0.00217	0.48319	0.47167
0.81568	0.9321	0.0053	0.73855	0.99822	0.8523	0.11218	0.04289	0.07505	0.00441	0.05899	0.10146	0.00338	0.44558	0.48966
0.76733	0.97683	0.00209	0.65212	0.99922	0.89279	0.11748	0.04281	0.10844	0.00281	0.05299	0.06286	0.00675	0.42738	0.54503
0.80615	0.95871	0.0051	0.64673	0.99861	0.85606	0.12093	0.03962	0.06304	0.00652	0.02242	0.08355	0.00976	0.5393	0.41958
0.96218	0.97502	0.00249	0.74904	0.99754	0.92636	0.10548	0.05267	0.20149	0.00175	0.07254	0.2564	0.00793	0.48283	0.59819
0.91204	0.98918	0.00269	0.69063	0.99651	0.91108	0.0604	0.03998	0.07924	0.0035	0.15716	0.22176	0.01013	0.60632	0.49246
0.91068	0.98347	0.00299	0.73602	0.99535	0.90818	0.08503	0.02603	0.05967	0.0042	0.06837	0.21083	0.01323	0.56277	0.47729
0.9219	0.97501	0.0024	0.67603	0.99752	0.89257	0.0864	0.03007	0.06603	0.00366	0.02444	0.14569	0.00714	0.59418	0.42146
0.95386	0.97324	0.00138	0.7514	0.99814	0.8539	0.10137	0.07593	0.10871	0.00187	0.02891	0.32798	0.01013	0.50478	0.60705
0.91645	0.96525	0.00063	0.78302	0.99846	0.86324	0.07407	0.01826	0.016	0.00409	0.04241	0.12425	0.01143	0.438	0.60842
0.91499	0.9668	0.00467	0.6303	0.99717	0.85808	0.07606	0.04862	0.02651	0.00402	0.08125	0.25039	0.01163	0.46609	0.71846
0.91078	0.92876	0.00125	0.53854	0.99755	0.90453	0.10062	0.02052	0.08967	0.00171	0.09964	0.18992	0.00623	0.77383	0.2772
0.87818	0.90583	0.00285	0.62122	0.99665	0.8726	0.10127	0.11127	0.14408	0.00128	0.06973	0.24383	0.00613	0.6932	0.41562
0.81268	0.82635	0.00272	0.65386	0.9991	0.8467	0.12867	0.10211	0.14403	0.01039	0.02558	0.11857	0.01153	0.77032	0.34049
0.94689	0.95734	0.00172	0.568	0.99877	0.91782	0.06387	0.084	0.11344	0.00828	0.11575	0.19616	0.01342	0.71309	0.33259
0.97185	0.96636	0.00127	0.73327	0.99694	0.96748	0.05476	0.10043	0.12816	0.00228	0.08947	0.39159	0.00993	0.63882	0.45407
0.95104	0.97785	0.00098	0.81002	0.99399	0.93326	0.08694	0.04733	0.13097	0.00208	0.10218	0.37326	0.00529	0.47818	0.80954
0.96067	0.98488	0.00451	0.80142	0.99728	0.86716	0.07936	0.0381	0.14462	0.00887	0.111	0.41055	0.00911	0.4766	0.76006
0.96004	0.98891	0.0018	0.80051	0.9979	0.90534	0.13603	0.07044	0.15663	0.00764	0.06865	0.3622	0.01865	0.51872	0.83355
0.94266	0.98838	0.00064	0.82439	0.99323	0.87078	0.0777	0.03772	0.18965	0.00576	0.0171	0.36976	0.0064	0.50568	0.67873
0.92481	0.98715	0.00175	0.88965	0.9985	0.89409	0.06182	0.04677	0.23881	0.00558	0.0565	0.4158	0.01487	0.52173	0.76227
0.98298	0.99627	0.00069	0.90436	0.99665	0.88527	0.07321	0.07404	0.21433	0.00178	0.04642	0.48713	0.01434	0.55901	0.74613
0.95768	0.98687	0.00141	0.76957	0.99558	0.92395	0.08952	0.03124	0.16541	0.00567	0.08116	0.50437	0.01269	0.61928	0.59888
0.96658	0.99339	0.00188	0.65974	0.99725	0.93203	0.09322	0.03576	0.17919	0.00369	0.09217	0.49356	0.0126	0.61473	0.40251
0.97358	0.99741	0.00203	0.66334	0.9992	0.94873	0.07836	0.06434	0.2223	0.00314	0.0244	0.45412	0.00646	0.67544	0.43263
0.93118	0.9877	0.00399	0.58424	0.99792	0.97124	0.08764	0.04491	0.08011	0.00489	0.06624	0.24569	0.01909	0.60326	0.439
0.96366	0.99491	0.00193	0.84231	0.99769	0.93226	0.08784	0.0725	0.25622	0.00124	0.0244	0.38496	0.00549	0.51992	0.65524
0.97059	0.99034	0.00103	0.67764	0.99821	0.96472	0.09381	0.09182	0.23643	0.00301	0.05646	0.43099	0.01188	0.60217	0.45992
0.97069	0.99661	0.00172	0.4915	0.99872	0.92804	0.0632	0.11513	0.15797	0.00616	0.04081	0.33438	0.01448	0.75737	0.32834
0.93628	0.9906	0.00219	0.71978	0.99919	0.9588	0.09001	0.09783	0.34042	0.00863	0.0583	0.34367	0.02203	0.57852	0.45845
0.91621	0.97909	0.00243	0.66473	0.99795	0.89889	0.06966	0.02086	0.17893	0.00611	0.16113	0.29734	0.0183	0.45721	0.65638
0.94956	0.98368	0.00528	0.7146	0.99429	0.91621	0.10207	0.01568	0.12295	0.00571	0.12528	0.45082	0.01864	0.53494	0.50522
0.92455	0.98707	0.0029	0.76725	0.99864	0.9236	0.06748	0.04931	0.04396	0.01088	0.10223	0.23904	0.01483	0.47803	0.43889
0.93	0.98854	0.00334	0.66173	0.99732	0.94239	0.10821	0.04099	0.15451	0.0042	0.16232	0.3121	0.02643	0.57647	0.39918
0.9619	0.99238	0.00232	0.81689	0.99225	0.95106	0.06296	0.03116	0.10225	0.00659	0.1746	0.33006	0.01294	0.53915	0.4972
0.96624	0.98998	0.00408	0.82722	0.99589	0.95147	0.07093	0.03508	0.04077	0.00297	0.1072	0.41788	0.01043	0.54171	0.44604
0.95182	0.98232	0.00227	0.72132	0.9951	0.92381	0.06682	0.01639	0.08838	0.00301	0.06535	0.31651	0.00862	0.5703	0.42905
0.9605	0.9816	0.00479	0.78393	0.99683	0.96632	0.03717	0.03206	0.02444	0.00733	0.18119	0.45264	0.00516	0.56379	0.40462
0.96064	0.98794	0.00054	0.75369	0.99839	0.93141	0.0571	0.0191	0.06351	0.00509	0.03841	0.21359	0.01409	0.65317	0.25571
0.97709	0.99443	0.0048	0.77127	0.99933	0.95272	0.05257	0.05381	0.07326	0.00759	0.04734	0.33437	0.00709	0.6295	0.33056
0.99089	0.98558	0.00192	0.85229	0.99773	0.9589	0.02832	0.02693	0.05686	0.0044	0.08877	0.2718	0.00611	0.53579	0.46496
0.9707	0.98548	0.00188	0.80421	0.99714	0.96175	0.03949	0.06542	0.17472	0.00776	0.07576	0.34031	0.00653	0.64044	0.34887
0.97885	0.98657	0.00077	0.77002	0.99662	0.98297	0.05285	0.05873	0.07777	0.00743	0.05086	0.28254	0.01429	0.67318	0.2977
0.98233	0.98077	0.00209	0.6189	0.99436	0.94909	0.11203	0.02973	0.10225	0.00194	0.07596	0.42457	0.00882	0.60688	0.41759
0.98129	0.98024	0.00087	0.75432	0.99342	0.97421	0.03658	0.04196	0.04934	0.00202	0.13767	0.43348	0.02174	0.59058	0.48862
0.97372	0.98984	0.0023	0.65854	0.99606	0.95298	0.08085	0.03529	0.11296	0.00193	0.0847	0.41168	0.01065	0.67191	0.3321
0.97517	0.94535	0.00252	0.59477	0.99948	0.93455	0.09369	0.13697	0.16215	0.00129	0.10071	0.19055	0.00783	0.7757	0.24686
0.96135	0.97552	0.00101	0.72695	0.99772	0.9603	0.0412	0.07148	0.0427	0.00222	0.11393	0.38905	0.00446	0.66846	0.36034
0.96894	0.97785	0.00057	0.68102	0.99787	0.95285	0.03888	0.05032	0.09285	0.00293	0.10416	0.24694	0.01108	0.49702	0.72273
0.96428	0.96255	0.00126	0.75042	0.99674	0.95377	0.04919	0.03891	0.0819	0.00231	0.12369	0.20791	0.01393	0.41201	0.75894
0.97329	0.98451	0.00483	0.6563	0.99704	0.949	0.05906	0.04293	0.09005	0.00078	0.13799	0.27282	0.01155	0.44482	0.66075
0.97812	0.99161	0.00218	0.64375	0.99499	0.94822	0.05164	0.0664	0.10148	0.00167	0.16873	0.29615	0.00877	0.58179	0.53595
0.96884	0.9909	0.00184	0.63963	0.99459	0.90948	0.05626	0.04544	0.08456	0.00459	0.18731	0.27501	0.00485	0.59332	0.42179
0.96599	0.98359	0.00346	0.51076	0.99753	0.93069	0.03814	0.03953	0.07648	0.00408	0.12703	0.32468	0.0065	0.66978	0.32698
0.96689	0.98766	0.00281	0.46906	0.99718	0.93537	0.06118	0.04087	0.08719	0.00481	0.13874	0.32671	0.00798	0.69207	0.32544
0.95948	0.98365	0.00165	0.4244	0.99683	0.95417	0.05374	0.08574	0.0981	0.00537	0.14459	0.28416	0.00521	0.70913	0.2865
0.94604	0.97563	0.00469	0.48845	0.99754	0.95768	0.06372	0.0565	0.07122	0.00578	0.13764	0.42876	0.02145	0.8571	0.29893
0.91853	0.97398	0.00256	0.57648	0.99607	0.96524	0.05269	0.02062	0.07945	0.0016	0.12297	0.31843	0.0136	0.66198	0.31804
0.91346	0.91864	0.00178	0.65456	0.99883	0.942	0.05995	0.01724	0.11624	0.00183	0.10262	0.26282	0.00859	0.54062	0.4719
0.91902	0.96837	0.00371	0.72142	0.99939	0.91924	0.10149	0.03075	0.13195	0.00403	0.09289	0.27179	0.00499	0.49331	0.53706
0.96195	0.97263	0.00176	0.78203	0.99669	0.96691	0.07125	0.03189	0.07261	0.00748	0.13745	0.33042	0.00536	0.53674	0.47099
0.98247	0.99476	0.00332	0.92622	0.99737	0.95278	0.05216	0.05853	0.09473	0.00414	0.14002	0.36691	0.00834	0.53118	0.44127
0.98667	0.9827	0.00136	0.91946	0.99864	0.95515	0.06667	0.1539	0.08657	0.00848	0.05573	0.41595	0.0087	0.48234	0.5059
0.99053	0.98858	0.00145	0.9778	0.99773	0.98007	0.05838	0.12366	0.12287	0.00583	0.04083	0.29136	0.0046	0.42448	0.55006
0.98833	0.99648	0.00515	0.95991	0.99807	0.9775	0.09267	0.12438	0.14879	0.00357	0.03535	0.22679	0.00532	0.40256	0.57238
0.97799	0.98964	0.00083	0.92294	0.99442	0.96394	0.08419	0.04774	0.04962	0.00094	0.08291	0.25312	0.0049	0.41128	0.5983
0.98694	0.97998	0.00248	0.84533	0.99739	0.98035	0.04547	0.02795	0.01268	0.00267	0.11688	0.32939	0.01503	0.41101	0.6455
0.97097	0.95885	0.0043	0.76762	0.99752	0.94293	0.08534	0.06183	0.06982	0.0019	0.08001	0.33433	0.01247	0.42559	0.60477
0.95872	0.95058	0.00183	0.77416	0.99731	0.93018	0.11527	0.06408	0.10372	0.00231	0.05532	0.26997	0.00968	0.44526	0.53394
0.96188	0.94414	0.00237	0.73801	0.99875	0.95051	0.06454	0.10653	0.11704	0.00282	0.07915	0.17689	0.00488	0.57329	0.36178
0.96558	0.94352	0.00089	0.76331	0.9987	0.86245	0.03305	0.18945	0.12161	0.00272	0.08957	0.26749	0.00733	0.53301	0.42283
0.92779	0.92103	0.00282	0.74922	0.99892	0.93592	0.03745	0.1766	0.10416	0.00675	0.15524	0.09487	0.00839	0.5658	0.37415
0.94578	0.95745	0.00142	0.7085	0.99595	0.96829	0.05827	0.07897	0.07834	0.00439	0.16518	0.17374	0.00424	0.62665	0.27915
0.90407	0.95379	0.00129	0.68054	0.99913	0.91546	0.0595	0.10734	0.09037	0.0067	0.13644	0.1514	0.00146	0.53118	0.41719
0.96103	0.93295	0.00462	0.72884	0.99879	0.93363	0.04001	0.09949	0.05493	0.00267	0.12568	0.18107	0.00884	0.59538	0.38469
0.90084	0.95066	0.00231	0.70678	0.99909	0.91414	0.08421	0.09976	0.07493	0.00388	0.05039	0.10043	0.01483	0.70479	0.23567
0.84466	0.91757	0.00079	0.77952	1.00033	0.94431	0.08802	0.11617	0.01806	0.00114	0.09278	0.1773	0.01488	0.52353	0.43878
0.91939	0.92862	0.00093	0.7154	0.99917	0.93334	0.1135	0.22331	0.04759	0.00285	0.15834	0.13003	0.00673	0.60853	0.33342
0.90886	0.96798	0.001	0.58272	0.99815	0.9115	0.06632	0.05038	0.12086	0.00094	0.22511	0.15482	0.01793	0.45906	0.59273
0.87403	0.93517	0.0015	0.54441	0.99919	0.91577	0.10653	0.03843	0.10013	0.00156	0.17158	0.04438	0.01236	0.55577	0.42156
0.8684	0.94179	0.00663	0.6855	0.99963	0.93209	0.0915	0.05084	0.10796	0.00392	0.09122	0.03832	0.01391	0.53133	0.51672
0.85549	0.96465	0.0061	0.73915	0.9993	0.93434	0.06688	0.0931	0.12905	0.0049	0.05909	0.09859	0.02192	0.46443	0.53088
0.8133	0.8984	0.00202	0.76296	0.99979	0.92283	0.06525	0.02983	0.06339	0.00092	0.07411	0.12111	0.00626	0.50112	0.55157
0.86121	0.90515	0.00181	0.63903	0.99726	0.89931	0.10967	0.02328	0.02588	0.00175	0.07716	0.13135	0.01147	0.43507	0.70465
0.92012	0.94241	0.00153	0.6554	0.99886	0.89719	0.08343	0.0234	0.07937	0.00365	0.09387	0.08538	0.00981	0.51012	0.45216
0.90325	0.95652	0.00845	0.76192	0.99866	0.91436	0.08837	0.04229	0.12609	0.00861	0.1412	0.05922	0.01559	0.44885	0.6227
0.91546	0.94277	0.00425	0.80481	0.99879	0.95824	0.06696	0.03085	0.08745	0.00825	0.1234	0.04367	0.02591	0.37179	0.7365
0.95254	0.96744	0.00664	0.80006	0.99903	0.96216	0.05597	0.02722	0.12569	0.00419	0.12058	0.10006	0.02035	0.72975	0.34333
0.9522	0.95313	0.00447	0.81074	0.99911	0.95194	0.06181	0.05456	0.03201	0.00513	0.08529	0.09415	0.00905	0.58183	0.4603
0.96152	0.94617	0.00419	0.75151	0.99755	0.96631	0.04537	0.02551	0.05474	0.00438	0.07456	0.16394	0.00277	0.63415	0.42334
0.89209	0.9517	0.00313	0.64335	0.99791	0.94989	0.07338	0.04019	0.11991	0.00198	0.14296	0.10114	0.01383	0.55798	0.57402
0.92218	0.97385	0.00135	0.64718	0.99813	0.93048	0.07127	0.04837	0.15437	0.00122	0.22951	0.23421	0.0139	0.49001	0.77352
0.94972	0.95078	0.00258	0.65202	0.99865	0.88737	0.04344	0.02584	0.0637	0.00147	0.19122	0.37208	0.00344	0.58001	0.44993
0.95151	0.9214	0.00357	0.76162	0.99704	0.92649	0.06422	0.05008	0.15141	0.00169	0.07231	0.27394	0.01026	0.43943	0.63811
0.93568	0.94877	0.00284	0.84653	0.99781	0.86645	0.05732	0.03283	0.11141	0.00688	0.08508	0.15471	0.01142	0.44193	0.61613
0.94187	0.9305	0.00441	0.77264	0.99822	0.89816	0.0441	0.07247	0.09642	0.00166	0.18636	0.21385	0.00559	0.45194	0.65256
0.96029	0.94355	0.00146	0.73052	0.99819	0.93371	0.07702	0.0325	0.03284	0.00325	0.11616	0.28094	0.00151	0.42512	0.63838
0.98238	0.96743	0.00249	0.68064	0.99925	0.9483	0.04347	0.10996	0.0813	0.00622	0.17124	0.1788	0.00482	0.37141	0.68619
0.9783	0.96619	0.00253	0.61093	0.99846	0.91204	0.04277	0.08053	0.15852	0.00301	0.13433	0.27908	0.00907	0.44239	0.56178
0.94977	0.87725	0.00334	0.71665	0.9957	0.90063	0.0617	0.12093	0.10875	0.00146	0.13272	0.28038	0.0054	0.48539	0.60717
0.96835	0.92753	0.00148	0.7977	0.99658	0.92589	0.05986	0.08529	0.03372	0.00526	0.11706	0.28517	0.01085	0.27307	0.79299
0.95958	0.91529	0.00117	0.61523	0.99892	0.9133	0.04187	0.05047	0.05204	0.00222	0.17696	0.24952	0.00339	0.5328	0.42342
0.96739	0.9729	0.00382	0.62017	0.99679	0.94833	0.05027	0.08955	0.05045	0.0019	0.21304	0.25045	0.00587	0.5166	0.49777
0.95954	0.92231	0.00105	0.71462	0.99852	0.90812	0.03961	0.10323	0.07559	0.00251	0.22462	0.34489	0.00166	0.46033	0.5592
0.95696	0.94972	0.00143	0.58641	0.99804	0.952	0.05495	0.08605	0.05728	0.00382	0.25406	0.30432	0.00301	0.60244	0.38721
0.94621	0.97062	0.00397	0.54969	0.99876	0.92708	0.06303	0.07247	0.08107	0.00248	0.15365	0.32704	0.0103	0.62624	0.38189
0.9008	0.90462	0.0042	0.68838	0.99633	0.91726	0.05424	0.06221	0.03895	0.00178	0.14914	0.41264	0.00638	0.4952	0.55953
0.96256	0.95333	0.00307	0.75739	0.99479	0.95116	0.08015	0.07089	0.1635	0.00417	0.15408	0.46964	0.01638	0.41207	0.68625
0.97588	0.96889	0.0006	0.70018	0.99785	0.96442	0.08666	0.14297	0.06537	0.00305	0.11147	0.42459	0.00595	0.6198	0.43137
0.91873	0.91335	0.00114	0.51082	0.99792	0.93281	0.08907	0.02479	0.02399	0.00216	0.19221	0.29125	0.01535	0.62744	0.38094
0.93739	0.91347	0.00255	0.54403	0.99805	0.9716	0.08255	0.02354	0.05973	0.00586	0.12736	0.41353	0.00603	0.69127	0.30682
0.94919	0.92799	0.00248	0.60826	0.99829	0.961	0.08228	0.03734	0.02701	0.00521	0.15734	0.2377	0.00574	0.67305	0.32503
0.95822	0.87277	0.0012	0.72693	0.99717	0.9726	0.10677	0.06427	0.01017	0.00407	0.20035	0.28086	0.00972	0.53711	0.43611
0.92513	0.88074	0.00102	0.82184	0.9985	0.97011	0.08507	0.08398	0.02257	0.00569	0.23959	0.45378	0.00489	0.5785	0.45801
0.93781	0.84651	0.0032	0.71817	0.99753	0.97522	0.11705	0.03064	0.01253	0.0036	0.22323	0.38341	0.01455	0.70372	0.29497
0.93611	0.88015	0.00418	0.79415	0.99636	0.98513	0.0794	0.02952	0.03189	0.00626	0.12744	0.46569	0.00968	0.57854	0.5017
0.91658	0.91055	0.00532	0.73426	0.99426	0.99189	0.1323	0.03587	0.06694	0.00507	0.2778	0.38754	0.02399	0.66501	0.3981
0.90648	0.89655	0.00106	0.62226	0.99783	0.96233	0.07833	0.03293	0.01144	0.00413	0.19803	0.36228	0.00583	0.71918	0.32655
0.95999	0.89654	0.00411	0.58802	0.99732	0.98564	0.09868	0.05474	0.00976	0.00512	0.14676	0.30587	0.01078	0.66019	0.33486
0.94718	0.85897	0.00161	0.67443	0.99846	0.93879	0.04976	0.04293	0.01204	0.0024	0.1056	0.24022	0.00844	0.59869	0.45136
0.94527	0.92304	0.00119	0.64816	0.99804	0.9618	0.06372	0.10066	0.04508	0.00182	0.08759	0.28804	0.0058	0.72751	0.29029
0.95002	0.88915	0.0012	0.69781	0.99591	0.95367	0.06179	0.12405	0.0487	0.0022	0.13978	0.30614	0.00638	0.55275	0.50564
0.96263	0.86979	0.00492	0.74366	0.99583	0.97626	0.06219	0.09669	0.02676	0.00201	0.05859	0.25412	0.00444	0.45522	0.65036
0.9306	0.91551	0.00325	0.7017	0.99915	0.93386	0.09996	0.15467	0.01589	0.00595	0.05546	0.15965	0.013	0.62012	0.40377
0.79314	0.81006	0.00107	0.72675	0.99838	0.96547	0.08883	0.16693	0.059	0.00387	0.12285	0.11103	0.01403	0.48079	0.608
0.91014	0.86354	0.0018	0.71651	0.99843	0.95018	0.09207	0.19009	0.08484	0.00373	0.10412	0.15695	0.01251	0.49825	0.657
0.93704	0.86959	0.00202	0.66822	0.99914	0.93803	0.0732	0.24429	0.0498	0.00245	0.12937	0.13651	0.00494	0.55972	0.53484
0.91994	0.86826	0.00236	0.57051	0.9972	0.88504	0.1153	0.21813	0.02781	0.00408	0.06844	0.16598	0.01289	0.67124	0.43755
0.91094	0.88707	0.00205	0.66822	0.9968	0.77961	0.09686	0.04931	0.02475	0.00605	0.08872	0.18208	0.02083	0.52213	0.59198
0.92374	0.91338	0.00527	0.65228	0.99842	0.90563	0.04765	0.07004	0.06467	0.00199	0.08135	0.18853	0.01272	0.48794	0.59101
0.97851	0.95311	0.00168	0.70996	0.99852	0.93758	0.03832	0.11771	0.04149	0.00389	0.07617	0.37918	0.00931	0.45374	0.63099
0.97845	0.94632	0.00096	0.76261	0.99726	0.95241	0.04668	0.07706	0.03491	0.00283	0.07914	0.52711	0.00434	0.47834	0.67468
0.94661	0.94091	0.00071	0.7405	0.99917	0.89213	0.07932	0.09815	0.02726	0.0051	0.10933	0.25867	0.00968	0.48154	0.5921
0.96735	0.92382	0.00504	0.6993	0.99934	0.96167	0.0569	0.17159	0.06551	0.00595	0.06676	0.18988	0.00464	0.53867	0.43451
0.94759	0.91775	0.00136	0.84866	0.9991	0.89176	0.07372	0.06452	0.00826	0.00233	0.11585	0.1771	0.01359	0.41094	0.55628
0.94067	0.88201	0.00338	0.658	0.99808	0.95222	0.05278	0.03768	0.04598	0.00193	0.05244	0.26213	0.00869	0.4289	0.61385
0.96587	0.90229	0.00457	0.69782	0.99777	0.95813	0.06381	0.16072	0.01256	0.00187	0.06104	0.38417	0.00966	0.54014	0.50447
0.95451	0.84694	0.00278	0.68582	0.99764	0.92677	0.04297	0.0232	0.00614	0.00351	0.13548	0.24785	0.00638	0.53495	0.46752
0.94277	0.84663	0.00106	0.66256	0.99836	0.94622	0.08047	0.09223	0.07672	0.0041	0.04025	0.26943	0.01601	0.54693	0.47698
0.97517	0.92075	0.00252	0.71597	0.99733	0.96045	0.07156	0.20739	0.02769	0.00471	0.01696	0.29238	0.01067	0.57173	0.40756
0.92837	0.82611	0.00236	0.75834	0.99935	0.9619	0.13651	0.24816	0.04666	0.00534	0.00552	0.11299	0.01804	0.47271	0.54282
0.90398	0.80898	0.00447	0.81969	0.99942	0.90048	0.07983	0.1718	0.04052	0.00535	0.05757	0.09534	0.02258	0.37295	0.78366
0.92768	0.83023	0.00239	0.7742	0.99854	0.95123	0.0825	0.18398	0.01736	0.0037	0.0112	0.25221	0.0202	0.36662	0.70515
0.95623	0.88023	0.00423	0.65272	0.99857	0.97318	0.06437	0.22394	0.05571	0.00626	0.10833	0.25044	0.01162	0.51625	0.43116
0.9535	0.88808	0.004	0.67679	0.9982	0.93325	0.07684	0.16848	0.10739	0.00594	0.03718	0.18227	0.01902	0.4927	0.50798
0.95339	0.90235	0.00115	0.72764	0.99947	0.94433	0.08254	0.14566	0.06987	0.00269	0.03511	0.31506	0.0208	0.46269	0.67217
0.94761	0.89536	0.00581	0.61623	0.99871	0.92535	0.06164	0.13824	0.18583	0.00393	0.06622	0.39109	0.01762	0.61674	0.30916
0.94935	0.85529	0.00157	0.64793	0.9983	0.95178	0.05919	0.09569	0.11296	0.0033	0.06794	0.28456	0.01685	0.54534	0.50745
0.89937	0.73198	0.00311	0.65649	0.99862	0.92827	0.08766	0.09259	0.05851	0.0041	0.06842	0.24524	0.01718	0.59342	0.48029
0.9131	0.80361	0.00236	0.67343	0.99797	0.93068	0.12352	0.03702	0.0613	0.00644	0.11876	0.25749	0.00475	0.51694	0.49017
0.92098	0.76137	0.00148	0.71423	0.9989	0.96542	0.08068	0.10555	0.04436	0.00553	0.03312	0.3019	0.01471	0.42073	0.59332
0.95478	0.81773	0.00172	0.66733	0.99913	0.94314	0.08111	0.12801	0.12756	0.00965	0.07041	0.24312	0.00572	0.52497	0.45923
0.95498	0.84561	0.00484	0.61173	0.99942	0.97848	0.0696	0.0367	0.06138	0.00489	0.10654	0.2539	0.00796	0.4155	0.54849
0.94266	0.8057	0.00177	0.6588	0.99884	0.96468	0.04996	0.03644	0.05281	0.00391	0.12678	0.28888	0.01083	0.41056	0.60927
0.93381	0.80743	0.00129	0.73281	0.99573	0.94504	0.09315	0.01637	0.06585	0.00576	0.03983	0.34016	0.01334	0.34183	0.76447
0.88207	0.81582	0.00126	0.74322	0.99846	0.92843	0.11529	0.04101	0.02295	0.00163	0.03542	0.22209	0.01851	0.24598	0.82655
0.90855	0.78929	0.00239	0.64361	0.99639	0.94684	0.10861	0.02428	0.03786	0.00296	0.10539	0.2631	0.00485	0.37644	0.6546
0.90193	0.82911	0.00225	0.68751	0.99977	0.94918	0.15373	0.02554	0.02563	0.00545	0.10312	0.09582	0.01641	0.28848	0.78764
0.85055	0.76509	0.00393	0.70717	0.9991	0.97363	0.11204	0.01665	0.01093	0.00217	0.10986	0.21025	0.00486	0.34934	0.70688
0.77485	0.6782	0.00196	0.82336	0.99887	0.91679	0.11434	0.03636	0.02149	0.00304	0.1159	0.18164	0.00334	0.4727	0.581
0.86036	0.71989	0.00194	0.69078	0.99856	0.93768	0.07538	0.032	0.02193	0.00466	0.08101	0.29558	0.00256	0.51905	0.46652
0.89832	0.75762	0.00222	0.62	0.99928	0.94554	0.08982	0.05129	0.03055	0.00484	0.06573	0.24816	0.00603	0.5721	0.41767
0.92068	0.78985	0.00433	0.61368	0.99749	0.94584	0.07301	0.02057	0.03569	0.00386	0.06826	0.25638	0.0077	0.65818	0.37403
0.91775	0.74194	0.00215	0.60807	0.99894	0.96253	0.10302	0.04163	0.05783	0.00491	0.08883	0.27767	0.00277	0.68319	0.34813
0.84935	0.76629	0.0014	0.68299	0.99642	0.90565	0.11956	0.03202	0.07929	0.00276	0.12031	0.21741	0.00624	0.42645	0.6125
0.88869	0.6924	0.00051	0.65297	0.99886	0.96884	0.07805	0.02114	0.07817	0.00273	0.08805	0.18723	0.0049	0.5037	0.49702
0.80578	0.69502	0.00424	0.7393	0.99908	0.92488	0.09079	0.09091	0.05724	0.00324	0.07867	0.16039	0.00999	0.34583	0.7705
0.8856	0.66772	0.00143	0.67103	0.99863	0.94106	0.06254	0.12297	0.05383	0.00252	0.01941	0.07903	0.01134	0.37429	0.72928
0.89536	0.7217	0.00147	0.72482	0.99922	0.88837	0.09699	0.22573	0.10185	0.00267	0.04127	0.1595	0.0017	0.61109	0.45441
0.85015	0.7102	0.00252	0.66	0.99909	0.91802	0.19552	0.15696	0.06074	0.00339	0.04546	0.26029	0.00422	0.71267	0.4702
0.93207	0.83413	0.00169	0.69023	0.99838	0.89897	0.1054	0.12026	0.05028	0.00179	0.07626	0.28279	0.0017	0.61191	0.50045
0.8794	0.77676	0.00238	0.58225	0.99887	0.95563	0.11281	0.14707	0.1358	0.00344	0.05676	0.21614	0.00104	0.70247	0.33599
0.88793	0.73636	0.00195	0.7625	0.99953	0.95257	0.10131	0.2279	0.05239	0.00297	0.06335	0.15562	0.00674	0.56607	0.48498
0.92905	0.79432	0.00404	0.6673	0.9991	0.93373	0.12226	0.08849	0.06916	0.00283	0.08261	0.17081	0.00544	0.47642	0.60842
0.95768	0.81125	0.00265	0.66304	0.99942	0.91028	0.13401	0.11201	0.05644	0.00298	0.03183	0.23727	0.00776	0.49078	0.54865
0.9395	0.74557	0.00152	0.56849	0.99863	0.89251	0.10058	0.11466	0.02159	0.00314	0.17388	0.2041	0.00372	0.41636	0.75443
0.94185	0.79923	0.00185	0.64304	0.99892	0.9034	0.1138	0.16826	0.05653	0.00155	0.10075	0.18932	0.00471	0.51414	0.53438
0.93955	0.8354	0.00274	0.70593	0.99772	0.91027	0.07194	0.12126	0.02294	0.00087	0.04116	0.23235	0.00279	0.5161	0.60957
0.95289	0.82031	0.0018	0.7212	0.99939	0.959	0.10448	0.0949	0.06492	0.00233	0.04397	0.17624	0.00298	0.52468	0.54355
0.95001	0.81785	0.00132	0.74205	0.99825	0.94922	0.06625	0.06715	0.02777	0.00454	0.02546	0.17261	0.0043	0.52604	0.52075
0.94444	0.74928	0.00345	0.68004	0.99926	0.95038	0.05239	0.07109	0.04808	0.00579	0.11258	0.13266	0.00287	0.63036	0.45128
0.96078	0.79805	0.00158	0.76528	0.99885	0.9037	0.07269	0.05499	0.01861	0.00741	0.07378	0.21267	0.0055	0.62419	0.53161
0.96497	0.85318	0.00212	0.5943	0.99815	0.93286	0.05464	0.07316	0.02405	0.00315	0.04346	0.31807	0.01433	0.78681	0.29439
0.95703	0.83474	0.00139	0.71434	0.99932	0.95655	0.079	0.09144	0.04756	0.00328	0.03926	0.17558	0.00165	0.47422	0.63584
0.96745	0.84689	0.0014	0.80122	0.99802	0.94378	0.07182	0.09105	0.08806	0.00502	0.0315	0.28925	0.00851	0.60259	0.53785
0.97155	0.88079	0.00157	0.66736	0.9971	0.92954	0.04074	0.0918	0.08284	0.00504	0.04302	0.35089	0.01129	0.64793	0.42165
0.98054	0.89265	0.00258	0.72709	0.99858	0.93017	0.05555	0.06954	0.07537	0.00356	0.03115	0.39379	0.01548	0.70968	0.30855
0.98834	0.8926	0.00276	0.76289	0.99884	0.86707	0.09973	0.09089	0.10777	0.00553	0.03164	0.48658	0.00922	0.55137	0.51286
0.98191	0.82668	0.00128	0.74106	0.9991	0.87805	0.06135	0.07218	0.02629	0.00387	0.12083	0.57323	0.00725	0.6493	0.51148
0.98582	0.94014	0.00096	0.81929	0.99846	0.82836	0.05875	0.09257	0.00811	0.00614	0.02932	0.51262	0.02505	0.37662	0.79967
0.94726	0.86288	0.0054	0.82919	0.99919	0.89538	0.05392	0.13399	0.08166	0.00647	0.02205	0.32184	0.01223	0.43067	0.77604
0.94373	0.82704	0.00219	0.81424	0.99875	0.87998	0.0566	0.0758	0.07639	0.0068	0.05475	0.26975	0.0211	0.51556	0.80653
0.95848	0.83536	0.00492	0.72527	0.99881	0.78686	0.0522	0.03307	0.03728	0.00658	0.07065	0.32258	0.00689	0.56178	0.60038
0.97383	0.91904	0.0023	0.67412	0.99927	0.85047	0.07435	0.09872	0.02922	0.00425	0.03365	0.17143	0.00687	0.61016	0.49449
0.93391	0.85212	0.00457	0.64934	0.9986	0.93671	0.04541	0.08794	0.0522	0.00835	0.01916	0.40295	0.01965	0.58693	0.42292
0.90849	0.81931	0.00263	0.80506	0.99884	0.92951	0.05319	0.0165	0.03775	0.0103	0.01134	0.27975	0.01403	0.51866	0.55705
0.93077	0.7663	0.00234	0.74487	0.99909	0.91055	0.03728	0.10977	0.04809	0.00563	0.00278	0.29942	0.00877	0.50464	0.50898
0.91878	0.80727	0.00424	0.64064	0.99845	0.92344	0.05266	0.0595	0.06375	0.00359	0.06371	0.24257	0.00954	0.70856	0.29095
0.95002	0.86237	0.00294	0.76866	0.99925	0.95706	0.05999	0.06744	0.05629	0.00458	0.02619	0.37469	0.00884	0.63785	0.41167
0.97245	0.82839	0.00137	0.83322	0.99774	0.94099	0.07681	0.02668	0.04193	0.00656	0.08374	0.44367	0.0109	0.57551	0.44346
0.94237	0.83909	0.00118	0.71989	0.99893	0.9398	0.09512	0.08555	0.04968	0.00515	0.04933	0.23793	0.00307	0.52725	0.4801
0.9635	0.80307	0.0026	0.73431	0.99919	0.94602	0.05776	0.04634	0.02126	0.01192	0.08757	0.28984	0.00231	0.57159	0.40552
0.94624	0.79585	0.00148	0.68856	0.99892	0.94861	0.05583	0.12544	0.08081	0.00506	0.03428	0.21067	0.00433	0.68516	0.28639
0.96523	0.83241	0.00105	0.47987	0.99881	0.95644	0.0325	0.07164	0.06449	0.00426	0.03779	0.35555	0.00187	0.79004	0.22173
0.96303	0.80323	0.00103	0.5798	0.99895	0.94546	0.06961	0.11429	0.09446	0.00438	0.08976	0.34319	0.00213	0.7171	0.2357
0.94476	0.83808	0.00499	0.46714	0.99833	0.97984	0.04237	0.03174	0.04254	0.00781	0.05517	0.55675	0.00308	0.83878	0.19897
0.90443	0.71426	0.00092	0.5858	0.99866	0.95714	0.07461	0.0304	0.01887	0.00693	0.01228	0.39123	0.00509	0.64522	0.29363
0.85472	0.79262	0.00379	0.68983	0.99788	0.90779	0.03258	0.03777	0.014	0.00318	0.04125	0.34952	0.00668	0.62625	0.36095
0.89357	0.76449	0.00195	0.63155	0.99928	0.93152	0.04894	0.13889	0.02768	0.00648	0.01763	0.27093	0.01127	0.60107	0.37528
0.91904	0.74862	0.00279	0.76714	0.99944	0.93797	0.0627	0.02727	0.02363	0.00639	0.10971	0.41707	0.01251	0.67259	0.33984
0.91508	0.79027	0.00583	0.72069	0.99913	0.9643	0.05616	0.03586	0.02589	0.00552	0.13357	0.38115	0.00592	0.72721	0.34074
0.87689	0.76474	0.00551	0.71945	0.99792	0.93129	0.06951	0.02359	0.02655	0.00408	0.09861	0.34623	0.00413	0.67389	0.36497
0.89998	0.76351	0.0025	0.67674	0.99921	0.91848	0.02516	0.07204	0.04474	0.00402	0.05934	0.2657	0.0013	0.65195	0.33175
0.83996	0.76362	0.00517	0.66242	0.99939	0.92483	0.03879	0.1024	0.00951	0.00799	0.09829	0.12945	0.00198	0.69776	0.28944
0.84749	0.68411	0.00689	0.7069	0.99945	0.93085	0.02839	0.07185	0.05152	0.00438	0.09762	0.18884	0.01063	0.5933	0.38577
0.91381	0.80334	0.00235	0.71129	0.99958	0.92107	0.02604	0.06017	0.0842	0.00672	0.07087	0.27386	0.01212	0.68343	0.33657
0.96023	0.86473	0.00612	0.5721	0.99958	0.95737	0.02897	0.09079	0.12697	0.00317	0.08204	0.33184	0.0161	0.62831	0.40433
0.96423	0.86091	0.00984	0.4941	0.99928	0.96028	0.02812	0.08381	0.07978	0.0063	0.10792	0.37926	0.00199	0.74936	0.31198
0.97644	0.94153	0.00516	0.50507	0.99919	0.96352	0.03494	0.07424	0.07509	0.00517	0.11732	0.35797	0.01322	0.74776	0.31743
0.89339	0.8209	0.00444	0.63975	0.99761	0.96605	0.03005	0.04887	0.07072	0.0031	0.14948	0.21696	0.0033	0.57486	0.44566
0.91105	0.88803	0.00195	0.67758	0.99896	0.95261	0.02918	0.04267	0.02327	0.00205	0.19062	0.24245	0.00314	0.56547	0.45846
0.91881	0.79987	0.00383	0.61048	0.99942	0.94102	0.05833	0.19217	0.03564	0.00146	0.10232	0.22958	0.00174	0.50635	0.56231
0.80963	0.74132	0.00257	0.66732	0.99947	0.96212	0.04013	0.08491	0.04288	0.00385	0.09901	0.2258	0.00431	0.66098	0.51218
0.9042	0.8221	0.00488	0.54883	0.99928	0.89738	0.04392	0.06807	0.07691	0.00361	0.22119	0.22376	0.00551	0.63118	0.37821
0.90545	0.83491	0.00566	0.57912	0.99926	0.95534	0.04312	0.01756	0.03207	0.00412	0.12642	0.29747	0.00906	0.77511	0.23908
0.9068	0.82206	0.00208	0.57778	0.99915	0.96486	0.05227	0.02579	0.0246	0.00196	0.13573	0.18536	0.00401	0.73601	0.34173
0.84428	0.76609	0.00495	0.64105	0.99908	0.91661	0.03673	0.03828	0.10374	0.00308	0.19473	0.28439	0.00588	0.67943	0.38881
0.8488	0.77852	0.00129	0.67429	0.99925	0.93791	0.05087	0.06957	0.01539	0.00537	0.21733	0.26649	0.00961	0.65438	0.47607
0.91623	0.73921	0.00204	0.59168	0.99782	0.94097	0.07489	0.06306	0.05578	0.00555	0.2575	0.35032	0.01073	0.75453	0.38879
0.93251	0.82856	0.00177	0.55962	0.99854	0.92553	0.03229	0.04899	0.02702	0.00707	0.2383	0.34091	0.00524	0.76056	0.28736
0.89772	0.77199	0.00324	0.57939	0.99961	0.95637	0.03052	0.02461	0.03174	0.0038	0.26313	0.25985	0.00858	0.68415	0.38624
0.90427	0.79464	0.00509	0.54798	0.99935	0.94696	0.03966	0.01736	0.02691	0.00879	0.17733	0.20681	0.01023	0.6895	0.32741
0.88502	0.79116	0.00687	0.56356	0.99927	0.94167	0.07864	0.0177	0.02578	0.00486	0.26194	0.28793	0.00637	0.61051	0.36945
0.8481	0.67432	0.00161	0.61216	0.99928	0.95618	0.06264	0.02949	0.03472	0.00554	0.19279	0.3625	0.01013	0.61187	0.35868
0.86509	0.69579	0.00184	0.74076	0.9989	0.96151	0.03717	0.03191	0.04707	0.00524	0.33561	0.34047	0.00622	0.6322	0.43911
0.85585	0.68807	0.00235	0.68605	0.99942	0.98518	0.05751	0.02499	0.02866	0.00454	0.22261	0.16828	0.01049	0.62084	0.42423
