1	23.27480740017361	21.34966468811035
2	21.620593600802952	21.849227905273438
3	21.311342027452255	21.402658462524414
4	21.19814724392361	21.208702087402344
5	21.153357611762154	21.192855834960938
6	21.117445203993057	21.176300048828125
7	21.085074530707466	21.135046005249023
8	21.072230021158855	21.061359405517578
9	21.06030951605903	21.154296875
10	21.045774671766495	21.10173988342285
11	21.011335584852432	21.02782440185547
12	21.005557590060764	20.998001098632812
13	21.000444200303818	21.07465934753418
14	20.96926710340712	21.05280113220215
15	20.940324571397568	20.95215606689453
16	20.894838121202255	21.07115936279297
17	20.899058024088543	21.01567840576172
18	20.87278069390191	20.924488067626953
19	20.859378390842014	21.045501708984375
20	20.844167073567707	21.018218994140625
