mass_1	mass_2	phase	time	distance	a_1	a_2	tilt_1	tilt_2	phi_12	phi_jl	theta_jn	psi	ra	dec
6.405560621929674	5.963748609406423	0.5305668531428394	9.996645490301713	1.259453020614841	0.5393504227682564	0.5440427067897217	0.3134388543284928	0.2398955302689366	0.5324026054988755	1.6059244553415772	3.626368603889779	0.5072973019611451	10.169714427317263	7.832739496281171
6.668690997329088	6.029277064889476	0.5107523460211211	9.743239839827845	1.232884128225679	0.5573559517383324	0.5248192706645997	0.30927674918400466	0.23431159707273344	0.5159471374890564	1.6184459801908158	3.576538576691869	0.5031019571791987	9.48518958468742	7.432778372934869
6.895514644805205	6.027618821213392	0.49568239791091484	9.86387996692735	1.2170166728531109	0.5134132931832719	0.510434082988305	0.3027260330565501	0.22240191852107838	0.5261219456533998	1.5781622760792442	3.5470854280543525	0.5055208232402235	9.422825380266637	7.414480540183769
6.765604403787827	6.032186858546513	0.49645139702455665	10.082177342883975	1.2055324736636714	0.520461561018842	0.5160683536151327	0.32262072351312154	0.23401683937898693	0.5226872095071456	1.5076603221978198	3.586733507555526	0.506755984130698	9.526380048695083	7.364755818732017
6.684459555140068	6.069135090435996	0.5089719403480399	9.925329155766798	1.2070905633856925	0.5168139653040592	0.5072533686950697	0.3271734287091884	0.23734659969932695	0.4965626211879639	1.4865290839704466	3.5735076089820463	0.505026379436222	10.342491570054415	7.565451335687717
6.54025487438243	6.075602273205122	0.4837799178618175	9.712539001808773	1.2505211451110156	0.5154450739786675	0.5226444462660074	0.30606512514613277	0.23907738664476239	0.5080151175066906	1.532830722275028	3.555612254911588	0.5336272753784889	10.286021042586425	7.36763648477277
6.548060399885569	6.099559341038248	0.49398050524554105	10.056378688067898	1.2370438686485192	0.5140300515262842	0.5228589436193963	0.32250389553461245	0.23610373704496734	0.5059045214316422	1.530998539463917	3.587940150252848	0.5040051303302306	10.223525670477978	7.572750274274097
6.567770465983246	6.246614455719496	0.4822705680777551	9.740176500507468	1.2350231410311117	0.49407023548225215	0.5187937513985376	0.3093235633563014	0.22226561331194863	0.5123484767315755	1.5170124074239582	3.5967306250414457	0.501503492114275	10.518094403548481	7.494504913639508
6.468498346485804	6.1643060391283075	0.4952517645893949	10.045140478442027	1.239059133054081	0.5152421185626328	0.5143255206455236	0.3186159397826285	0.2284507058922883	0.5053651510339714	1.5065367976826045	3.578987815263482	0.5006090276922118	10.46125757076726	7.81460555751658
6.503019867930431	6.275278087474901	0.5030365749518744	10.164667161406253	1.2441396547684964	0.49811468486557	0.5249172616091067	0.3280137630654253	0.22925479909092158	0.513712491154519	1.50617199317337	3.5597463735134203	0.5086537573264559	10.055713896533176	7.411865296836153
6.55308949840404	6.343883913629071	0.49945083882088337	9.872748970897497	1.2440091721724564	0.5077060901538062	0.5195735087072325	0.30599205250073236	0.22137467443658432	0.5026728897728151	1.5476898724817953	3.5671150535562344	0.5267413374228769	9.88539360691667	7.431737740374429
6.546792417241781	6.261896211528379	0.49347330715496807	10.048895025029683	1.2485109997775599	0.5074838843823799	0.5141333497073962	0.3155937993248248	0.22885489095450004	0.5074443834149325	1.5411931356972757	3.567294472804282	0.5229576475425642	10.549755336043319	7.626907502413821
6.532772440050301	6.264011197441153	0.5102670051455296	10.176669621139279	1.2569722668570946	0.516243145508283	0.5366152698853052	0.32149455728637966	0.22227731015582267	0.5061497710785083	1.514808108713671	3.57709723744683	0.5093533057725831	10.333397598212253	7.478619665891807
6.628105496400443	6.3390847439797975	0.5064744736207412	10.024129048064028	1.2566767265365877	0.5160366055419751	0.5110111250190792	0.3030813494497036	0.21807133503117646	0.5010893924769224	1.5175829322317	3.5382429603876617	0.5089729010259229	9.948429725699576	7.548150169558629
6.659698424171632	6.237402800058538	0.48270630041960777	10.023946889017692	1.2472349531217695	0.4934896927138396	0.5254231545847855	0.30764705143321314	0.2219990229360046	0.5205269736838798	1.5156032655191083	3.549770134988236	0.48614336387899676	9.710608990974245	7.652687361673188
6.716067785398378	6.332046001248164	0.47883441241527186	10.037633990865462	1.2706902740254866	0.5082472130534662	0.5272327035104258	0.3079016664669024	0.224733145455685	0.5001793778243522	1.483784832915152	3.567475557521452	0.4999733406732134	9.70852661024642	7.3704595084329725
6.8194196124335535	6.399090630699656	0.4901007584536094	10.10682439022524	1.258209458933532	0.5068789811234026	0.5057430616515772	0.3083507323166785	0.2153882412942266	0.508375209430435	1.5069803890844824	3.5464729350823267	0.49580886458323603	10.034395765284613	7.540123326495059
6.689968875641047	6.338167770213776	0.48227264019132504	10.127319652818382	1.2707788639254394	0.5217365892510446	0.5279896773447438	0.31315375466348966	0.2223367953823985	0.4928774846841052	1.5212935088962112	3.5516205868595496	0.4953579487634644	9.768828538416649	7.711432410183597
6.619845594981369	6.244829456703604	0.4862157765077647	10.002020095815851	1.2668573362076205	0.5263019286029053	0.5167502548967763	0.3217272501524092	0.22092540385951526	0.5146503083289363	1.499691021317381	3.5767679641405516	0.5092546980936584	9.86291469221673	7.63959645029887
6.554874816191249	6.381361816379825	0.4951649874150758	9.974571126963932	1.2607422842375207	0.5191452273881418	0.5285180109839804	0.3174491661066254	0.208464709604006	0.5000503938539699	1.501630454792119	3.5516820855689994	0.5199500722469986	10.336777109638348	7.578140798276151
