mass_ratio	chirp_mass	luminosity_distance	dec	ra	theta_jn	psi	phase	a_1	a_2	tilt_1	tilt_2	phi_12	phi_jl	geocent_time
4.285616939482217	5.801279270574534	4.074122854393576	8.483174150889841	9.292813704225452	3.863321006012067	2.2877048380523073	2.1020189529368456	3.481238439685208	3.0069632673859124	3.3980276162534993	3.495267531919636	2.1161617626424314	2.020497592659134	9.862900723188904
3.6673401254473244	6.029405486419896	4.624822408284337	8.384963857464653	9.142532969497815	3.806380531572086	2.2581482300058067	2.3305398898295016	3.3657491574411043	3.1350931644304647	3.356518230854905	3.491997008203366	1.9441873971884944	2.256009276776711	10.028599301873406
4.121931137002899	5.850046095128049	4.264132780739447	8.548493434012803	9.379513118614229	4.212893764763114	2.233084564726249	2.316330698989153	3.184548202515772	3.049424067324805	3.3380192200082703	3.4813512712379864	2.410166261897421	1.8323718686672061	9.987901258568929
3.8743259539067565	6.092079937624939	4.061086873316082	8.1805880683033	9.475513289743567	4.074097397417515	2.382602676533336	2.338239342890138	3.4055150155646374	3.483289011706353	3.3400461919784084	3.1598954023465073	2.08118522540304	2.1096297644994775	9.637714103985655
3.606207157640984	5.5907189998105755	4.680550788937843	8.863066676203154	9.197771969089818	4.31036562364266	2.031847465652455	1.9212582442849233	3.4472220410770253	3.383674093974607	3.13978981815733	3.165987343871538	2.015180206219644	2.166459070901116	10.102477436851501
4.313103513725259	5.829427491892379	4.449304934627622	8.386903718886368	9.384807022992323	4.364290055485687	2.275065246640162	2.252422139726765	3.298617403711064	3.5231156639650045	2.991627443281172	3.0884808831073243	2.194980463062247	2.1153546697226995	9.74913180882771
3.688169132564929	5.260210167429957	4.1745770551481165	8.555780615566151	9.421240940156538	4.155969959466292	2.289930202978208	2.2037729703024724	3.1029475773262183	3.8248732498402616	3.224438194086076	3.188091190422353	2.2738502734363855	1.7780774655120364	9.972987811045257
3.801905059684017	6.210698436217954	4.426003492596984	9.796232760555332	9.337996300772582	4.496301097564882	2.1819447902475764	2.1239008749208956	3.413795672943474	3.4699035094388653	3.6455512716197043	3.2130669166649435	2.086559250246003	1.7705073120205563	10.273194247494958
4.158675287137218	5.986831505977064	4.62370590268804	9.163895415515055	9.253488291706605	4.083741008898839	2.2617730194737575	1.9228081712020741	3.430123101318484	3.504653103405531	3.116054859855626	3.0708191758895684	2.1809704567918966	2.1986957819548825	10.011848904477024
4.002994321110833	5.730982497795338	4.24929630619114	7.947815589883981	9.658907405482417	4.42585184558991	2.2091108511028916	2.2092775950020394	3.5158200753870514	3.2814321274738827	3.2099003499008893	3.2766375301318607	2.134037354921198	1.7983922586090901	9.800671296247772
3.822499567624332	5.989958545957454	3.913113406777387	8.26067766932249	9.282237088033938	4.278576858561951	2.2922972878321226	2.1239981835695514	3.5468653415580103	3.1803991305474164	3.2066423499471433	2.951819379804519	2.0875132871300224	2.013870725351939	10.009912110371895
3.9811916982833124	6.450668494766469	4.24649081780409	8.243917442810217	9.152504297614987	3.9601820261620366	2.0790190098509576	2.061075174689525	3.5128445990689032	3.157839550739003	3.298512888567845	3.2253540413991626	2.0952077806180807	2.2268189794942552	10.106082850122018
3.930722719254798	5.84875543701785	4.591960624053159	8.752620009041152	9.45522315512466	4.27661680690088	2.2391285566383075	2.198440728285771	3.0230214403287032	2.866642834977125	3.075469868280989	3.050437630225892	2.3314928010797638	2.1905637572248224	10.267879136065856
3.854090606301936	5.610842954256916	3.8784356447974755	8.206547349226046	9.226755363463688	4.0255057733213535	2.0324829582940134	2.3869995278110654	3.394708883738198	3.12063426422793	3.28992719281123	3.165250817795239	2.2308462050700797	1.9111699512157652	9.6346957536516
3.7852476506387553	6.24728424272393	4.457656178395729	8.774791816313481	8.880117790118826	4.332145728259643	2.255488199095301	2.244591419606585	3.431813494541913	3.502888214246633	2.9175682393831637	2.9426960658928834	2.1513051434936195	1.969621316589906	10.43834404998464
4.242800578974789	6.3949409102576364	3.7922085049991328	8.535210893641795	9.20968406706046	4.729149761112886	2.0838735246077036	2.097015560258321	3.3678683946624215	3.40400121241488	3.192862957487783	3.0684311998532947	1.9815267701454038	2.064560318172932	10.511340603296464
3.961949658644693	6.171599109943359	4.136244958855842	9.485289473581318	9.737787874753794	3.882762205110085	2.2577131178877674	2.3374066310510564	3.490964981480294	3.1456188932175966	3.039832936211426	3.031264669310632	2.1666146765903203	1.5281004124519972	9.894621667715644
4.597665385140279	5.854769798847034	4.530130458254806	8.69307814775642	9.274841299270166	4.161881888535942	2.1905974034209224	1.9517170051071693	3.524965605529455	3.536566362647495	2.99071191657744	3.0072443581141775	2.113069008530037	1.82532332080551	10.026525799160808
4.3958805355857855	6.312920575175514	3.972309861419463	8.528359445583094	9.415046122434392	4.315957582699482	1.9985961930962595	1.9038070839889856	3.8637035726642077	3.992417168052864	3.1360486069206392	3.1717773085024206	2.3791446952625868	2.0728428042895097	9.675781506581549
4.373735758975041	6.047085894079784	4.623899152048175	9.091766416741473	9.671520762761535	4.407599910482372	2.096965674467218	2.1806187269422037	3.62738573367031	3.7126987463280607	3.190287864171649	3.4876381647452965	2.182011081857981	2.1340014788398625	9.735475204627077
3.822175820679778	5.732954568680061	4.454611362495871	8.93616144476096	9.726085346987375	4.194397296570989	2.3482707290180858	2.098802575313454	3.384895637377991	3.3864917838014637	3.4893644360159883	3.292744077762095	2.0366582207667236	1.8263340734255258	9.35054716998141
4.260779076620612	6.2166761850166745	4.573424695250133	8.968254308993513	9.136078334150627	4.461465372281016	2.084733441050863	2.075193343616273	3.4920274105525504	3.2779982851050993	3.204927257305267	3.305846204011517	2.1736410244744127	1.874818404852496	10.190533359198295
4.124934688744833	6.47754909578765	4.247228115969232	8.07219247393767	9.317857077817225	4.243500998023172	2.005357322670367	2.0701714222331957	3.6053963913355283	3.1875376038036363	3.0921337356976335	3.347448329267898	2.5186665744064576	2.273923974023004	9.779206789126668
4.234835489831623	6.630946234775509	4.521865989784306	8.415009322770306	9.214150219400876	4.19144816700574	2.1989722824248306	2.008814940494237	3.5531596339021525	3.4748573429438214	2.900843279928573	3.5006466505419938	2.3152358191023215	1.9826281392145502	10.345181682409395
3.7609728792377064	6.042022407094472	4.508324171113243	9.005627255945718	9.540108640044341	4.170959125873214	2.1552871442794532	1.8963368962794154	3.562301584302146	3.7979240687741163	2.9057498988059045	3.2774686739950614	2.1008707938332676	1.8302674377116728	10.08636604024175
4.05712236046946	6.092948277847825	4.107931373560266	8.13282766812075	9.34768407195422	4.284095151741075	1.9739078838719641	2.1852015454498486	3.4737986134809216	3.4463726977318796	2.9770242036126664	3.099095862109072	2.3815743866708257	1.8879213782733226	9.977182226380474
4.3448423302254575	6.499252949071829	4.904644134643359	9.840598246434007	9.487401080180176	4.243354449750982	1.8984084885297183	2.0280080333096584	3.9755211736139024	3.4298651208781195	3.1976836704280074	3.1589237008323594	2.255622676607858	2.087258886245211	10.237797747886148
4.370291908595951	5.511994303914006	4.808509996043227	9.03346360720017	9.974188852398747	4.814563649858355	2.026343917265974	2.2124258007763324	3.671746015273668	3.5207096475392277	2.9505909784015785	3.1625555629002475	2.2700823347594588	1.9216717439346667	9.826403256144626
4.199940395985314	5.4332656619735635	4.781539003959087	8.928295386801862	9.559186710617412	4.320077911689154	2.2678478828347126	1.986661891389625	3.5790190150307764	3.151214159403059	3.0258219282787397	3.4128651060758672	2.4163478010505366	2.1443435434720226	10.264734762703954
4.00168753732686	5.661820793423778	3.8611102652395966	9.066109158768615	9.304789780065455	4.3306545803861125	2.238084689528766	2.2131504844976284	3.305039896751785	3.352222111896534	2.978994147952266	3.29887026599432	2.2409687631689783	2.096780662969402	9.580670909982521
4.583212320439394	5.946706724357233	4.089821502671358	8.73758242333052	9.132642369744543	4.274882305193482	2.263439610796908	2.1394372032753006	3.451242583717341	3.3379030701154453	3.2849972825599667	3.2961849742516383	2.216092236037862	1.6806116523213839	10.086577011969819
4.468303289236188	6.197360033155794	3.927457337238373	8.740526605025526	8.990445316314656	4.645521311420824	2.0664971506347407	1.9765761924887237	2.9590622704522658	3.2083783311465863	2.9734423625328095	3.0619928618849666	2.0606464817809615	1.983131588694493	9.531730053592216
3.6785381175494916	6.0940595096288925	4.302338208667444	9.110620566988917	9.291796778899336	4.479497204152263	2.3391314252005735	2.213532087498372	3.673859884087297	3.5371989679559914	2.9231690957817027	3.14444686101339	2.1158040007043684	2.1350589878590016	9.57638702021027
4.3956626675502415	5.630075880714006	4.090511615634466	9.112452010336769	9.200720575921327	4.1804129388379145	2.1279776606472853	2.3440022572717187	3.143876237905918	3.345238297536478	3.124404363954495	2.8710192080833994	2.2439088807259187	2.3467744873451957	10.26272195655847
3.561388094076936	5.850939231744234	4.483321274404443	9.210517086871993	9.204971723973555	4.088853954001692	2.0702653472232733	2.118969861922028	3.4616334783178795	3.199142922379628	3.458889518804284	2.9331261265582773	2.1492097256744778	1.7327768696169215	10.314289051690022
4.04166490316296	6.223454771366122	4.24896726676773	8.934549728679643	9.491377101479836	3.815398263153562	1.928515333776363	2.137451143384299	3.6464852903753733	3.271709229346355	3.1675543762999117	3.0461863398650393	2.1038415047083343	2.072913958494429	9.877211717441366
4.296773339497185	5.5301437705716765	4.214494731303825	8.717668558567064	9.43721277238145	4.255512502141202	2.0513795241856143	2.207003650845811	3.290461297708829	3.8508554185204793	3.1664180640834183	3.153593565033209	2.111160855193034	2.009989622607969	9.996614991772617
4.426444381566771	6.473349522539832	4.38328487695079	8.527296122982534	9.111926028275954	4.119095050601689	2.115997266671709	1.8387544740895847	3.6536629337056277	3.768183274508613	3.1056090839158856	2.884633438900294	2.0335961788558667	1.8969185437887253	9.850909828500338
3.9136559361096235	5.4820040116938165	4.04324322221353	8.094997403885381	9.000899928277795	4.125922626218609	2.3486967189560555	2.2776991069276504	3.3645722269893614	3.367757429610677	3.152815647338905	3.49689905459874	2.027236299618191	1.7038341660081242	9.89457665836139
3.7375179742951117	5.899247766411433	4.2852637158316815	8.975860266548677	9.046575746486681	4.277276704051187	2.1390775533278985	2.231899992577865	3.8699261579020368	3.2739943495410917	3.1285001629488423	3.31364789269436	2.0567896180279943	1.9009387114199676	10.12408174436935
3.7744257690453953	5.724785905694145	4.049584613475818	8.623358339445222	8.931410885152829	4.33748844341161	1.9982211054715517	2.1425980839026435	3.5468110010202727	3.434187571694867	3.2571258704977524	2.821480864952841	2.2269200882854663	2.1081422837675037	9.885838697479986
3.789682545323594	5.229955250374908	4.4546011614292125	9.996407930959899	9.342714074168065	4.676342263014519	2.0818365095312377	2.0904724565851187	3.185922073077791	3.0431095135183077	3.0285337541240596	2.9418381750896474	2.0430029126178333	1.708052180747366	9.971259632866362
3.616845536659475	6.392465386483565	4.14480231773555	9.077601400846032	9.336842196312395	4.427120392910178	2.421697722805235	2.1178310862319547	3.044535307677599	3.73198116156456	3.0138274464637305	3.4791913496672273	2.2021377418033365	1.9746074285730657	9.936648268118871
4.22924723677607	5.543343644479783	4.74943880226218	9.29464454766286	9.256831670306331	4.7644004415043675	2.146946625486299	2.047075202974169	3.427991430135838	3.4435608368327086	3.1990723872168223	3.050230224023123	2.0951616596588334	1.8213012855117139	10.267174591393289
3.9014719775585847	5.643811067889826	4.400857766207966	8.612003662053844	9.225032565336663	4.379040943091374	1.929670868649072	2.2608936517305174	3.2104842611370823	3.3642651818016707	3.3265641867352813	3.335210799751476	2.114459456832006	2.2212041744269477	10.123904989197474
4.311775741462834	5.777261315978104	4.134109652784534	8.69869533970046	9.173338244243517	4.1896699222195855	2.024685381944261	2.2128692131908716	3.3896080014672823	3.4564455266393304	3.2839565986650294	3.176237896588583	1.8987547334488386	2.0683601126892373	10.200205510669223
3.8747229077639527	5.966136771641893	4.201673543037865	8.692882169569724	9.286724145087717	3.9595487003470122	2.1370245947954083	2.093165400839574	3.5276395709021275	3.319513317460884	2.965174308036141	3.185334401164889	2.1371063406271356	2.100506332313817	10.375044272382544
3.878704162572933	5.243575100071691	4.0800938370809545	8.55351406908128	9.650992758824929	4.343860815271204	2.1242060573618833	2.283657963544504	3.459798460168863	3.2579361412718537	3.1347630364741494	2.973479813759195	2.3504272533270045	1.9969469772028772	9.9143106850476
3.9563785810886305	6.116744414828763	4.01536631951989	9.418526880804745	9.358197468826035	4.349541421958202	2.0771639398916455	2.0137264864212634	3.5652953427628646	3.3992954330811602	3.1269530062219313	3.4471195301207938	2.14943299709354	1.8999476442147465	9.774165328455311
3.764330748932489	6.296407342728063	4.244367470636787	8.997207558956212	8.997684193514017	4.4155561676418955	1.9250055249257707	2.214245133805559	3.3935633722714944	3.4013994696453067	2.758986086132916	3.343179892683932	2.274053805810945	2.0191839017791695	9.770242105457433
4.003124734664575	6.143123920662637	4.154276988275263	9.416870589508976	8.999193028510678	4.342272208396496	2.0269872339616657	2.110332289439981	3.322439045897439	3.4375794125058756	3.0510738544524787	3.1912182032421645	1.9715880448055254	1.9578717785633621	9.81420480669783
3.5729547251419413	6.0475770466225764	4.073747967574225	9.330099721047466	9.033210929110275	4.233993019377907	2.1177610871261656	1.9356429406356102	3.5201785157615615	3.484549582752852	3.188455758721089	3.1259688046574277	1.8638609086015074	1.9524867982400838	9.797976570817518
4.4562250538670565	5.105114190906965	4.444491323433217	9.693843896937752	9.250570768443684	5.0427060388727885	2.4333830804020393	2.0121850199593587	3.3932895563740386	3.7241769205534014	3.0336176410199154	2.873373294694267	2.0848370138242904	2.2008310786652	9.84187656086554
3.8979217545513123	5.811224944822558	4.157727723732747	9.406870835968668	9.37349711281099	5.209147195745814	2.072818453384154	2.0900810210020717	3.3536950147189746	3.756289802256614	3.164237311099098	2.9464596353531167	2.070135620893366	1.9329198682042459	10.082379981340267
3.9712633901636503	5.650574081276075	4.427534326378825	8.182197427565754	9.388044935838066	4.507195423381083	2.5066815124337105	2.0438565483106017	3.308487900550731	3.425373520264237	3.197217062607153	2.8966623320800857	2.0050537104035033	2.230908907812379	10.137118788200766
3.737076074485571	5.896862526219887	3.8140395623450134	8.614996843326628	9.133771859224115	4.21830937659462	2.040567741550971	2.3051204962644967	3.5680630532945363	3.1038682570737826	3.1626239314790316	2.8923177145928904	2.0650955103682844	1.7449077463868088	9.751457454686912
3.9685327655617897	5.931307120023402	4.2364570215025195	9.551077328763942	8.978302075122494	4.774744513625702	2.0825130637201785	1.9727645465051582	3.6434401217858667	3.0122163661247057	2.89480633210043	3.1912596186896103	2.2803323449528867	2.097434342809656	10.131243861642458
4.0996991390464075	6.419332128718593	4.535372118156907	9.088720357723583	9.114311374894305	4.355559677061153	2.1151419400383014	1.848304693692998	3.8069508800276144	3.430233445123683	3.293193244543648	2.814528987993041	1.9528274943023434	1.8898681081500275	10.407106261285655
3.541529197345206	5.81549664666815	4.08323113423454	8.559065245068057	9.30541970852564	3.933620065475633	2.1947138199297482	2.312699237135722	3.7910379203477382	3.3114084611557706	3.030389871976673	3.2640252768232254	2.0556077516269684	1.9805500453136196	10.040322102675088
3.8025815006795396	6.034963433021681	4.397210228145096	8.541242926428374	8.901975712708673	3.9909810561188377	2.0923111677151525	1.9568222339174497	3.632246704972373	3.4027359457084083	3.0406087998132385	2.823830152186016	1.8767288880893616	2.019143440241362	9.962657778518244
4.005754086523763	6.132324620616356	4.014238600084156	9.210210338286332	8.971693656295383	3.9377536514695035	2.109951736034079	2.203039556301669	3.4451279043716263	3.271897000208697	3.3341874293870335	2.7905673619922586	2.142422901232624	2.0892430849173045	9.799781655733097
3.946269928095166	5.973885054227643	4.468968212874351	9.28190113892956	8.900298883284705	4.1558924597707465	2.324044204916588	1.9657710135948134	3.6532591518661524	2.984279027594776	3.049239427184449	3.0303575969774945	2.419905722872957	1.7708150120917276	9.281772055687778
4.186948111191556	6.631246645115212	4.175805796974806	9.859566528829653	8.755192792674363	4.298014290558005	2.033676416639619	1.8854845715267194	3.3598166304378343	3.3214271337031938	2.961601408057937	2.8763540600882567	2.0800479847174533	2.0447309062731778	9.847955005966487
4.468103165165442	5.7035133195567465	4.199129408682728	10.225840143091425	8.766694528890453	4.271358872967027	2.2551807851253076	2.2259070202752613	3.325787440382056	3.256893564827972	2.8062565310357024	3.0566923812446083	2.078349029667661	2.1719488728987026	10.073343836849725
3.8710989880246878	6.26186399115078	4.332878253376688	8.311409154035594	8.794503746301134	3.9537260057328028	2.173072396940737	2.2103825329549354	3.292961437901382	3.2925313523504567	2.9056265302711455	3.0868321040007114	2.1291546410162616	1.7397468569077297	10.296366770300118
4.335074733922441	5.192311677618988	4.2220777638065785	9.12128339315991	8.913463929996572	4.290063246395289	1.832328213649451	2.319348175155246	3.1275695525651273	2.9834212910935975	3.473833720882508	3.017770606346544	1.9654680186156037	2.310787934795903	9.902773880333221
4.347032854429455	6.853862053111622	4.172860318546339	9.17717808829497	8.821095990639115	4.1884279852742905	2.1103534800578005	2.38370998390031	3.726898510589642	3.592998570505133	3.130301547320737	3.1232005730371406	2.0534929588070363	1.6969973882165414	9.786034924976645
4.098476374326087	5.534338386331021	3.967426357455771	9.032552060241073	8.76291279450396	4.200385236354096	1.9676933207163683	2.1948221709323414	3.643141584494594	3.6596211725185412	3.0948230862909125	2.9419074525827402	2.2480275356322563	1.818659032146278	10.003030458261593
3.9389985602155666	5.720428000780372	3.9855020484778945	9.808299900718094	8.574690072627604	4.670819508900799	2.233858082681986	2.195111716528464	3.2696500300658804	3.3177571030065915	3.249688688243387	2.938052501566898	2.011233094108845	1.9859216468696304	10.2440958997113
3.9273918228935996	6.056598441073523	4.4480649378597095	8.598028197340705	9.094084128940777	4.5648505646433195	2.2590856370444112	2.0107546671936274	3.4569470640695172	3.181811014358601	3.0549752224340314	3.2497792797053933	2.2666923588959946	2.0684448354744647	9.482538155461379
4.462017739295495	5.41567663760716	4.46512496185021	8.42460131866669	8.723284211460488	4.17373626752243	2.2044424849455573	2.12484488056446	3.3478869336835646	3.3647921055012597	3.1100167794863305	3.120351200501778	2.1456741759795577	1.698571971896591	9.61029629268778
3.458631778980696	6.424916956452366	4.163881964371384	8.152502631505733	8.9332016083261	4.510607061149177	2.146994434382764	2.229128959425481	3.911427126920673	3.6135431219082577	2.967394147709163	2.8710732536099943	1.8758117951699427	2.1042238837787526	10.069315055438175
3.372258320140478	4.941035284946448	4.274037010518704	8.56319396160038	9.29985590129013	4.024289384093368	2.262837678568323	2.3130964326789702	3.4694513074207713	3.4453139910882666	3.0072555905327945	3.151347641495491	2.0150504248849237	2.308551703646488	10.344168565835158
4.24988024233129	6.292388329288348	4.254792039204085	8.781903193858803	9.180554956422863	4.32202871279879	2.326254645376049	2.1912720770708276	3.3518073518255167	3.419079079567704	3.2542498470204135	3.133162314947177	2.059664060368961	2.129815724575179	9.58482064251185
4.251185295822178	5.875803947110385	4.665644764265922	9.503541943132214	8.877821355713968	4.088977891185526	2.127405262958562	2.000031505711296	3.6770714786298355	3.361688016481074	3.0357964883088226	3.2738649029356526	2.3335110780822634	2.002668226819348	9.709901383962858
3.3752390309139924	6.380761472829456	4.1078850264931415	9.196795184934206	9.327846666178885	4.244966432008405	1.9711990713253345	2.2932569158236156	3.338461599588435	3.657036513396154	3.308962890696773	2.868213461561313	1.978063448201048	1.8574379650708288	9.802762385170197
4.542626712605582	6.2307995874029665	4.191998068581916	8.688081642123592	8.961074075649394	4.4831722705286285	2.0058773266235677	2.293120070495293	3.255645098109015	3.281548174416354	3.1856729066030267	3.0754161771545068	2.0690802071481067	1.9856247147603652	9.855347772215127
4.2521157866971855	5.826129743383056	4.096195086325057	8.456364677035268	8.726725308796063	4.386102959777276	2.229492768495373	1.9892999635627604	3.4845583379350407	3.110412036568899	3.2523546756155093	3.196206811630369	2.2579746784822983	1.934461650867448	9.889482073919694
4.220892547431052	6.0968529706593575	4.328633860635331	9.057914001076941	8.942497088997937	4.458974846857551	2.079382391468741	2.195224051590906	3.2362361649675617	3.1997367789924716	3.1656301630834647	3.2929037173527043	1.9437606019908327	2.1517765724962143	9.891587974852575
3.9316425926992573	5.637836005509593	4.43073414782643	10.321009028127108	8.748371287342644	4.859385762536952	2.0532942801088305	2.059515948708845	3.770623101550267	3.107818697709599	3.0897813073001417	3.142237975809106	1.9960438500881494	2.052820422286928	9.94082415890764
4.367164502408123	5.853596275299597	4.125682585155493	9.853723681149402	8.448051371928415	4.5021935031997495	2.061856961832416	2.301136388861534	3.7069752631000585	3.2304374235317135	2.8428475681093452	3.117258634083216	2.256250458293905	1.9313136750230473	10.334940625761275
4.407912848796804	5.782569268784019	4.082239735398826	9.157356066285317	9.0832341662473	4.5551730693813415	2.0140780574623234	1.995858660927522	3.490243220959177	3.368610504261691	3.0945549506381247	2.9574049734001453	1.9192919119302487	1.7581103409248715	10.152250672696248
4.024305995894687	6.443431790745537	4.127149592625069	9.385864291053647	9.49838037762757	4.513719170499447	1.8616207018068076	2.1629750648982085	3.288357652874204	3.3309278785813254	2.957488623971057	3.0521083987343185	2.244927975655783	1.8241167415807324	10.421897428838227
3.542282909130677	5.645296186613178	4.356620806853459	9.60846856278995	9.17484614571059	4.813796814409872	2.089572314911142	2.0319425405555602	3.291349308297433	3.382063163737042	3.4666357085884156	3.1554629177998477	2.010934155329274	2.2426991195986994	10.34997411462129
4.3724659649776605	5.955316163117122	3.9749217638600944	8.907348784905409	9.033536962231127	4.827354981434684	2.022441624088075	2.1863553469816983	3.5269576505980402	3.2741224108053464	3.339220561318371	3.46387559439627	2.0754434751011352	1.792632308772651	10.2630032030295
4.262619038796236	6.341768665705577	3.835538818821156	8.387168359549438	9.152184560036476	4.209116830889316	2.125043317705506	1.7098524570472797	3.464113575983599	3.233261471712512	3.051732769424684	3.024656880424086	2.132579446258962	1.8090671486135912	10.170127245595877
3.827075747516479	5.913432435617464	4.67358322515218	9.357941193426715	9.35993129172978	4.575049635925102	2.0755822016396155	2.1092549607581725	3.4000996042365337	3.4990559808666735	3.0489482187791426	3.1476997495952634	2.1324502839386157	1.9303382014257304	10.246486913632568
4.363620202688853	6.555851437534148	3.9481056871444022	8.469205060449703	9.522585483106539	4.148185497911967	1.8497654128044443	2.0159883020199483	3.229853418268954	3.1603868436726343	3.1238323359649054	2.8662225927555456	1.920375214261659	1.9818106122044736	9.956017022720161
4.4231010368084815	5.94735041325315	4.3082384140864045	8.759612430279851	9.181729342327422	4.43129327717689	2.1192827178832045	1.9736059106671475	3.2887430374543816	3.032796242432597	3.163050840366645	3.101163042387729	2.161190644118674	2.023766542759471	10.565492963449824
4.240584579713319	5.925841434353691	4.0857362412311415	9.134332574291028	8.93491392431365	4.154044988463493	1.9952178398325353	1.9224924814503186	3.6430917410703363	3.3366458437395705	2.9763634094863574	2.9689075197891412	2.293719965957103	1.8823074260477282	9.91711127236307
3.3797209004709834	5.262405425678027	4.2988798136999264	8.356558340979818	8.874029706118868	4.37217111167331	2.0305625233474323	1.9852082822637982	3.383726484176204	3.3294657220256747	2.7483589413205194	3.3587957542302997	2.1631828381881055	1.9239254357538036	10.29765898462587
3.9792822498901588	6.188564951047977	3.929535433049023	8.441527398651177	9.471241062817306	4.194321727396745	1.9425451644497753	2.085253810445068	3.20631294888652	3.085062384247039	2.8783677801775265	3.119647443756723	2.194192727635912	1.7872276498629824	10.478410260406623
3.7891564411157947	5.598723556957034	4.4726047978301935	8.901478417050935	9.266759607314519	4.4696668128645465	2.1309536162501583	2.254399036509873	2.968012231680113	2.800259457302819	3.131042884899911	3.2670358372018193	1.809563595203321	1.8638901062173554	10.082278258902926
4.04681699624374	6.148813645136049	3.8882598925108107	8.549534098373888	9.493810654482909	4.587751614196506	1.9148049162729601	2.038987672498608	3.2957193065561685	3.0673203437700605	2.9390138654139744	2.938233563160412	2.0455845377409663	2.1706325188679956	10.219490271810223
3.9433993477877896	5.65385740425487	3.995260195297961	9.290950082234772	9.133445014370402	4.463046706805844	1.828151995442285	1.9121581523103557	3.5661151679052807	3.3525415108191865	3.0105835544678867	2.6512554449083248	2.139178866742229	1.6215250828797723	9.728440980393994
3.992768986010873	6.268514552348684	4.34388116738815	9.087965066322674	9.198987269582934	4.564711477823574	2.0063703505409096	1.9878045525863597	3.042457209081165	3.1724427621808666	2.8686113474387978	3.0463454906977425	1.9247207240388848	1.7416765562312397	9.98482043472052
4.100000333211409	5.959732288971899	4.35491620132111	8.550760990207932	9.151662446135779	4.243137096407848	2.3239996790654076	2.07510802889203	3.424756541047868	3.4248401054117505	2.908307162589129	3.0048220625456885	1.9452605912261616	1.9535263555369953	10.008988766174523
4.141399055170352	5.739109744607724	4.730740899363184	8.075284226089277	9.089057026899122	4.323124343636397	2.3781332729213642	1.9560822866931744	3.5428750784177687	3.1519195414636307	2.843176292214729	2.8264641691373624	2.092153533169428	2.1405703480615488	10.174710656770452
3.9446502299216792	5.035186651162271	4.510229095467993	8.564903244927432	8.617182450395447	4.5104224011327725	2.090010853308042	1.7559845131562053	3.2633297859249746	3.2981801003134072	2.823449628830925	2.9173745034649996	2.107573399784002	1.9934612694930882	10.034409209310148
3.3558073682983602	5.565975889552264	4.594129049943111	9.618344276974806	8.92562987760599	4.250177431590344	2.3870966721637212	2.026870521443188	3.3573620938279056	3.5663200688785373	3.280211132732618	2.9626910814199032	2.1267948840222157	1.9004799021748489	10.103340108075328
4.219858239413347	6.166325269566176	4.792942460206177	8.52589383476794	8.638901403650905	4.578748473255479	1.8864093033274838	2.0524654752838445	3.3255171168169517	3.3655256943668737	2.6979142549024124	2.5908424613654746	2.0584004781211362	2.0882843209226376	10.3465205209837
3.844426694758954	5.6878369483424835	4.43753603188234	9.004198837595002	8.798574225551887	4.250936499432266	2.0319524224117838	2.0803604158648046	3.3726911739108103	3.2419315447520596	3.1591317293187897	2.8212449975135296	2.4835399908725444	1.972788827513703	10.20531552942811
4.349122718454873	5.701636361593815	4.341283171303694	9.110322911253157	9.442298035259489	4.188003398825438	2.3289659830160305	1.7996664355529641	3.610047296286906	3.028344681983713	2.8517643824404715	3.068679598687048	1.9277571929319295	1.9333571431958203	9.897721701990273
3.8709647969094703	6.237708076887931	4.124166522717557	8.336375044688017	10.0207625273814	3.9934812162694473	2.1150827124366303	2.2629240460460873	3.4461027070766894	3.174460567504098	3.0563387766273635	2.7399073371564944	2.006479543994647	1.8406567145824106	9.936284039550436
3.797461331130434	6.320662739155451	4.259542986830452	8.40333729738734	9.296679671844858	4.242502965480384	2.0045811850522965	1.9395549039352147	3.409503721637214	3.1549805978786964	2.7994265635013273	2.854295572458943	2.1833303813660576	1.9258017854217389	9.81998969191187
3.712992070521591	5.439521449138241	4.320227610048929	8.866548663153075	9.586915166984276	4.4034234024676	1.8047345905092957	2.041358220165296	3.0647265578453697	3.377009064900951	3.003131609120788	2.947487958081946	1.967242060952221	1.9150080159414993	10.121552219994133
3.596101513874014	5.886482670477438	4.061711821235589	9.172923605567846	9.288801476298628	4.291554096465379	2.1584919935982527	2.07922640964764	3.19252634739386	3.4825559120082348	3.25888348436968	2.8675027039720384	2.1247123455242765	2.137677287451204	10.418365438797322
3.6806151242832224	6.1674733400126796	4.374237236652248	9.133429477335598	9.3222169764588	5.085941873375565	1.9219731212890439	2.2344610939429472	3.2705329649392203	3.351604900800851	3.111684564078385	3.079928461165655	2.1248966505107805	2.0024773735399104	9.95531685779989
3.9383625588121642	6.552196452431855	4.382668547631567	10.309778103161973	8.787516267150231	4.732863841459006	2.0625787279618053	2.137658720966583	3.5009090444945543	3.5374587992291486	3.1382957171124444	3.145466906235069	2.313442176173532	1.8448631585429558	10.328634465497805
4.025142469051703	6.244309653224636	4.315517786157732	8.370975070014987	9.307819124134511	4.346739838569378	2.0222923594458893	2.210690516596175	3.8995443507987857	3.08681558619158	2.8774046614743276	3.219463725023626	2.1468547940298257	1.717545344790787	10.374806702526133
4.07031669471759	5.6652343538668894	4.116660155998287	8.97160744625252	9.452814052777963	4.085032897134426	1.9754047664257899	2.0179030364014516	3.650399090583009	3.0702123982857685	3.3140646601553763	3.222014913512302	2.0333263675152184	2.1109780202444486	10.14432551212737
4.093677959925332	6.075650591181586	4.125145517673242	8.203341751085146	9.490927938594679	4.239120377418509	2.2169933313431787	2.040329821179801	3.6622495296251483	3.117082073344189	3.191587984104469	3.2049618121327703	2.129457509019909	2.0022577966366524	9.932521957263083
3.74142478738917	6.147660310918057	3.76332226928549	8.807828074235792	9.108652782317224	4.19259184626555	2.0228932314434225	2.2834857421167163	3.3156090415513977	2.844320516351262	2.7692862770641686	3.232823523247343	1.905442414941165	1.900382788303085	10.57647756710777
4.091633794679977	6.41157166089053	4.533968617350951	9.118707583692675	9.194973925691336	4.454278569357899	2.0395109094423325	2.1828617756781186	3.4875540807701513	3.1402909188004986	3.2887915674899575	2.9793136107750247	2.0830518611129945	1.873918795383901	10.053486327822885
4.028437685792191	5.740108988479025	4.353515167892372	9.18180488694736	9.452937037879279	4.154965032991964	2.300461485929403	2.181944733010327	3.1328717134493025	3.07266418208622	2.826109578942422	2.917820879840784	2.220182554023919	1.8265830223816801	10.14537231229856
3.7204397410908365	5.806651561165167	3.7380569812832096	9.146240386908245	9.347985107288322	4.063799419801965	2.0245221957351207	1.9427878149352418	3.44410647442339	3.393581739259192	2.924105778542593	2.8396465579280257	1.9056886221998999	1.989640306367989	10.436130510324583
4.207644344047253	5.714217097964057	4.322166405033837	8.820257967276586	9.162694424059778	4.580474704429595	2.0266654767821586	2.1219489939818184	3.478013738275742	3.1017846108761664	3.106674266600188	3.143588630866492	2.1633681318455364	1.6618155453910748	10.118174794335664
3.9282894456373594	5.772018858574819	3.914197825578193	9.376510712056774	9.19794939197867	4.193397104728224	2.072630807810901	1.9724530899230233	3.2847764134208717	2.988603346979848	3.165393179425201	2.975119697945437	1.9461410436394724	2.065756931542012	10.683057278792976
3.966596691674635	6.319728240884858	4.327938208332815	8.581931468401619	9.170540042788762	4.1045411626836055	2.0497822937782013	2.1272869339463587	3.3531737830970516	3.3900609435503943	3.2380438477022495	3.0265898098731605	1.927013407621492	1.9090426278966575	9.949181316493757
3.560007872344383	6.075365155298634	4.608250724051687	8.712658414675465	9.420960846280837	4.068100715133883	2.000602825211922	1.8229956552808604	3.6299264651138534	3.1047894608859936	3.102915304760546	3.014180251187407	2.0464573391535645	1.7570290563009767	10.062375916573087
3.9600967907191538	5.743416272571939	4.242219406782098	8.587274599921795	9.407215492167246	3.8861675821406236	1.9870462705823766	1.9990428784891117	3.5611987726832273	3.4205075264676217	3.051756882516735	2.9138390209892386	1.8402762876918455	1.838721962019301	10.346491649300257
3.796965969437618	5.611371336088891	4.639077446477977	9.865555758031586	8.949445167462095	4.522628591373178	1.9406981900568923	2.009860266888356	3.3095343224197316	2.9827841359405722	3.0030459613054914	3.180946772221696	2.14534742044667	1.7115498180421762	10.481091550375158
3.618912977403043	5.595872813644799	4.124872900882687	7.838551986314438	9.230869502835608	4.12758297767977	2.1888081112993083	1.8539648835435705	3.089202809628025	3.106517980488469	3.0164269703799076	3.3384167781801697	1.9685080263170225	1.7831262024793282	10.220309386910357
3.410611203146673	5.808671470469854	3.7835715956838394	8.553558925922625	9.391520421870288	4.260767927956996	1.9626295580501023	2.087858568429192	3.4586032790590173	3.170699844430386	3.0946680192986964	3.0718805062998893	1.9937883101308171	1.81266742405856	9.74253750842931
4.440250506663129	6.2289134705906175	3.9575137746882163	8.796073221227873	9.55996571083114	4.262352214232912	1.9626325168051602	2.0482717933298216	3.5715632214362922	3.3253531013056605	3.077560345930121	3.0007945217904046	2.1217094220265325	2.113257708041067	10.234861075557653
4.421011411915882	6.142776217722288	4.165317017544009	9.035063673461414	9.23680696933524	3.9669897899722897	2.000172962535225	1.9430102581454483	3.310340862543517	2.9700438734648307	3.1461818409175013	3.1563112456180833	1.8837956661348116	2.1361088195401825	10.039879554263221
4.520626750531104	5.939854834320644	4.219022966120773	8.919610706597295	9.191274664153736	4.137961613532052	2.113338225861656	2.0227611289094494	3.2543206538837963	3.211763370358825	2.8602411605861953	3.087433999473023	2.008696814743452	2.0509041319358445	10.120853462958108
4.434374201011733	5.617543313571118	4.34179922749784	8.366348884715157	9.338513593649736	4.393076538025273	1.7412729935968474	2.0101305622437304	3.0202972861371724	2.9710817388232225	2.872482357073697	2.926626179379052	1.6614843225945495	1.746903675421519	10.47065768347854
4.187506417212501	5.806935178480206	4.011206304257261	9.227454737196009	9.318587137205915	4.801176688240051	1.9396051165915589	1.9152143195688547	3.1433781841034176	3.2381925666125735	2.9676623876793946	2.8882957686847126	2.0693407257177214	1.91888381221461	9.690368607408498
4.176559578115509	6.0718785272124585	4.059553337040082	9.205991416936842	9.688525505413818	4.293343994739154	1.927487761752677	2.2615192452919683	3.1754367123600176	3.1727949314496047	2.882635956237342	2.8026940271028264	1.8132864949117777	1.90586753355187	10.277383242861175
3.822095341963927	5.8865358071064	3.8533256157822113	8.428516686899092	9.556963588404157	4.4089849027258445	2.011418938915976	2.036687070490634	3.481281490033692	2.9998366717696574	2.903370541997968	3.2540030700070877	2.015204111719129	1.8151278808417142	10.29660089608948
3.960454156710053	6.72644762294714	3.8845669597664925	9.162243817577943	9.215591928379139	4.5564062949411355	1.8809821553044992	2.1289034037482915	3.6448642907222206	3.1682414221072217	2.9939156878734647	3.2519512421011494	1.9933645926639438	1.8198708454967365	9.89145862655859
3.1794034495351085	6.122816284800859	4.399332089033265	8.468276086571318	8.732205248914239	4.2195841158715055	2.1788983920821923	2.103602203759158	3.7613349062364394	2.5787442857037655	3.1512288603736436	3.0142664620852067	2.2567440890666335	2.1196428852838927	10.163460040936553
3.964990432215658	5.736471971570625	3.982152380857661	9.03019880005495	8.79109697317265	4.323556190415329	1.9489517641679512	2.179761098023626	3.169736638920114	2.930754870477977	3.316480939200271	2.8048896088565853	2.054101379129375	2.052955562152624	10.173559061480315
3.880705218092183	6.011413552951315	3.5943372777124827	8.79194068793894	8.908774760116998	4.363868684574648	2.014173037043743	1.9869119932854655	3.1116926097907407	3.1395427846977046	3.1941615450868053	3.415806322848418	2.2581402657937093	1.903891412508764	10.041909418487938
3.8683268490377105	5.823091232529478	4.063546790968193	8.951056494899367	9.380153237259135	4.2299029741134655	2.127508468490205	2.2067435052225353	3.546193049064639	3.2210694325212472	2.9615720652511794	2.613878034348454	2.034016713293126	1.6685496266614552	10.090607089399462
3.741396735547495	5.871115364298617	4.016178581369359	9.907673415665474	9.386552101824613	3.70079523728192	2.340426880745102	1.80525044979184	3.55909624231545	3.0851671635391926	3.1501170316366935	2.811664230707746	1.9721246823953056	2.0948948183472726	10.408225109432333
3.7433115550673506	5.66417278115539	4.318409701143397	8.417180412130755	9.00965225867419	4.4335623208912365	2.0147239887430732	2.1458914454512885	3.58231958981564	2.7848637155263187	3.3047330431419044	3.170518107157469	2.07477852428176	1.7654636832190527	9.881222508675725
3.459883898607335	5.588770463169595	4.004474047346248	8.480635334045845	9.386736661563923	3.7716291077791873	2.02449785349917	1.9025323466561783	3.552626388758167	3.1488322965993985	2.898867084842387	2.7656507808011814	2.2029898150884977	1.9622224640001087	10.158406686493091
3.6672525476746003	6.198286414762327	4.196434527535534	9.755207635729723	8.834001134130228	4.142973301543974	2.1804749031500053	1.8995553869204336	3.1962571388278915	3.034496225265743	3.3492146556598077	2.9379452521141554	1.8154944035673233	1.7464384421325247	10.388212547849003
3.8774037615692145	6.301252248204826	3.900995731785299	9.319997157261035	9.329976586040305	4.506878388957692	2.1483269533491374	2.093836266616618	2.986147087517465	3.03395483078573	3.0621224698620044	2.5958349109381182	2.0876994896085983	2.1409008266602885	10.377387380936602
3.873075500176297	5.294146324847544	4.214430621976501	9.09137119824223	9.563880125694745	4.336882430478621	1.719516557175965	1.9011472366993207	3.194377163954858	2.8420757148145808	3.14979402833171	2.8681799267528	2.0498076421583282	1.9021641526441984	10.42524801857345
4.037789297887139	6.209664654576745	4.277152533701874	8.449908315312388	9.812092983483756	4.07431670069074	1.967188862645289	2.1398190166820297	3.5136362144618927	3.075785687767261	2.859121113646843	3.169963157887702	2.129531885199577	1.881829311783736	10.109918762960339
4.05593882325659	6.223414680174834	4.428633277126868	9.06580754925089	9.626029581885678	4.087072948575017	2.0412621363818175	2.0727433886377504	3.0416415548382263	3.0087464243508006	2.8506462493319957	2.875438421038978	2.0712807852326875	1.858083904210266	10.069750005635214
4.05942245544767	5.844780566882207	4.052947044559491	9.159562143402184	9.237599229760722	4.6220814926343445	1.8247370270819159	2.000112465450521	3.2453962815956974	3.0214682525994765	2.83462523200659	3.129013460633024	2.2981085632339475	1.8097611384982222	10.518516531756262
4.0972989766324615	5.393531968213792	4.041839969861802	8.426493345972183	9.613347866565114	3.906057517654282	2.010156415893788	1.8260003146692718	3.3595764756322612	3.154824521978671	3.3154928289491434	2.9430074502175563	1.9949516319553315	1.8064196103350345	10.725304221262022
4.429326343402313	5.907644926216643	4.139149821312408	8.971395886432239	9.546266771622012	4.4549703974729695	1.9010205024145923	2.087998537352167	3.283847787276414	3.0931730816433936	2.891126441287089	3.0367366737801267	1.9390313599828708	2.1116642961288603	10.224802622883333
4.12489162411669	6.347688165116854	4.557763057784189	7.825764931984994	9.337022375549836	4.10551186808426	1.7702753432515468	2.1143023547058317	2.8330463312004994	3.0504050323161533	2.979904865697903	3.0118533953925213	2.1443002041654635	1.5270688151048482	10.214484089962527
4.116237579634645	5.020468650482599	4.431870530464666	9.502197978148235	9.042260761843155	4.725833036655215	1.9955153014236096	1.9755823618747754	3.2217740138984503	2.9816723138169827	3.236666448454756	3.5004088033095333	1.8694186099906314	1.599474352780006	10.16392307928704
3.9235755344560146	6.016622625403133	3.6203954237882985	8.808856501986424	8.904702959610107	3.849414166372226	1.8751763490022377	1.9564348457567258	3.431753539104339	3.5975420895165056	3.4167705261052674	2.9513427750805445	2.3599384701437383	1.9467804893465663	9.902247378311849
3.9607538100019433	6.088076564892299	4.284849220591468	9.690368951655389	9.368278400087336	3.7534505323498104	1.834007816889192	1.9867313318600524	3.125462238252743	2.818840528423012	3.023409123649741	3.19690794073485	2.0773094397281757	1.9682354557487318	10.01404046937341
4.111639243821295	5.90133118992903	4.162881721879169	8.89495670430394	9.163864338134836	4.030582783402504	1.8607912680842875	1.78220036899441	3.508704823223942	3.3198115274467033	2.9144006503818654	3.0592011428538766	2.030588040213993	1.623053803468203	9.96661516727236
3.622793401643669	5.7313492104787915	4.294770516678131	8.835980176496433	9.34458340791226	4.6108166526106515	1.8940171765237455	2.0957200371778835	3.2592790282644453	3.2532707749121923	3.0134565561651927	2.8936784170772962	1.9015344900123679	1.7766772607581776	10.349009505055388
3.7357642657725516	6.1152453640973885	4.13422500103099	9.043920809170853	9.22580087553957	3.957727936342591	1.9891112982693107	1.9130767234408623	3.1781889103890464	3.446484029182133	3.3018631216124947	2.9194687635705665	2.225624323723338	1.6994136015365446	10.247385477677932
4.219409879023734	5.503381230285611	4.218362011615773	9.67037293683176	8.871514402642697	4.151826798639916	1.8723312692813663	1.74368188422291	3.325123476223982	3.070249775409608	2.892713518332247	2.6435393654121326	2.0552891483034688	1.6098325318491837	10.493018456810177
3.973135799549584	5.77727881062077	4.150058432114266	9.320992725851214	8.940236604860132	4.24023896109917	1.915160116585651	2.03900932500361	3.1872130382544634	3.3818505146190114	2.997133758916816	3.5046439114187597	2.280572852822119	1.955538274195785	10.204200979786954
3.994619369324015	6.67501942249306	4.320891241490292	9.285491238909374	9.279805243992127	3.9672500773502763	1.9385521179464495	1.9868611078565064	3.4069464215364325	2.7065425641643888	2.7338921552310507	3.095642550130985	2.1082194098308427	1.8116293857151315	10.268465247085128
4.359962911058733	5.67897980114688	4.096564411124243	8.97564608106445	9.449824569617162	4.225261832218859	2.0538381519447944	1.7845335324165155	3.014393919677326	3.1289514368343556	3.1792322739555527	2.9407794447603015	2.180082420078462	1.8356307314523213	10.269363724157614
3.8789075670782616	6.171585712320318	4.132623215065576	8.546144271154382	9.198206011406374	4.545272090595887	2.0058314354149385	2.0348536425952455	3.408068158260414	3.3677528392221157	2.795793982148335	3.280011542552638	1.8980677275428883	1.934120789494956	10.148899547467442
3.9085725835535445	6.159104193206155	4.285097725237749	9.29304996641928	9.030919090898163	4.779772447435953	2.3001234879244015	1.8006945762236644	2.948000812143697	3.1615532288209476	2.9633776018632867	3.0062323638374164	2.215190318503936	1.775371800862256	9.973011453716442
3.889350921109933	5.8551530069775986	4.100742601115094	8.61375612200065	9.11431152516781	4.648045707722613	1.7375898580827271	1.8920704453091424	3.275259153461875	2.8525434658210456	2.988436102913226	2.9211458925965283	1.800291243997065	2.1304675618285147	9.809342683690403
4.13328236363419	5.638148688884109	4.007036425336166	9.288993015045666	9.042673005596253	4.756733555727452	2.00101447464299	2.0204799074432596	3.1410925574249835	3.225617793533735	2.798657372139668	3.0716422148335156	1.9018066364021022	1.8354111747084734	10.202501292110659
3.85184742766389	6.114729062093195	4.459967739968891	9.504739104448035	9.922991054146129	4.548549289880513	2.03969426636626	1.8348675133481123	3.0777847897602757	3.240149246875173	2.9445470773289446	2.873544004030633	2.121948502962899	1.8165620889682752	10.218390683022237
3.4071379883483504	5.783475744134254	4.080569056011958	8.677739952291855	9.284860676284383	4.484214448417536	2.1143633657354863	1.9835800571803512	3.5888792552692195	2.912914666788025	3.0414860497410947	2.7872048658062094	2.0826782598658826	1.9102501144087094	9.595335470658526
3.807485372721823	5.778806743666271	3.920613800697877	8.292876475348699	8.888278112299929	4.142224490769531	2.014911020107375	1.8415887964209692	3.104403524378397	3.1538929271283775	3.2019258205776078	3.03496308753596	1.9880064421535473	2.000386319360283	10.102219652114824
3.8694961259976646	5.760027172899717	4.157862074959134	8.561420153556652	8.871135045719612	4.200502110150358	1.9043538001668188	1.9785950631915674	3.304875102630927	3.153029787609238	3.0648831754271373	2.8851330656439793	1.852657979354011	1.870027884876986	10.028239017416086
3.629237149486206	5.239594620933303	4.009337938353838	8.714537182174965	9.310631304802042	4.256297898046432	1.9424620469780003	1.8861044426177356	3.406567063203343	3.341531436226498	3.049646563223123	3.045595443935066	2.1739109992872003	1.8319616191586066	10.063040311668754
3.9796405473291254	6.118615058253475	3.9969756476125298	9.855939872264422	9.312037021096234	4.4571509227075055	2.0754092467550262	1.7706139761774256	3.2213965129149953	2.9716202137199588	2.9613221291626273	2.6535361767530956	2.00548460098431	1.6055468998043503	10.618602628327922
4.315394905338512	6.069968197732018	4.81556822544785	9.378247386260309	9.70155142420779	4.555052815884873	1.7926515472490947	1.9144819317165758	3.216534439396676	3.0390490795571057	2.9857420743902563	3.0658182566074554	2.088323212126968	1.6071576185963905	10.545186136473317
3.5510092120523864	6.406344947405045	4.232970446478111	8.685415515112865	9.554244417890082	4.366088867395838	1.719125164540056	2.07828422738511	3.0406122967789613	2.9115901505844137	2.9456218950682307	3.1391665758378466	2.0764271436954167	2.033715882258164	10.203124191138182
4.188950310763911	5.972661029791304	4.223139560554565	9.712529160918734	9.208637278746597	3.9934720291974393	1.8977600187462547	1.9072629989637335	3.182099744847122	3.089855949045438	2.6001495886337453	2.853049014578959	2.0434891173896075	1.6628560591628947	10.48570683874998
3.8088949959985676	6.024120851255609	3.7642212226587835	8.83007786716025	9.681001114418743	4.069792138629513	2.1557787979400502	2.038729475887973	2.870423954582745	3.0125058580766595	3.0255388100265552	3.0352942354365346	1.8893676005236104	1.8074071037534392	9.990022685870755
4.523278773120962	5.625328089742375	4.674767309906263	9.584044078599957	9.543972925770106	4.411917378179041	1.9571287293659212	2.35204348714344	3.459965158288695	2.8829575399213447	3.0571713151330964	3.146895393991025	2.1235713214571983	2.01350914418361	9.881644176764825
4.024700021173192	5.885249165049324	3.76948850455816	9.126517082636392	9.560258421606637	4.463128177090941	1.9990258706023196	2.151833924920409	3.0063269200597706	3.1647576886854054	2.8223801686809815	3.2498183184491576	1.9532799992789174	1.944790347976576	9.768965157512215
3.7302011983075265	6.080874966301465	4.949214575038368	8.488875972375196	9.3492680037759	4.303503183707357	2.2356029413636294	1.7990015128535577	3.5337357273629078	3.110480257580521	3.308607497934359	3.0263000444496466	2.0223291318572016	1.9632671649403632	10.428222872979951
3.763287342902776	6.005134022032871	4.2287207626520695	9.831756516976466	9.277306223311916	4.552771924057149	2.0140731889782626	2.1414916607755856	3.5641468841260027	2.9551779122016906	3.167186649636264	3.3338896674428393	1.8012695134779964	1.7332092274657602	9.846741780015275
4.217654291878753	5.234667855716236	4.309290149547859	9.049896098903941	8.827555395709346	4.173747080221741	1.9493490237557065	2.0141088960731808	3.340682623665872	3.095414725808484	3.282022884082262	3.1632179939711578	1.739262653846959	1.7140153005016956	9.831576487309622
4.007714982266882	5.702589701315945	3.963385317914387	8.475816133581898	9.021797944978557	4.184518297911494	1.9232107514800292	2.173736532665902	2.9259171870602443	3.2556069270336465	2.658084425914879	3.0070331367005836	2.054226226304996	1.7681909417161252	9.95938843255779
4.121158397862668	6.350206395908541	3.994413581749245	10.249569458758799	9.781966812959947	4.164297079868121	1.9477361971697533	2.1277793068974717	3.019416601348324	3.338910418960408	2.970670117003328	3.095429105581739	1.6766749614871708	1.87552843710545	10.12201613989275
4.2313828801194004	5.477022610599908	4.150313910902431	9.238042901212033	9.697013378316791	4.545770394301374	1.9045946815579176	1.8743349339971256	2.9180541201766474	3.346539203070109	3.212151139713484	3.072520490149496	2.036554912013	1.8596089447038089	10.129954828663397
3.604809035753187	6.267270350287315	4.567432466518415	9.407840933625732	9.002815683660582	4.088369087221143	2.0006320812259992	1.9430265268985512	3.1551684976497727	3.229451725179738	2.8408578329560434	3.2434854110309796	1.6631826184093765	1.6939588866893578	10.186042945091
3.7710379743653792	6.032900029849577	4.273569800469313	8.2528216527891	9.129145906445796	3.9712528350813185	1.9352725598246001	1.7314081517646922	3.459121482508335	3.01524451562257	2.7721650257595694	2.941120201942435	1.8699830391463508	1.9991905790203766	10.458625401540074
3.3003652853159076	5.694842549433893	4.178661774877336	9.094386188925561	9.535351658878195	4.266994265768938	2.028646302487402	2.0577162007431307	3.476350723532003	3.047877041733399	2.515210382713094	3.065349614210977	2.1120496947472316	1.7843528072462986	10.29183354251285
3.847033637744699	5.945019226502338	4.538427819278102	9.337164513235672	9.698910981187796	4.591893832657856	1.738583779408822	1.8996811130935474	2.8551573686283773	3.604779582881896	3.160939568643496	3.0230627850569824	2.0530295209221867	1.8482523151874644	9.987747588442668
4.027979145977805	5.529524726831333	4.010179636405239	8.97109502454609	9.502404178542397	4.273244217614127	1.837870509822132	1.7938927092651846	3.1006418196887955	3.352408486072671	3.1037202778313797	3.348909373408663	2.1119906741101917	1.9312947345262985	10.028981820145011
4.160399683063417	6.119556406562118	4.58336787752665	9.07610765849969	9.820805145646887	4.094466263853854	1.688447478038147	1.9097036088831736	3.1422766255715007	2.8531450515479353	2.886096014196631	2.9771260490178397	2.1174413894878312	2.0427824039304228	10.144521960373055
4.494047784536579	5.877259234665294	3.7652528311784437	8.830165008444752	9.58283218123075	4.168595044246866	2.1067202203349336	1.7280107953453223	3.045911372264834	2.713200628804188	3.1055922507603344	2.7695651695921395	2.211997647962675	1.6745298481628916	9.914037989772913
3.714162264268094	6.303958262494534	4.26438979610384	8.663837942211494	9.15607235688062	3.8653241344281764	1.7622234768769307	2.068316044666638	3.25930995124795	3.2095423176064193	3.222079139791502	3.0382681818625037	2.036700929048725	1.9020241369094586	9.61189367325997
4.344506043131281	5.006013616810768	4.216315917244194	9.509855665160146	9.145695434015368	4.319494210597398	2.1615859200657055	1.7572010191798477	3.101037732090356	2.9847477634076727	2.8754968304589408	3.0451279285028945	2.0572638752266066	1.888369143931569	10.264036295940112
4.0725752936234345	5.538737767454088	4.37456465490985	8.739834726044448	9.366607196886655	4.479314972674667	1.9823024101216498	1.9464332595654719	3.49254594583106	2.72718291557447	3.054883754513157	3.0401180599488815	2.158942936724369	1.7749148442600295	10.045906051079188
3.560559904791282	5.599255874690624	3.613537935562808	8.711981284981848	9.007224235681857	4.286790712119725	1.8492044152094569	1.966370259217531	3.132581407187439	3.3595351214776765	2.85662874017396	3.0988707439400054	2.0324440421187466	1.7843132445623953	9.8266159239038
3.7454129316606153	5.326235461996123	4.263022221642235	8.450175758223862	8.969525704954968	3.999549310998355	1.885507656798489	1.8952470992076154	2.9285514956833754	2.940615369543481	3.194297155990907	2.6107666571126193	1.8818289789546283	1.8918849448140487	10.112344260399697
4.449449043705351	5.893790423187181	3.808858823367605	8.258672068105327	9.196956079317909	4.192475232206717	1.8948430890003265	1.8338714295122038	2.9924368298543498	3.2979970520700297	2.763976253141332	2.4327119183282884	2.438226691253703	2.0294677274032806	9.785715912406967
4.250112121761415	5.495438028594335	4.214656337841732	9.535461135749054	9.385638619216872	4.208455707293716	1.9329834285089997	1.5798408718436372	3.095016151230091	2.9816639842331125	2.891588956130766	3.0673983656882493	1.9054793632044025	1.866783453149604	9.77083333483028
3.8257888648422163	5.831025395376139	3.8192185217420755	8.771709134810301	9.876552677731482	4.027342346040251	2.1371334108541937	2.126130290471167	3.3568389992767504	3.1124617827120122	3.0644156017063198	2.869451380519682	1.963170770837956	1.7447751233096518	9.992692480348932
3.1082162075905915	6.111902322519242	4.147321784709323	9.466480191857768	9.502884332966508	4.606591056925869	2.0195288549829233	1.751268234656878	3.2311597673692507	3.2061608036310387	3.336556672606205	2.7277456629921937	2.0088261206943483	1.7513525578799285	10.052670741106295
4.111377234925488	5.7388207226661185	3.719819523106322	9.515014182131878	9.220379698894687	4.286086464814227	2.0107638921898188	1.983519298594677	3.199386130997208	3.0891122984849497	2.828110131146672	3.021588051750632	2.1235058004717664	1.644822205905722	10.077969179240547
3.573023447762257	5.811534695045137	4.4382058208310315	9.1730503764416	9.392593893337363	4.235688771458993	2.1585917404857566	1.9936848582257556	3.3765284203145414	3.0397467543017838	2.9399430783854186	2.66189336910347	2.1244838739897864	1.8092032318393154	10.420800050897848
3.8930639796039523	6.082847103980102	4.203065153149606	8.89874092460374	9.61383631067603	4.225046418839	1.8131586732231	1.8744395436614774	3.076867900927167	3.068065591400477	3.3427378331129396	3.1878771784786006	2.0010233884556086	2.010699828329188	9.734251706956972
4.103479423086989	6.029351151453773	4.2595892882634505	8.969574057753443	9.726842884573433	4.513482682068692	1.9520713303086132	2.0476238439582244	3.4806974041182945	3.0370166204724294	3.004464137232678	2.8461426400827627	1.692297386052037	1.7663097592854022	10.134196035809055
3.738694408112522	6.280984401754908	4.246579940046305	8.869004363018604	9.62283039111829	3.9449026263149527	2.0611109748924274	1.962407293756037	3.0748992329287743	3.3431449567437808	3.160564563490811	2.7115089013805598	2.353290869596745	1.9073871027916887	9.73346136701264
4.591348722004977	5.678190401304292	3.9770012725639963	9.129856074343103	9.681765338427104	4.20084061094684	1.7910000157656023	1.808689695667716	3.2835058297631536	2.6434869954580305	2.8390344261831797	2.984667824970486	2.0547164226875827	1.7670643940382447	9.753612745911509
3.626457323507527	5.885543722879779	3.956452098456625	8.876275057547073	9.38081997986671	4.0682389672453585	2.012058514391655	1.7157407527743984	3.246400201341132	3.1603110809039796	3.095418348074147	2.6713467809514277	2.061387246549362	1.9534414069564976	10.288043741007026
3.560682734610741	6.129402957668687	4.1795032222373125	8.917757653900237	9.449021321944466	4.29742827403601	2.0072138873747716	1.8556156592625934	3.1017552289269763	3.2277516819088	2.667513898061205	2.845967942978929	1.7234267589154226	1.8206858276052746	10.527678041529501
3.404628744703253	5.82887807477018	3.645170651233519	8.139788422598423	9.268665868311386	4.214071557664198	2.223677079886546	1.7792486001856853	3.3443702244370517	3.1234148992185977	3.17844490514443	2.7553948721297945	1.9047155401893545	1.8123571377054117	10.066003590268046
3.9961674879234366	5.586731158570068	3.989484729726095	7.903467568261491	9.771053889047646	4.508406640384495	1.5595187892491054	2.005383105204943	3.132121871065746	3.016165376482684	2.936040259597006	3.1810990630045657	1.907648581170139	1.8797269926442892	10.44549243550314
3.8613625589720066	5.965443461315889	4.306343775281034	7.336184415232432	9.598649003913424	4.5531714397907175	1.8752673638548205	2.11667975824003	3.1368550582615073	2.7502915315814715	3.0528662918999245	2.9542939541030626	1.95572869315702	1.8816512407041728	9.823964458660544
3.7673574664272844	5.963204212267883	3.925059510030968	8.0361073997532	9.095957722795498	4.068666237944742	1.9077239768069263	1.6991596399185205	3.0134923334692503	3.092795260831626	3.118295214136067	2.9332589476260664	2.0199046324587413	1.9770099673708164	9.956152000981973
4.048418274137137	5.24515457616346	3.864045870183807	8.280649061979307	9.133371134063482	4.0430376037776075	1.7588739957663115	1.8358369163300416	3.470553308263982	3.2316898432273544	3.138169215427113	2.914645994955847	1.9997720809197617	1.870186576372684	10.159094245113316
3.2126678438660816	5.889508303034736	4.392531535402211	8.856753733238001	9.448898306298238	4.264714931566854	1.8822626220647103	1.8872756077767412	3.3949553462606805	3.46568041682784	2.859683364968735	3.2261896356392024	1.946522065394049	2.0188754050551134	10.55807135229168
4.132364072878314	5.563680066768087	4.012360624047494	8.524796650436716	9.200346213390239	3.751836619674771	1.9736031540528567	1.8423837103927987	2.924884063521629	3.172073846426982	3.1012718438902693	2.7855774126383115	2.128353361167768	1.7734392780348966	10.117220728903748
4.161246131861366	5.944146064301604	4.158066995949404	9.204607656616423	9.183325890861678	4.029866809916567	1.9538945106258763	2.026033644031674	3.1638174145317848	3.1057963582773547	3.026172608565682	2.974095978795725	2.076957790851782	2.034330522208722	10.60797517657906
3.9966802411193894	6.326674631014864	4.083330708288592	8.836722882116787	9.544510681869783	4.286258751313888	2.0515285837087296	2.0028581530174896	3.3928003716639714	3.1112312084628884	2.830927989679278	3.0907356699782524	1.9642665969454607	1.7815998728080769	9.8255318827662
3.7875006954900634	5.022910629514053	4.073629508428844	8.58782622285117	9.407905056139441	4.1160365039778295	1.8895410839299762	2.201761737438324	2.923241556997929	2.7892797288931326	3.185392499902879	3.094761139366603	2.181399831008816	1.8656652192898857	10.467150781902854
3.7835578795587814	6.0725229050084195	3.919261758636104	9.316655849200728	9.493567482024774	4.4409401431851645	2.0082243569537335	1.833312018644409	3.4008359316293	3.068248442380265	2.7948474279035325	2.5465596285387346	2.265786063570561	2.015359319845848	10.113576435379585
4.077776718592749	6.10944992832306	3.893834618298804	8.952455461672384	9.8436126165224	4.4346406393801185	1.9731088683071212	1.9996797014804282	3.2422413909317838	2.896978979880492	2.9509336288548544	2.5276482231474593	1.9691618667489488	2.147603606592722	10.002150987187937
4.209092294144835	5.381253230587227	4.356854957960188	8.672226601268235	9.555953975628272	4.003823473986997	1.8401154173851224	1.905820697548793	3.0323222340759703	3.1423719941531925	3.1465865419553967	3.1258148412676574	1.860508267063855	1.9627852196244484	10.079868326141403
4.046721938532692	5.474002077073376	4.2635123498620215	8.400648964306608	9.016097107366583	3.7348114719536722	1.8232817833409123	1.879174064245904	2.997912758492827	3.0131931006528814	3.086293189803038	3.1898920944422846	2.036280725369942	1.591392231879597	10.117569889121516
3.788038621850599	5.762547995335529	4.054530017901489	9.162756111324734	8.580756153312297	4.221524933535925	1.9677392602927657	1.8556937109896219	3.1211913421469526	3.1689715359376907	2.738757545824331	2.9341988637869036	1.9945529797652324	1.7613155780858625	10.218269839524481
3.1251451603323264	6.433520335978851	4.092403196338648	9.94252290286401	9.472098505627546	4.491291654215594	1.8567943133774967	1.930914818329471	2.9829297149519176	2.919536309427011	3.1925110928643456	2.739096603380846	2.133471910228026	1.9109164355792205	10.398903025421362
4.5885872817402875	5.486759090074551	4.215492765075681	8.788773027946805	9.390366266438567	4.307520352216566	2.0231288417151516	1.9242026235936447	3.2411369756516617	3.0752453518003633	3.0664615629586267	2.9337981268930586	1.7648680690191487	2.0394102572329844	10.221546958019188
3.576860689516444	5.355882921321426	4.059420660056417	8.614169944912282	8.949572575585833	4.300960446487121	1.8637812578207296	1.9356823329834751	2.881127633315823	2.9693322589317	3.008382418990812	2.849432790642998	1.9097074489853587	1.7839450480178045	9.845355849890877
4.254633805401454	5.918886392175745	3.8295733285077618	8.425247270663368	9.020872956399442	4.379494145179877	1.9751602672351956	1.7182505128088663	2.9584345554092084	2.9377761315719035	3.059095591667321	2.701170795230081	1.7597006212437085	1.9634187043286995	10.041642726397434
4.003426274440285	6.818614487307642	4.118798172906842	9.262520765332477	8.940684776892748	4.461277302180259	1.9446279272640334	1.9678768347899267	2.8121126281570814	2.9182192635158173	2.902219495381939	2.6446542319566846	1.9186043822224101	1.9045056819690789	10.227295421384405
3.9199974729192775	5.503235313949832	3.9515302298912216	8.758733239844764	9.322729561382966	3.839733528288826	2.056993579383367	2.0048972086166383	3.2142559629991325	3.2737825816237915	2.8693423312212003	3.2355960862855397	2.181235228346751	2.0248711399856494	9.816031031306675
3.4768884634261275	5.6240460124544365	3.8019285868105688	9.18745399412325	9.454499739319512	4.089711077652612	1.8105342527532087	1.8121782629330387	3.1293763767187897	2.9114300768079784	3.0314617311572327	3.223072407096843	2.19884440074345	1.8797823883677407	10.69475045479212
4.3243046317303255	5.227861439176131	4.426418493889931	7.9355684132974265	9.028036895928478	4.215659665280371	1.830280551090595	1.8282204349027054	3.341858890287016	3.2632385384236193	3.1702910152985058	2.7279595162094292	1.9238340543438672	1.6997642781709792	10.09045293227411
3.983547125765951	5.907326238220893	4.153309803190956	9.448623353534161	9.21263275801931	4.3340526964254655	1.8778229318896096	1.8269375700563038	3.1932990996897908	3.030358517411933	2.6973439805904214	3.027932262886707	1.9737628997203058	1.607482189544792	9.761838391391779
3.9293974518395256	5.793147786406805	4.253496705535417	8.00277273397562	9.507386943297004	4.57898891601495	1.9999860507616531	1.7601027448765183	3.096076185115135	2.7623215537232726	3.098024230368873	2.9886996259594456	2.033689233940872	1.7802717663908105	10.357409468641775
4.111777345350617	5.916269654625362	4.184625243741678	9.007799989752066	9.454775605150282	3.8939476238549076	1.8626465319146264	1.7958581769006552	3.209581284313289	3.163024435236364	2.8201043540155326	3.001906999476876	1.9829111145219218	2.0086405451590434	9.988030428220927
3.6387139020705153	5.419174992613198	4.042438371487361	8.320240374888238	9.311300292035972	4.633847843069729	1.6810159413629602	2.210140399600199	3.1997407984761903	3.108017152709021	3.4602113092112883	2.8863770457234526	2.1269166269102424	1.6977456388301462	10.098257408440059
3.641106538396593	5.8310554741539695	4.019140730413352	8.59776850235875	9.403193590553277	4.251305961178211	1.5968493225382745	1.9723237307609258	2.915084645387734	2.9501369182829746	3.0460287735009146	2.860569231217241	1.8753960595428327	1.7592666475253576	10.059309495148543
4.5010818663650705	5.912688052420146	3.9279201090537397	8.034537192094223	9.631929077272067	4.1247291345462616	1.9296774251838194	1.9033276878390972	3.370406817456102	3.1070397134849017	2.941607138562707	2.9296731593008416	1.9933639204294982	2.0520865207359265	10.111155861158286
3.7303190374049424	6.1138951519102696	4.1223459035818975	9.391905722075725	8.840009234239995	4.201976406366644	2.1138503038667475	1.857097925245862	2.9647136643582557	3.2192474566169054	2.843771005762638	2.8207971323151284	1.948478766492922	2.121212318602565	10.42201569977553
4.013735147015294	6.0920454291208115	4.279809214792615	8.391881589201235	9.23771786667506	4.205064840453848	1.9102493592252254	2.096462421485627	2.631992294412207	3.3300827541933424	3.0777491214775936	2.949555647167523	2.021046541985055	2.040061045492717	9.884488499702988
4.287010859001813	5.937265422179735	4.328174623740022	9.939269063983788	9.140522264218312	4.348935608209934	1.737198434678322	1.7633691270921874	2.9400288460881225	3.0580113853449964	2.873652054534769	2.414034716614728	2.0098542476821737	1.9200014093556268	10.16538755020977
4.068624317293503	5.578484692444931	3.970728748061394	8.634387414257308	9.252926309195422	3.8692712105494538	1.7116203490469317	1.8651060137752056	3.222473377943163	3.5645437861313334	2.8544274236948888	2.886127494563631	2.121807220973895	1.7780654369277065	10.421249602921375
3.6854825486537166	5.920887650522445	4.442171966383701	9.142196029528423	9.304725726544307	4.058932042270906	1.537166784115885	2.085015547832576	3.5293155627407673	3.3424006266707167	2.798740938280836	2.984767847959742	2.0165764218073097	1.7025470092779391	10.19767610040006
3.6783288179460123	5.970614647914823	3.7333071953707595	9.022646145974909	9.2358723864863	3.9985177367354106	2.017144225499923	2.0319985286817723	3.1261807281328986	2.8942309825971164	2.9478866126118457	2.472994415164868	2.23377404045811	1.825642580741154	9.980710214134332
3.531388550998563	5.776965980201395	3.697148186482208	7.579274047114884	9.016240193822986	3.859645288748419	1.6675594269297953	1.853706322079222	2.864520216131295	3.127279587229904	2.9074614325546544	2.6377269203438765	1.9186456650837331	1.8878602560909807	10.104962403887711
3.4040257467639354	5.9958135721956545	4.311113311138846	8.614678257803265	9.365432428961348	4.036028669467432	1.766599982102318	1.7610067875593065	2.984586116147662	3.2222922715966797	3.2171130788574005	3.1499628697159254	1.81103570139044	1.70799623524318	9.836583764868372
3.2418295766135694	5.4419930452107454	3.886900606581146	8.1903859224127	9.370344283365718	3.9274835970766993	1.6639167495876672	1.7046155567744314	2.651112801779183	2.889039959932698	2.8071678467844516	2.677565710155711	2.1271775477571047	1.8705941116235247	10.270128025437812
4.136495427762771	5.252971262388788	3.878020514919356	8.781579970664799	9.171103212820519	4.195821439269983	1.8617721281630422	2.11754518419528	2.8410028401057974	3.1304727223300097	3.2164376082567516	3.072287152315833	1.8852737320757322	1.7371951726933803	10.186381405012888
3.9180296871733074	5.956745041951501	3.878550959642953	8.412493727483483	8.861436895718047	3.9807867859188915	1.95448972460214	1.97502765314691	2.6539441491487485	3.0335922101680293	2.8733816071970324	2.8167154502735214	2.10756762918168	1.8540417957756756	10.160771284558715
3.7058504334889224	6.031532387729924	3.93023144972344	9.744764278551324	9.024380446566788	3.9572498394231745	2.041841558159923	1.981293165249243	3.0560613368126894	2.9220434098066046	3.0752757037641327	2.6202517341100653	1.924929860561987	1.7631784331723293	10.291608419767238
4.412908003404994	5.380092654584906	3.837190081700889	9.479717201953864	9.1470319169382	4.023603075023708	1.777652474681703	2.0246627031874516	3.0829244034945096	3.1312879461567396	3.005257820252824	2.9861578472444097	2.076071426974849	1.8853115920633772	9.929042286013749
4.036370584608984	4.91019706754837	3.9579859831516866	9.670359784569081	8.94975645328934	4.021711452501098	2.1342851007994565	1.9042027852998051	3.2776378258804417	3.00198384623501	2.7491923094999944	2.970215160983877	1.8537070594633374	2.1071704601926053	10.47385905210148
3.993236780880496	5.623115462472983	3.797833898115945	8.476159627858152	8.283874219017042	4.290509847150053	1.975877499072984	1.7850813226135298	2.898675924367588	3.043992486711351	2.6038751481975164	3.003037373614004	2.092227165385095	1.6079631868595075	10.818869497804885
3.320130978642044	5.908959368579944	3.873573013934385	8.425636207065798	8.68778986143325	3.9172133932078954	1.9123581897758541	1.8463005704793403	2.7606841934881308	3.1810177494338068	3.0460632971047783	2.950164868141772	1.8952769916009218	1.6997747523105036	9.927540963995575
3.3143331029906014	5.803936845355205	4.126496883534524	8.797216425039068	8.968000494694552	4.325077886977214	1.8911839297991255	1.8101274081104308	3.197292754844731	3.2831838697262326	3.0322999933160184	2.8664293545815234	2.1029820371612993	1.771450249833125	10.010488421885922
3.832138403466294	5.728529202593123	3.7664676681096476	8.683457439409663	8.745583093162505	4.087484235534256	2.059018313132427	1.780327636897851	3.0588297641998343	2.9370929639762595	2.7588954176712535	3.022463342811064	1.8140328064630908	1.792859960705742	9.949307360881894
3.971577930658198	5.963137258965016	3.9946630535801995	8.393152624099486	8.84382560533134	4.163149058293072	1.744401497837467	1.810754315451936	2.9290179742375195	3.012848599066381	2.851418255469807	2.8260769207989167	2.2689632623846006	1.6215882747055836	10.050821939962484
3.6363707496081816	4.85706724458476	4.084464404642837	8.617110861934258	8.858922283873213	4.189560911805439	1.8671652048505072	1.7631239196804906	2.7091927480897557	2.97418432095829	2.7012524138728238	2.7221408406198737	1.9519000574544112	1.8526806566922196	10.574227981398222
3.5765881255039984	5.884439487658564	3.6532053399407336	8.615460020632327	9.059596626772063	4.11153788964295	2.016207952149886	1.798088253223842	2.658104288166083	2.9982431313210385	2.8695779505600307	2.8146394513556343	2.1346106755900784	1.7507421745393636	10.272498746947788
4.078007831716046	5.737911778854426	4.128988882195221	9.022394777195906	9.060695710139253	4.391586542289394	1.6843702889629	1.7990345025837013	3.0684704132979306	2.5264872589422414	2.8001015373146534	2.79643481356302	2.0209723819351217	1.8098830972465019	10.179192851272203
4.340620627980429	5.832737745012932	4.116340196682145	8.338957771795883	9.377199556963214	4.435350159531113	1.908044252513526	1.800087750883759	3.1603052494355883	3.1400639341459193	3.2377293289148383	2.947457481895523	2.449747436199079	1.9268789415133092	10.008962162514328
4.330109827411196	5.587802125772864	4.119889465256406	9.918417542024782	9.537542036761582	3.769055911175085	1.9222161737827943	1.7446282782471034	2.6886085206694066	3.365256958676191	2.868981795184284	2.7962993130027067	1.9408794959891003	2.011213658346198	10.154261870696836
4.640738655391742	5.812787201267727	4.115474228398561	9.827171375001278	9.204920284310054	4.04720474564577	1.8124820398236705	1.904184421536065	2.924640403641801	2.890995898287772	2.7367911165565144	3.176107940053431	2.3770787987034594	1.6368770335716685	9.994239861975128
4.109411447767484	5.940989954189465	3.8739447402270395	8.43543677825354	9.862563145696837	3.924872390633836	1.958410062753449	1.7454428201992294	2.829756986121899	2.7185967984413533	2.921309002428895	3.0306176357513386	2.0946235874407364	1.9622564419302329	9.960717463566008
3.558484976938763	5.530357200122918	3.8901153121385654	8.457887138901459	9.382466321113654	4.372775492761726	1.750428780556045	1.9490102693758184	2.74242023737387	2.7891694912135265	2.811386748837195	2.993883365525182	2.2503164464707446	1.9967888009684873	10.184590502225644
3.9762113631870006	6.006606135344656	4.007135163809553	8.873431347480947	9.283395903123804	4.167895754179463	1.9981816899557905	1.7879050475077072	3.166791017874285	3.272637543912262	3.1918401277442503	2.8855163174208833	2.108928053537154	1.8394480932329256	10.434227157564623
3.6059302519793395	5.861535038872065	4.246476229276426	8.628309866665806	8.767319344303738	3.8714023466506524	1.9681183712814037	1.8212092960877444	3.0990478362120886	2.978461555091682	2.6337079211485026	2.744767320895783	1.9514950985413249	1.6546473462419211	10.311920966210007
3.839067469629892	5.01215843403641	4.089505299800133	8.296360336444339	8.690131752227394	4.412189969633362	2.0626727623971925	1.9399622157038068	2.9801667188778187	2.883439447538231	3.1526443682286702	2.8372815513882834	2.027381587758929	1.8255293577340088	10.224508831696937
4.007191746155019	5.380931789390255	3.5577698791650794	8.079757047019783	8.994952277005934	4.03658524744268	1.7914169940445832	1.9758785060897133	2.868387655332684	3.018447175031869	2.8099949609368866	2.7764109205431096	2.261943415100288	1.7063067009115915	10.090225338856646
3.7163017527398448	6.232181464216842	3.825045625973204	9.08083810302034	9.02617568396313	4.341708440459559	1.853774269281293	1.8660030915355117	3.22286492196157	3.240646978915703	2.7482012042149897	2.730915614166904	1.7878488364007972	1.8439435338367567	9.888954729784784
3.9261090587676586	5.7119884020911575	3.765492931533195	8.820884119775545	9.102842498142996	4.5914220533857	1.9099169633979662	1.8088463715466903	3.1319033487744465	2.9487722655056614	2.998880477110378	2.82887688866923	2.086759833750346	1.6926441556014529	9.857371676985592
3.8615010890029624	5.761696076047077	4.290868506868012	9.164519446321327	9.267432813920951	3.952333766076565	2.0417537586636465	2.118298041626446	3.0441389071515768	2.8420446899922407	3.2488296224029347	2.9066205072546327	2.084242878739395	1.8039184702256537	9.938898040227881
4.079658486234907	5.7807156138981926	4.294125826541719	8.537346961966497	8.987960582609679	4.195399185828137	1.764567218686129	1.8672786252241624	3.353477994467944	2.9145427382281306	2.89310851355863	3.105209893177822	1.9084041254920405	1.829816663473746	10.26610963493857
3.549040118578968	5.694378813591596	3.626247883059335	8.551703037168112	9.535947570765583	3.71891774875657	1.8746828481306308	1.625740878286196	2.831227520832605	2.8714954817038687	2.9698230758247166	2.725905160225899	1.999832155765338	1.4917675924864144	10.389434927146025
3.9543943698190986	5.362631713074754	4.144765166050547	8.399678664627485	9.221111342848788	3.9617086878263557	2.1193042696112134	2.009634152439842	3.211435747992752	3.1313904983153074	3.014434519570665	3.038947806457086	2.0634882993568904	1.8368056974611535	10.032133388335131
3.493726158472325	5.794413329047047	3.7900427196680035	8.750629956906417	8.528406091802134	3.7650024646357614	1.7312595217949003	1.6228579884704195	2.9714686865627598	2.969841139283711	2.8747242870200034	2.522958657357027	2.2447261082654975	2.093081232096642	10.184081021418304
3.261826429021118	5.8362984577456265	4.362209151842906	8.864737798281414	9.10055635570731	3.715776474172927	1.8358912197801245	2.1080229713211986	3.0053205134569727	2.9568377400562715	3.0073118457863437	2.96252750779262	1.8635702480966345	1.651893577663555	10.275255140781864
3.786038577657156	6.152520435739584	3.6515810305711316	9.088556483451908	8.79583096008966	3.958580844090099	1.8872225424226534	1.9471078838336475	3.0668512258974148	2.9003231833866776	2.780687581209914	2.6468777056542523	1.9287996201012096	1.6320555759102453	10.116741904257543
3.624811655761942	5.708897685027244	3.84929571281919	8.1813379008079	9.157007209674981	4.156192486941755	1.8792944971492147	1.9882321706231547	3.240356397632371	2.956557255830555	2.681088990650075	2.6884484883161153	1.8691880069843163	1.7138881243546686	10.26089406278088
3.4064586050999144	5.671116385930307	4.114683269646572	9.248879383124319	9.185698959513992	4.264419699672639	1.8695617284812613	1.7692665092612694	2.975014745602348	3.5791184420091473	2.8940712265151887	2.875802608758423	1.9416123777925978	1.9690752754973795	9.739131283130817
3.3958091227887643	5.179377109971658	3.6469770937509596	9.54358420777445	9.148703734346688	3.9724517227172353	1.9005185455105906	1.8294406895166846	2.9937908713922217	3.1885690768825725	3.223824016100343	2.962498430915993	1.7932813089118036	1.7263111354396794	10.173008329392381
3.976836418875499	5.771517304639678	3.9054766158563075	9.18873846242141	9.082786523914411	4.11211650596899	1.8454751828607123	1.9284009459405893	2.9589788565734647	2.994189701034872	2.74647559512934	2.9159833916780675	2.024590645777844	1.8608697144375832	9.68308450170791
3.8319293184224628	5.721724133002688	3.9071663845942544	8.634701890966365	8.758167603129944	4.234487414065808	1.8056213803400019	1.8828465862983643	3.5360259851452374	3.165162765168359	2.9624830637342967	2.7556458986612906	1.8456868395109787	1.6820805750237584	10.43370192153147
3.9389489214445854	5.711537805082133	3.815690983827	9.185789678926453	8.707956797555653	4.119520245875236	1.623678394419076	1.7841381595115389	3.2934746092711706	3.0368020243210445	3.077031804557664	2.6242435416043723	2.174790821494971	1.6407081517369488	9.812070339653292
3.2032198173811195	6.023514850927731	3.905459358889665	8.835731783515543	8.290895274514687	4.078977363093434	1.7850517204000156	1.9037987727762422	2.954439103836532	2.833355791393973	2.871270166777271	2.889475635126739	2.0240853633386924	2.015900432330784	10.335243651361193
4.570697414080919	5.83804777165535	4.043555244344538	9.196311987743398	9.118337834220698	3.8493473153903524	1.6303058599590583	1.750457322682994	3.0779413833855602	2.865673804824494	2.918564510184616	2.718008599707665	2.1791695137395624	1.8470926797526879	10.56655106149066
3.2979066070606833	5.335244289590962	4.197048479350337	9.259565637237973	9.534902009178346	4.256791367206382	1.8186180498708864	1.9052427298310364	3.0157821640103695	3.0736503819908343	2.8942443499053936	2.882153195163746	2.005544056889111	1.7405025549314355	9.956209677378364
3.6661322512201537	6.234587663020964	4.05318401396856	9.499110648989477	9.254700651853504	4.196194085108294	1.6457445026413122	1.8738304519215485	3.034085257929841	3.2001443132126104	2.874443446617431	2.712381698761427	1.959934591925433	2.1712882946009553	9.896328451119789
3.4991859260799907	5.749234936642745	4.319881843717755	9.356240215351791	9.249651629656114	4.282925744652184	1.8038147020523474	1.8091509402971038	2.9504157459826765	2.9562358963508166	2.5405215175501823	2.6151335453875735	1.8075727157742703	1.5793861826233764	10.089526083982182
3.54137586559663	5.263526810016606	3.881465680434353	9.17981279094845	8.96857510162731	3.87041644794726	1.921344021303279	1.9489899894229836	2.912278320769471	2.8971332194587793	3.063238834316552	2.978692089558282	2.0703250100421786	1.698154503192343	9.794731785532726
3.3014671707483414	5.290101283969618	4.077827143486726	9.63081078258618	9.193326741628937	4.184941456259819	1.7586901011461018	1.7417684152270134	2.8444863342012856	3.0791137841456155	2.898515500979579	3.2475006707384755	2.107709061351862	1.6328384591213179	10.165306283183384
