1	17.3118701171875	17.3753955078125
2	15.66344482421875	17.092298583984373
3	17.0244140625	17.06056396484375
4	17.026605224609376	17.131234130859376
5	16.41540771484375	17.129622802734374
6	17.021807861328124	16.887896728515624
7	15.818853759765625	17.121328125
8	16.655142822265624	17.0082421875
9	16.87252685546875	17.035440673828123
10	16.901700439453126	17.08880859375
11	16.6358984375	17.1301953125
12	16.58767333984375	17.098653564453127
13	16.46009521484375	16.8920703125
14	16.81429443359375	16.79699951171875
15	16.56400146484375	17.063255615234375
16	16.985887451171877	17.166654052734376
17	16.473463134765623	17.107039794921874
18	16.91554931640625	17.03573974609375
19	15.98131591796875	17.018018798828123
20	16.775565185546874	17.163841552734375
21	16.69755126953125	16.999183349609375
22	16.295499267578126	17.003927001953127
23	17.16279296875	16.9928369140625
24	17.015848388671873	16.68387939453125
25	16.77747802734375	16.739647216796875
26	16.455977783203124	16.96321044921875
27	16.614324951171874	16.98673583984375
28	16.467938232421876	17.073695068359374
29	17.18837890625	17.141165771484374
30	16.78588134765625	17.019447021484375
31	16.85391357421875	17.0336572265625
32	16.86324951171875	17.091220703125
33	15.442515869140625	17.15638427734375
34	16.554168701171875	17.084942626953126
35	16.837415771484373	16.77841064453125
36	16.8517724609375	17.10949462890625
37	16.51586669921875	16.96563720703125
38	16.719002685546876	17.018961181640623
39	16.5171923828125	17.055682373046874
40	15.943243408203125	16.82235107421875
41	16.840301513671875	16.71382080078125
42	16.67809814453125	16.75788330078125
43	16.474510498046875	16.666209716796875
44	16.579588623046874	16.983287353515625
45	16.5620458984375	17.064205322265625
46	16.791357421875	16.8618115234375
47	15.70949462890625	16.821109619140625
48	16.569801025390625	16.910706787109376
49	16.389029541015624	16.94707275390625
50	16.427607421875	16.66788818359375
51	16.708707275390626	16.890443115234376
52	15.732799072265625	16.822740478515627
53	16.976842041015626	16.797841796875
54	15.63944580078125	16.7703173828125
55	16.630235595703127	16.824539794921876
56	16.33413818359375	16.7366357421875
57	16.74110107421875	16.570406494140624
58	16.4167333984375	16.745853271484375
59	16.15010009765625	16.564849853515625
60	16.288619384765624	16.753853759765626
61	16.538121337890626	16.511881103515623
62	15.828409423828125	16.752874755859374
63	16.4144091796875	16.818819580078124
64	16.69863037109375	16.90035888671875
65	16.730238037109373	16.78920654296875
66	16.182686767578126	16.7784375
67	16.462491455078126	16.918487548828125
68	16.6995654296875	17.074896240234374
69	16.31169921875	16.589830322265627
70	16.6893603515625	16.776258544921873
71	16.65360595703125	16.626900634765626
72	16.37005859375	16.7133984375
73	16.66821044921875	16.813123779296873
74	15.886912841796875	16.813438720703125
75	16.605970458984373	16.537861328125
76	16.35200927734375	16.515386962890624
77	16.44387939453125	16.69259521484375
78	16.02726318359375	16.827567138671874
79	16.562745361328126	16.8120068359375
80	15.92952392578125	16.4347119140625
81	16.295994873046876	16.680089111328126
82	16.749515380859375	16.671141357421874
83	16.170665283203125	16.791170654296874
84	16.341895751953125	16.8339892578125
85	16.53358642578125	16.603482666015626
86	16.3282421875	16.5375390625
87	16.610255126953124	16.657874755859375
88	16.24413818359375	16.77343017578125
89	16.26889892578125	16.701728515625
90	16.12240478515625	16.635107421875
91	16.415679931640625	16.590777587890624
92	15.891719970703125	16.577889404296876
93	16.326728515625	16.521396484375
94	16.727060546875	16.655045166015626
95	15.931746826171874	16.632493896484377
96	16.310067138671876	16.495399169921875
97	16.55217529296875	16.479971923828124
98	16.474376220703125	16.373109130859376
99	15.655458984375	16.425047607421874
100	16.2346044921875	16.486943359375
101	16.31764404296875	16.35935546875
102	16.30882080078125	16.559608154296875
103	16.1292724609375	16.435406494140626
104	16.27591064453125	16.5129541015625
105	16.128370361328123	16.503472900390626
106	16.691136474609376	16.699271240234374
107	16.39096923828125	16.4130029296875
108	16.143812255859373	16.26982177734375
109	15.7369873046875	16.372652587890624
110	16.620799560546875	16.783846435546874
111	16.34906494140625	16.57404541015625
112	16.360872802734374	16.63498291015625
113	16.40765869140625	16.788128662109376
114	15.498111572265625	16.28596923828125
115	16.20109619140625	16.5405810546875
116	16.26715576171875	16.677137451171873
117	16.3316943359375	16.558812255859376
118	16.5170556640625	16.573978271484375
119	16.083701171875	16.6606298828125
120	15.38429931640625	16.492784423828127
121	16.512928466796875	16.234747314453124
122	16.53776123046875	16.268232421875
123	16.1739697265625	16.51792236328125
124	16.206444091796875	16.25622314453125
125	15.54973388671875	16.49287841796875
126	16.44279296875	16.4984912109375
127	16.22622314453125	16.338125
128	16.498233642578125	16.307657470703123
129	16.0472998046875	16.5607177734375
130	16.228709716796875	16.382333984375
131	15.445845947265624	16.42097900390625
132	16.313741455078127	16.405152587890626
133	15.981209716796876	16.413304443359376
134	16.256497802734376	16.4116748046875
135	15.963974609375	16.311619873046876
136	15.65584716796875	16.416925048828126
137	16.25808837890625	16.41445068359375
138	15.8894921875	16.43935546875
139	15.68047119140625	16.37727783203125
140	16.246484375	16.2838037109375
141	15.52350830078125	16.2585791015625
142	16.271177978515624	16.179765625
143	16.12984130859375	16.211651611328126
144	16.1734423828125	16.37509033203125
145	15.66556396484375	16.266033935546876
146	16.23957275390625	16.2588720703125
147	15.846627197265626	16.2134326171875
148	16.094996337890624	16.163818359375
149	16.209090576171874	16.261591796875
150	16.207520751953126	16.3422021484375
151	16.432379150390624	16.535797119140625
152	15.7185498046875	16.414454345703124
153	16.16730224609375	16.070123291015626
154	16.066368408203125	16.1190869140625
155	15.806605224609376	16.329293212890626
156	16.064798583984373	16.51099853515625
157	15.751019287109376	16.2041455078125
158	15.915506591796875	16.141761474609375
159	16.003155517578126	16.129217529296874
160	15.650601806640625	16.11735595703125
161	16.01666259765625	16.372890625
162	15.915220947265626	15.9817626953125
163	15.837662353515626	16.273189697265625
164	16.500262451171874	16.120963134765624
165	15.763726806640625	16.295509033203125
166	15.570162353515625	16.159010009765623
167	15.97841064453125	16.05169189453125
168	16.09380615234375	16.210162353515624
169	15.876715087890625	15.979835205078125
170	15.613416748046875	16.159840087890625
171	16.040794677734375	16.293140869140625
172	15.50445556640625	16.385826416015625
173	16.06007568359375	16.08331787109375
174	16.25048828125	16.128648681640627
175	15.79326171875	16.075323486328124
176	15.864515380859375	16.209508056640626
177	15.7570263671875	16.20187255859375
178	16.040029296875	16.17193359375
179	16.008880615234375	16.053070068359375
180	16.223463134765623	16.097667236328125
181	15.97853271484375	16.023751220703126
182	15.76428466796875	16.083583984375
183	16.13169677734375	16.0291357421875
184	16.097783203125	16.03658935546875
185	15.84606201171875	16.303074951171876
186	15.98634521484375	15.945908203125
187	16.015042724609376	16.037476806640626
188	15.587408447265625	15.89302490234375
189	15.93850830078125	16.038427734375
190	16.01813720703125	15.8926904296875
191	16.08803955078125	16.203929443359375
192	15.463670654296875	16.113680419921874
193	16.102315673828127	15.848177490234375
194	15.766875	15.748072509765626
195	15.783994140625	16.190078125
196	16.04181640625	15.9936328125
197	15.89996337890625	16.047921142578126
198	15.946373291015625	16.037232666015626
199	15.517734375	16.0071728515625
200	16.02263916015625	16.063099365234375
201	15.86058349609375	16.058297119140626
202	15.49330322265625	16.01129638671875
203	16.1302734375	16.385577392578124
204	15.551749267578124	15.99583251953125
205	15.823475341796875	15.97876953125
206	15.641270751953124	15.901865234375
207	15.929755859375	16.023668212890627
208	15.868004150390625	15.861376953125
209	15.831239013671874	16.188018798828125
210	15.610440673828125	15.977923583984374
211	16.171751708984374	16.030576171875
212	15.416815185546875	15.973765869140625
213	15.816435546875	15.93194091796875
214	15.379013671875	16.166851806640626
215	15.92455322265625	15.884224853515626
216	15.29495849609375	15.904737548828125
217	15.831539306640625	15.81953369140625
218	15.307664794921875	15.914490966796874
219	15.7939013671875	15.7797705078125
220	15.69342041015625	15.764261474609375
221	15.926810302734374	15.888438720703125
222	15.922579345703125	15.8394580078125
223	15.796358642578125	16.1369482421875
224	15.677269287109375	16.134478759765624
225	15.400308837890625	15.8421630859375
226	15.814930419921875	15.853287353515626
227	15.923009033203124	15.701427001953125
228	15.5099951171875	15.925538330078124
229	15.93089111328125	15.80541259765625
230	15.583837890625	15.939310302734375
231	15.77212646484375	15.740606689453125
232	15.588170166015624	15.701865234375
233	15.766614990234375	15.83553466796875
234	15.841688232421875	15.542427978515626
235	15.555086669921875	15.800003662109376
236	15.334755859375	15.750157470703124
237	16.02	15.69488525390625
238	15.540260009765625	15.750211181640625
239	15.78048583984375	15.85078857421875
240	15.373912353515625	15.93046630859375
241	15.806632080078124	15.757520751953125
242	15.24255859375	16.025592041015624
243	15.72555908203125	15.81839111328125
244	15.43847900390625	15.72667236328125
245	15.862513427734376	15.77603515625
246	15.511292724609374	15.749482421875
247	15.8707568359375	15.52176513671875
248	15.641044921875	15.825955810546875
249	15.517884521484374	15.78747802734375
250	16.057642822265624	15.82274658203125
251	15.899781494140624	15.7307568359375
252	15.29699462890625	16.07852294921875
253	15.8843505859375	16.019979248046877
254	15.839775390625	16.012674560546873
255	15.706585693359376	15.982652587890625
256	15.898787841796874	16.248389892578125
257	15.376103515625	15.8160693359375
258	15.455897216796876	15.82322265625
259	15.529228515625	15.78011474609375
260	15.49271728515625	16.0992431640625
261	15.941529541015624	15.905394287109376
262	15.51961181640625	15.641279296875
263	15.767818603515625	15.643741455078125
264	15.511845703125	15.6167138671875
265	15.536986083984376	15.661492919921875
266	15.93083251953125	15.744996337890624
267	15.69572021484375	15.4731201171875
268	15.550650634765624	15.751961669921876
269	15.681778564453126	15.7118017578125
270	15.51442626953125	15.6956298828125
271	15.479354248046874	15.735152587890624
272	15.374437255859375	15.6512646484375
273	15.422470703125	15.7934765625
274	15.26565673828125	15.6215234375
275	15.657667236328125	15.6226513671875
276	15.203756103515625	15.55132568359375
277	15.58232421875	15.7733251953125
278	15.5822021484375	15.60955078125
279	15.341998291015624	15.739451904296875
280	15.78488525390625	15.673778076171875
281	15.503963623046875	15.68744384765625
282	15.428741455078125	15.7238134765625
283	15.50333740234375	15.663065185546875
284	15.433272705078124	15.608209228515625
285	15.415482177734376	15.60630126953125
286	15.43382080078125	15.50287841796875
