mass_1	mass_2	phase	time	distance	a_1	a_2	tilt_1	tilt_2	phi_12	phi_jl	theta_jn	psi	ra	dec
0.66484	0.59451	0.05235	0.88731	0.25629	0.07913	0.07474	0.02016	0.02881	0.04765	0.06831	0.42582	0.04334	0.46533	0.80283
0.4599	0.76067	0.03484	0.80451	0.35616	0.0906	0.07102	0.02379	0.03437	0.04354	0.06458	0.43357	0.03974	0.45817	0.80322
0.56758	0.76524	0.02734	0.7895	0.22655	0.09772	0.06845	0.03283	0.03072	0.03913	0.05122	0.4287	0.02805	0.46179	0.80115
0.59515	0.73317	0.00875	0.91381	0.16471	0.09114	0.06027	0.03506	0.03456	0.03313	0.04707	0.42845	0.01718	0.69048	0.83024
0.47771	0.5102	0.00517	0.94801	0.16629	0.06903	0.06349	0.04027	0.02991	0.03117	0.02838	0.39911	0.00814	0.6132	0.81703
0.58458	0.42836	0.00121	0.98972	0.18498	0.05715	0.05031	0.02253	0.0279	0.01837	0.01563	0.41918	0.00881	0.50794	0.83777
0.52328	0.39383	0.00433	0.97497	0.17782	0.05062	0.05143	0.03177	0.03184	0.01231	0.01643	0.39995	0.00765	0.72329	0.82612
0.49248	0.35885	0.00091	0.98858	0.20615	0.05143	0.05679	0.02637	0.02949	0.0081	0.0111	0.36821	0.00282	0.61484	0.83439
0.48653	0.3696	0.00096	0.91359	0.22327	0.07707	0.05567	0.02536	0.03	0.00516	0.01104	0.39697	0.0035	0.57933	0.83265
0.58987	0.40024	0.00125	0.963	0.27952	0.03669	0.04924	0.01607	0.02774	0.00611	0.01068	0.4186	0.00164	0.66677	0.82878
0.58254	0.40014	0.00095	0.92371	0.28797	0.05607	0.03941	0.01807	0.02295	0.00151	0.00709	0.41531	0.00319	0.67602	0.8261
0.44059	0.391	0.00093	0.75512	0.22675	0.07793	0.05311	0.02728	0.02708	0.00251	0.0156	0.43345	0.00156	0.67472	0.81667
0.49267	0.34278	0.00059	0.75842	0.26226	0.08842	0.03878	0.02133	0.02175	0.00289	0.00692	0.43555	0.00105	0.70667	0.83158
0.60733	0.41157	0.00164	0.89289	0.30043	0.08285	0.03318	0.01232	0.02736	0.00314	0.0065	0.5061	0.00141	0.66904	0.82558
0.65035	0.43991	0.00328	0.86202	0.27669	0.05265	0.04275	0.01207	0.02422	0.00281	0.01479	0.51428	0.00192	0.69359	0.83145
0.46327	0.42241	0.00075	0.70939	0.21137	0.074	0.04348	0.01852	0.0277	0.00339	0.00588	0.47758	0.00287	0.66881	0.81794
0.58698	0.52632	0.00121	0.70509	0.27122	0.04526	0.03662	0.01992	0.02733	0.00268	0.01392	0.45	0.00353	0.65617	0.83284
0.50923	0.53963	0.00075	0.66095	0.22448	0.05808	0.03105	0.01882	0.02262	0.00164	0.01427	0.4548	0.00158	0.66013	0.81085
0.71266	0.47436	0.00064	0.84394	0.31138	0.05189	0.03728	0.01274	0.0247	0.00082	0.01012	0.47842	0.0008	0.67258	0.8265
0.60622	0.61526	0.00119	0.57239	0.19984	0.03485	0.03105	0.02615	0.03644	0.0009	0.00747	0.49584	0.00423	0.66449	0.80551
0.76436	0.49492	0.00065	0.79802	0.21397	0.04763	0.04028	0.02162	0.03132	0.00332	0.00345	0.53123	0.00429	0.65306	0.81717
0.76819	0.44077	0.00066	0.87301	0.32691	0.05021	0.03048	0.01237	0.0218	0.00113	0.00843	0.53042	0.00076	0.65963	0.82981
0.66793	0.65028	0.00025	0.66736	0.21431	0.0453	0.03251	0.02089	0.04167	0.00095	0.00357	0.46943	0.0014	0.68078	0.83114
0.81041	0.43005	0.0005	0.91111	0.3024	0.04757	0.04058	0.01082	0.0264	0.00107	0.00488	0.59366	0.0029	0.62218	0.82602
0.74627	0.56495	0.00058	0.73039	0.22854	0.04232	0.03077	0.02046	0.03397	0.00117	0.00189	0.58922	0.00102	0.60229	0.82291
0.85098	0.49967	0.00071	0.83589	0.24533	0.08331	0.03481	0.01099	0.03334	0.00127	0.00488	0.48388	0.00141	0.57141	0.83024
0.82181	0.53409	0.00124	0.83705	0.19883	0.07175	0.03516	0.01293	0.03375	0.00102	0.00414	0.51946	0.00139	0.57676	0.816
0.80265	0.5694	0.00074	0.77099	0.21178	0.05822	0.04029	0.01092	0.0305	0.0005	0.00281	0.47027	0.00227	0.53467	0.81602
0.84887	0.53351	0.00079	0.79122	0.22946	0.05663	0.03316	0.01395	0.03788	0.0009	0.02177	0.48665	0.003	0.60587	0.81203
0.83165	0.56111	0.00121	0.78675	0.22549	0.09656	0.04462	0.01103	0.03335	0.00072	0.01562	0.48002	0.00233	0.62237	0.82145
0.70746	0.75471	0.00093	0.61443	0.17317	0.06753	0.03662	0.01462	0.03107	0.0007	0.0112	0.4716	0.00206	0.6091	0.81782
0.7549	0.73203	0.00077	0.58025	0.17767	0.05585	0.03925	0.01835	0.04078	0.00144	0.00678	0.47502	0.00281	0.64096	0.81649
0.87307	0.62277	0.00138	0.72976	0.22507	0.06791	0.04118	0.00885	0.0533	0.00154	0.00688	0.51791	0.00188	0.65324	0.8259
0.82049	0.68792	0.00084	0.67866	0.18046	0.04261	0.02475	0.02071	0.05331	0.00055	0.00871	0.49774	0.00161	0.64381	0.80993
0.67409	0.81314	0.00066	0.67301	0.16682	0.07878	0.04478	0.02635	0.04922	0.00106	0.01271	0.48902	0.00126	0.65602	0.79978
0.7568	0.63174	0.00069	0.70363	0.21807	0.05949	0.04362	0.01888	0.05008	0.00443	0.01193	0.44797	0.00101	0.58139	0.8064
0.87954	0.56995	0.00044	0.71951	0.18712	0.08416	0.03156	0.00836	0.05597	0.00144	0.00417	0.54075	0.00081	0.60927	0.81088
0.88193	0.60669	0.00147	0.7514	0.20209	0.13509	0.04608	0.0058	0.05578	0.00182	0.01017	0.42653	0.00101	0.60774	0.81593
0.80599	0.67857	0.00096	0.66567	0.17173	0.05313	0.04102	0.02116	0.07698	0.00079	0.00721	0.59288	0.00095	0.57557	0.81583
0.82288	0.73399	0.00138	0.64145	0.16705	0.05834	0.03206	0.01848	0.03891	0.00089	0.02726	0.46697	0.0023	0.56628	0.8117
0.82457	0.63706	0.00223	0.69143	0.19453	0.03417	0.03627	0.02761	0.04936	0.00184	0.01701	0.53364	0.00106	0.60558	0.8295
0.89573	0.522	0.00106	0.77265	0.24055	0.08248	0.03621	0.00787	0.04367	0.00068	0.00664	0.53299	0.00105	0.58092	0.82367
0.873	0.68249	0.00159	0.67108	0.19111	0.05725	0.03877	0.01915	0.07703	0.00064	0.01164	0.51787	0.00196	0.59171	0.82428
0.86725	0.76836	0.0005	0.601	0.16529	0.04716	0.04517	0.03227	0.11497	0.00069	0.01589	0.45742	0.00117	0.54727	0.79846
