mass_ratio	chirp_mass	luminosity_distance	dec	ra	theta_jn	psi	phase	a_1	a_2	tilt_1	tilt_2	phi_12	phi_jl	geocent_time
0.28544	0.61397	0.40331	0.86183	0.69702	0.58972	0.38713	0.24765	0.46556	0.46735	0.31396	0.49904	0.33804	0.29946	0.89883
0.42488	0.44158	0.38017	0.77052	0.70275	0.58831	0.40734	0.34001	0.45774	0.46637	0.30435	0.50744	0.27738	0.22349	0.86515
0.3743	0.47749	0.37545	0.80924	0.71427	0.46827	0.40754	0.28896	0.43754	0.45917	0.34925	0.50543	0.39381	0.2084	0.81986
0.3808	0.40662	0.36195	0.76102	0.69617	0.48741	0.42009	0.2513	0.42122	0.45574	0.43345	0.49718	0.25091	0.20965	0.81121
0.39544	0.43617	0.38646	0.7849	0.70643	0.4667	0.39729	0.23752	0.44392	0.42932	0.34314	0.49557	0.22579	0.26247	0.91237
0.36785	0.5189	0.40373	0.80255	0.71049	0.38959	0.37835	0.25468	0.46085	0.43975	0.23682	0.47645	0.24792	0.22705	0.87776
0.4673	0.46069	0.38845	0.82113	0.70382	0.38669	0.37861	0.28538	0.45516	0.45476	0.27793	0.4876	0.2362	0.23927	0.81129
0.39854	0.51532	0.35894	0.80303	0.7094	0.39912	0.39982	0.23342	0.45891	0.44861	0.27309	0.48867	0.25743	0.23772	0.86849
0.41068	0.44609	0.33875	0.84956	0.70023	0.39623	0.40075	0.23581	0.44787	0.43582	0.23804	0.49808	0.29391	0.21262	0.84769
0.43236	0.49224	0.37189	0.87735	0.7157	0.37086	0.38529	0.20559	0.43174	0.44258	0.27758	0.49204	0.23059	0.2009	0.83078
0.26271	0.439	0.35203	0.78801	0.70102	0.45824	0.39829	0.24139	0.43174	0.43991	0.25974	0.49865	0.2189	0.28622	0.85994
0.36666	0.55145	0.36483	0.7976	0.71691	0.38621	0.38585	0.22584	0.44471	0.45004	0.28888	0.46882	0.24045	0.27237	0.79448
0.3082	0.46224	0.37372	0.8507	0.69076	0.36763	0.40812	0.23854	0.44317	0.4186	0.24276	0.48315	0.22867	0.29392	0.86696
0.37388	0.49105	0.40292	0.86624	0.69882	0.48356	0.38355	0.28323	0.44417	0.4374	0.27339	0.50081	0.31985	0.22917	0.81133
0.54657	0.45612	0.39162	0.79884	0.68553	0.44568	0.38995	0.27672	0.45736	0.45236	0.30757	0.49202	0.24486	0.22741	0.80641
0.31714	0.51341	0.38176	0.86095	0.70928	0.49385	0.38974	0.2182	0.42939	0.45038	0.23314	0.46947	0.22261	0.30135	0.87281
0.34874	0.53239	0.39983	0.85515	0.70048	0.38953	0.37231	0.19065	0.45301	0.42308	0.25242	0.48043	0.35906	0.30999	0.84052
0.32594	0.48552	0.36816	0.82618	0.71548	0.38703	0.38568	0.22571	0.4367	0.42133	0.27838	0.48495	0.47717	0.24075	0.90636
0.42187	0.48741	0.38686	0.85979	0.70017	0.38008	0.37317	0.21749	0.45917	0.43991	0.24182	0.4996	0.24441	0.2692	0.88926
0.40065	0.44654	0.40456	0.78969	0.69938	0.41501	0.39164	0.22136	0.44719	0.40996	0.25127	0.46549	0.22527	0.24811	0.86144
0.48419	0.43735	0.35809	0.83362	0.68871	0.44227	0.39947	0.18984	0.4557	0.42301	0.23758	0.48699	0.23411	0.24869	0.83437
0.29018	0.4596	0.35039	0.842	0.70716	0.4191	0.39757	0.23567	0.42582	0.43436	0.30736	0.49006	0.23113	0.21795	0.79391
0.3646	0.41421	0.43554	0.79679	0.68675	0.43939	0.35903	0.2295	0.45268	0.40985	0.2875	0.47579	0.22178	0.2499	0.76734
0.41182	0.45418	0.38867	0.79173	0.71189	0.41299	0.38371	0.22186	0.42323	0.44944	0.32486	0.44657	0.21322	0.23565	0.8373
0.42796	0.50977	0.41666	0.84013	0.7131	0.44569	0.39919	0.20641	0.41568	0.43871	0.27623	0.47001	0.21649	0.24058	0.8417
0.39277	0.44127	0.38657	0.83711	0.69345	0.53873	0.3921	0.204	0.44944	0.4256	0.25341	0.49496	0.21598	0.223	0.81833
0.33403	0.49578	0.38325	0.80897	0.70488	0.52059	0.38884	0.16364	0.42798	0.43335	0.2639	0.49988	0.20168	0.24483	0.86749
0.33394	0.54617	0.40903	0.88064	0.70433	0.4937	0.37853	0.21058	0.43769	0.43225	0.26214	0.49008	0.20674	0.22515	0.87883
0.30166	0.4931	0.43255	0.75278	0.70997	0.48451	0.37788	0.20394	0.43598	0.4443	0.27575	0.48187	0.23786	0.21595	0.86624
0.30978	0.47977	0.38436	0.85865	0.69579	0.45972	0.38337	0.17753	0.43728	0.43119	0.25461	0.47421	0.22553	0.21441	0.86726
0.29442	0.55264	0.38292	0.8058	0.70223	0.44646	0.38152	0.23151	0.43613	0.42268	0.25851	0.46767	0.21727	0.21384	0.83287
0.34753	0.48423	0.38405	0.82646	0.70161	0.46882	0.38631	0.18795	0.43174	0.42262	0.26382	0.49915	0.21977	0.20992	0.85405
0.34725	0.47168	0.40792	0.83135	0.70646	0.45304	0.41483	0.17719	0.4356	0.41925	0.25776	0.4641	0.21447	0.21158	0.84302
0.32982	0.49893	0.38217	0.81163	0.70477	0.47859	0.38121	0.19069	0.44782	0.4026	0.24638	0.46713	0.23073	0.20312	0.86725
0.40953	0.48435	0.32052	0.85075	0.69602	0.44206	0.38807	0.21036	0.40525	0.40318	0.25937	0.48529	0.22397	0.21031	0.81398
0.31803	0.48072	0.42009	0.85953	0.69373	0.44906	0.37519	0.196	0.43178	0.41777	0.24735	0.45156	0.21803	0.19125	0.88139
0.3186	0.49006	0.35597	0.88915	0.70244	0.4697	0.38043	0.19275	0.43372	0.40339	0.23048	0.47298	0.22639	0.18124	0.84285
0.39698	0.5084	0.36422	0.82506	0.69857	0.45432	0.39418	0.19522	0.41361	0.44743	0.20159	0.48525	0.19662	0.22475	0.79248
0.326	0.4937	0.36622	0.84775	0.68427	0.46722	0.38196	0.18157	0.43096	0.4191	0.26666	0.47655	0.20647	0.20161	0.79887
0.29035	0.47929	0.35658	0.87833	0.69957	0.47969	0.38518	0.18209	0.43158	0.41758	0.33802	0.46203	0.21482	0.19418	0.8701
0.37424	0.498	0.3873	0.88463	0.70368	0.4555	0.36807	0.19942	0.4395	0.43143	0.25454	0.46722	0.2203	0.19063	0.84363
0.29866	0.52097	0.40306	0.84651	0.68804	0.44362	0.36922	0.18595	0.43879	0.43802	0.24616	0.44265	0.21538	0.20667	0.80334
0.29413	0.50981	0.31572	0.82832	0.70028	0.45211	0.38174	0.20599	0.43972	0.39698	0.28156	0.47938	0.20082	0.18997	0.84934
0.32092	0.48204	0.35719	0.8293	0.70446	0.46681	0.36277	0.17174	0.42811	0.40515	0.25961	0.46118	0.20031	0.20787	0.78764
0.27966	0.48352	0.413	0.86359	0.69824	0.44997	0.38397	0.20355	0.41006	0.41725	0.26261	0.48286	0.20308	0.18481	0.84277
0.29636	0.49131	0.39964	0.8336	0.69758	0.45334	0.38195	0.17864	0.44188	0.40118	0.24914	0.4568	0.22621	0.17946	0.86541
0.32081	0.49348	0.39413	0.84219	0.70033	0.47464	0.35386	0.21557	0.41866	0.40372	0.2809	0.4943	0.1994	0.18495	0.86309
0.37669	0.48699	0.39051	0.85175	0.70356	0.43639	0.37233	0.20961	0.43051	0.42327	0.25619	0.46918	0.194	0.20632	0.84584
0.3465	0.5019	0.38312	0.84012	0.69717	0.44439	0.35618	0.20443	0.42609	0.42582	0.26303	0.46962	0.21671	0.20744	0.83681
0.34015	0.48664	0.39516	0.80048	0.69781	0.45097	0.37514	0.1759	0.41962	0.39721	0.24139	0.50028	0.1985	0.18517	0.82961
0.36884	0.47956	0.38813	0.90512	0.70817	0.46863	0.35637	0.20173	0.42441	0.41346	0.2316	0.44245	0.19387	0.21942	0.8407
0.3382	0.48733	0.42678	0.8444	0.70777	0.48046	0.35781	0.184	0.44222	0.41707	0.21425	0.46153	0.22085	0.20287	0.81378
0.3303	0.48312	0.39791	0.86012	0.69855	0.45063	0.36288	0.16858	0.43067	0.4017	0.27085	0.46572	0.18859	0.19604	0.85939
0.23193	0.48045	0.40417	0.78814	0.67793	0.45435	0.35455	0.20289	0.41605	0.42173	0.2628	0.47093	0.2157	0.18341	0.88451
0.44662	0.47148	0.403	0.86015	0.70214	0.476	0.36879	0.1897	0.40176	0.43563	0.26587	0.44738	0.20016	0.17547	0.84511
0.34175	0.48447	0.39313	0.83581	0.68571	0.464	0.37567	0.15959	0.41963	0.4049	0.25389	0.45145	0.19939	0.18799	0.85888
0.35995	0.47462	0.40749	0.81916	0.69179	0.46799	0.34603	0.18175	0.42497	0.39266	0.25597	0.4779	0.20579	0.20528	0.79514
0.35768	0.47293	0.41912	0.89096	0.69004	0.4773	0.35523	0.17771	0.41554	0.41628	0.23893	0.44447	0.21025	0.18283	0.87587
0.41165	0.44974	0.39324	0.84734	0.67712	0.46271	0.36969	0.16609	0.42904	0.38778	0.25937	0.4734	0.2012	0.18715	0.84395
0.33914	0.47689	0.39688	0.84446	0.69053	0.44791	0.36656	0.16935	0.43134	0.40687	0.24414	0.46714	0.21248	0.2054	0.84603
0.39167	0.48085	0.41516	0.84845	0.68177	0.47397	0.35497	0.17878	0.41619	0.40665	0.24014	0.44753	0.21718	0.1755	0.85873
0.33059	0.47143	0.39048	0.79016	0.69049	0.45463	0.37017	0.16462	0.42324	0.3936	0.22666	0.46503	0.22163	0.17861	0.86565
0.39731	0.46883	0.40857	0.86035	0.69782	0.41609	0.36567	0.18963	0.41548	0.39572	0.24975	0.46179	0.20009	0.19265	0.8502
0.33233	0.41881	0.3952	0.87733	0.71335	0.46784	0.36005	0.1801	0.40682	0.40479	0.25347	0.4695	0.21341	0.16916	0.81158
0.37491	0.49394	0.3798	0.82674	0.67736	0.48592	0.35265	0.20053	0.42306	0.41163	0.24415	0.44927	0.19477	0.1957	0.83202
0.34354	0.44881	0.42275	0.84977	0.68932	0.45029	0.35786	0.19339	0.41512	0.41933	0.26791	0.4609	0.15731	0.16915	0.86006
0.41532	0.45421	0.40448	0.83989	0.68098	0.47221	0.36757	0.18068	0.41553	0.41426	0.19675	0.46568	0.20347	0.1802	0.84868
0.43259	0.40174	0.41277	0.86295	0.68782	0.46416	0.34906	0.16996	0.41071	0.40215	0.39331	0.45801	0.17847	0.17199	0.78503
0.37059	0.45177	0.39031	0.84123	0.67464	0.43298	0.33594	0.17644	0.42714	0.4156	0.27509	0.47277	0.20148	0.18569	0.83761
0.35115	0.46195	0.36754	0.85507	0.69786	0.44076	0.37451	0.1803	0.41647	0.41069	0.24758	0.44645	0.2069	0.17872	0.84511
0.3993	0.46717	0.37136	0.90849	0.68432	0.44051	0.34646	0.2019	0.41166	0.40466	0.23577	0.45742	0.21854	0.18461	0.83036
0.37918	0.48313	0.34279	0.81139	0.67626	0.44333	0.33713	0.16853	0.39909	0.39552	0.19427	0.45342	0.21502	0.17067	0.83402
0.31344	0.45098	0.37268	0.78046	0.69815	0.45012	0.35232	0.17415	0.39522	0.3999	0.23265	0.44399	0.2035	0.1653	0.80039
0.33701	0.4457	0.38312	0.8185	0.68405	0.45637	0.35866	0.17979	0.40582	0.40369	0.22927	0.45423	0.20597	0.19017	0.86179
0.39555	0.46292	0.39484	0.80422	0.6818	0.42171	0.36102	0.17188	0.41016	0.40704	0.23162	0.4511	0.20739	0.17584	0.81844
0.28317	0.37387	0.37553	0.82273	0.70828	0.47544	0.3619	0.16112	0.39167	0.41134	0.22982	0.47626	0.19682	0.18176	0.83196
0.29553	0.42439	0.34746	0.85225	0.68419	0.46432	0.35472	0.15235	0.41151	0.39809	0.21387	0.44882	0.19102	0.18443	0.85417
0.35511	0.47141	0.36484	0.83886	0.67137	0.45432	0.35196	0.18999	0.40659	0.40031	0.22823	0.4495	0.17002	0.21976	0.82955
0.2886	0.43241	0.37047	0.76481	0.69467	0.45486	0.35041	0.18249	0.41585	0.39791	0.21304	0.46274	0.18252	0.1853	0.78806
0.29811	0.49412	0.35982	0.83727	0.70602	0.43857	0.36366	0.17684	0.41262	0.38159	0.22531	0.44809	0.20719	0.17955	0.84492
0.30162	0.61186	0.40453	0.83171	0.67154	0.45579	0.36026	0.18739	0.3981	0.42064	0.21333	0.45248	0.17877	0.21071	0.86709
0.39285	0.46581	0.37706	0.87073	0.70313	0.4622	0.34749	0.17126	0.42553	0.39705	0.22077	0.41306	0.17961	0.21409	0.83435
0.385	0.50641	0.38629	0.86084	0.68839	0.45073	0.36282	0.25354	0.39646	0.40193	0.23472	0.43623	0.18626	0.24979	0.84239
0.39317	0.47058	0.35684	0.84419	0.69152	0.42616	0.35295	0.25608	0.38905	0.39111	0.24298	0.45461	0.16278	0.20344	0.77139
0.42985	0.45239	0.38091	0.85629	0.69044	0.44944	0.34077	0.27477	0.43436	0.39789	0.23819	0.43659	0.19646	0.21788	0.88692
0.37984	0.46748	0.39486	0.80083	0.68848	0.47216	0.35922	0.2582	0.42055	0.40737	0.22549	0.45159	0.21439	0.19214	0.85717
0.34393	0.45259	0.40034	0.84092	0.6726	0.466	0.36733	0.24107	0.41555	0.39501	0.22901	0.44043	0.17275	0.21207	0.84428
0.46951	0.4628	0.39254	0.83909	0.70441	0.41492	0.3238	0.2536	0.42958	0.38021	0.23374	0.44643	0.19571	0.20601	0.86018
0.35354	0.45517	0.39149	0.81433	0.69036	0.53591	0.36105	0.22334	0.41234	0.40424	0.19744	0.45139	0.20076	0.17947	0.88869
0.34186	0.45362	0.39232	0.89084	0.68064	0.54811	0.35251	0.22847	0.41972	0.38387	0.2414	0.41315	0.19348	0.16132	0.84837
0.36259	0.45823	0.38901	0.83714	0.68152	0.51302	0.31498	0.22675	0.4102	0.39326	0.25346	0.42591	0.19111	0.16146	0.83675
0.32231	0.44198	0.39549	0.83042	0.67326	0.53764	0.34067	0.22646	0.39641	0.36781	0.24322	0.42918	0.19837	0.18552	0.76695
0.36908	0.49023	0.3901	0.83919	0.6701	0.55905	0.32712	0.22691	0.38479	0.37916	0.19722	0.42718	0.19773	0.22852	0.87213
0.34925	0.46292	0.39855	0.81789	0.68298	0.55158	0.34974	0.25659	0.3862	0.38552	0.22497	0.45174	0.18912	0.28035	0.82559
0.31823	0.4612	0.38663	0.82559	0.67851	0.52327	0.33917	0.27447	0.41975	0.39134	0.25111	0.42996	0.18347	0.19033	0.82437
0.34829	0.48645	0.36745	0.84535	0.68069	0.52301	0.33775	0.26488	0.40149	0.39372	0.25311	0.4583	0.17265	0.22043	0.7859
0.37077	0.49058	0.4262	0.8242	0.68964	0.5016	0.34342	0.20286	0.41087	0.39768	0.25636	0.451	0.18273	0.21094	0.84941
0.33275	0.49931	0.3823	0.88183	0.66442	0.5262	0.32762	0.26102	0.42008	0.38015	0.24732	0.42781	0.18109	0.34995	0.83388
0.31208	0.52949	0.3907	0.98715	0.68869	0.51303	0.34427	0.53436	0.39748	0.38179	0.26856	0.44727	0.18461	0.38571	0.80776
0.34437	0.57551	0.3925	0.8793	0.67413	0.51562	0.3278	0.18241	0.41047	0.37928	0.26165	0.43284	0.19168	0.39038	0.84532
0.29057	0.56234	0.38484	0.86796	0.68308	0.50912	0.32992	0.16556	0.42282	0.40084	0.26724	0.41341	0.1829	0.37033	0.8484
0.31634	0.53353	0.38358	0.83938	0.69242	0.50308	0.34103	0.33811	0.42408	0.37801	0.24402	0.41156	0.22991	0.36758	0.84377
0.32751	0.52372	0.3786	0.83395	0.68054	0.52335	0.34464	0.15887	0.4023	0.3875	0.26087	0.44798	0.16855	0.34965	0.81532
0.32136	0.47391	0.39016	0.85708	0.70314	0.51975	0.34037	0.21174	0.41505	0.40552	0.23173	0.43755	0.1824	0.28914	0.85749
0.47483	0.41653	0.39376	0.86315	0.69041	0.40699	0.3508	0.16093	0.38164	0.39517	0.25815	0.42526	0.2835	0.1794	0.86831
0.25005	0.43469	0.38373	0.86417	0.67649	0.47931	0.33274	0.15135	0.40772	0.37555	0.24081	0.45091	0.25055	0.23141	0.79037
0.41432	0.37521	0.39536	0.86409	0.69135	0.3833	0.31973	0.30114	0.43131	0.39722	0.20899	0.43742	0.1835	0.50571	0.85254
0.32227	0.51984	0.37927	0.81273	0.67557	0.51225	0.34115	0.29413	0.39187	0.39336	0.23961	0.44751	0.25248	0.17258	0.874
0.30575	0.47025	0.40251	0.83557	0.67937	0.4958	0.31829	0.24612	0.40277	0.39336	0.24073	0.43397	0.21828	0.3341	0.88516
0.24576	0.44305	0.41186	0.82832	0.6827	0.51075	0.34681	0.29286	0.41061	0.40648	0.24483	0.45019	0.21073	0.34466	0.86673
0.28497	0.4201	0.39439	0.83076	0.68373	0.45649	0.34123	0.33631	0.39725	0.40772	0.24336	0.42501	0.18219	0.3371	0.8837
0.27976	0.433	0.39711	0.84356	0.68588	0.43197	0.34089	0.30703	0.40197	0.38603	0.23556	0.43753	0.22972	0.37358	0.86741
0.29361	0.40063	0.3864	0.83844	0.68171	0.42437	0.3417	0.249	0.43932	0.36841	0.22428	0.43914	0.18405	0.33665	0.87119
0.27935	0.37648	0.38761	0.8124	0.68525	0.41589	0.31854	0.25881	0.39603	0.37923	0.24136	0.44828	0.19717	0.33515	0.79754
0.25293	0.42124	0.37333	0.8306	0.71021	0.47709	0.35285	0.23933	0.44198	0.3908	0.20788	0.42314	0.18422	0.23687	0.80242
0.41873	0.40839	0.3943	0.82782	0.66957	0.4446	0.35427	0.17526	0.40581	0.37242	0.22381	0.43181	0.18248	0.21932	0.87355
0.34894	0.41845	0.40372	0.81598	0.69335	0.46975	0.33028	0.20265	0.41077	0.36414	0.23651	0.4546	0.17006	0.2449	0.86758
0.32414	0.43153	0.38758	0.8685	0.68384	0.418	0.34475	0.21378	0.39694	0.39453	0.24598	0.42801	0.19129	0.19334	0.85439
0.34488	0.42908	0.36802	0.84656	0.66606	0.46065	0.31997	0.22326	0.39618	0.37803	0.22327	0.44212	0.20068	0.33347	0.89402
0.276	0.36087	0.3641	0.82605	0.68464	0.44024	0.3426	0.23776	0.39262	0.41153	0.22851	0.42131	0.18156	0.35489	0.86638
0.35598	0.40752	0.38748	0.83672	0.66541	0.4633	0.32884	0.16979	0.39745	0.38209	0.20623	0.44206	0.21048	0.30926	0.79363
0.25725	0.4545	0.36412	0.81631	0.65394	0.42463	0.3261	0.17683	0.4008	0.37326	0.20914	0.42359	0.21815	0.29815	0.84158
0.28713	0.5168	0.39632	0.87352	0.6645	0.43675	0.33417	0.20206	0.3992	0.40114	0.20395	0.42562	0.20048	0.1777	0.88291
0.27608	0.48923	0.39006	0.85176	0.68894	0.48368	0.32217	0.2444	0.41017	0.35495	0.2014	0.43613	0.18577	0.33049	0.87
0.2814	0.48347	0.41287	0.84717	0.67838	0.41954	0.32725	0.17273	0.39872	0.38679	0.21184	0.43814	0.19726	0.32218	0.87132
0.31365	0.44563	0.38854	0.83688	0.67477	0.44843	0.30933	0.16534	0.40405	0.38404	0.21566	0.43516	0.18032	0.35181	0.8614
0.29897	0.42918	0.36681	0.86861	0.66423	0.4175	0.32769	0.18997	0.39484	0.36781	0.19858	0.42868	0.19089	0.34072	0.9011
0.31539	0.46532	0.36616	0.8562	0.6932	0.47761	0.33374	0.20841	0.37045	0.38169	0.2093	0.43105	0.19525	0.33082	0.79736
0.32355	0.4919	0.3669	0.83419	0.67681	0.44629	0.31862	0.19305	0.40283	0.40049	0.20249	0.43181	0.17389	0.34961	0.83189
0.27617	0.42543	0.39944	0.83883	0.68099	0.41857	0.33402	0.14767	0.40149	0.37863	0.17803	0.41952	0.17719	0.31849	0.85165
0.28268	0.52937	0.40766	0.84722	0.68	0.4516	0.31548	0.38585	0.40935	0.36977	0.22741	0.42031	0.20111	0.32942	0.83223
0.28171	0.44256	0.37689	0.85211	0.68134	0.42475	0.33339	0.36149	0.38793	0.35347	0.22935	0.43762	0.17996	0.33318	0.81069
0.27309	0.44186	0.38438	0.81688	0.69448	0.43963	0.32946	0.3635	0.37865	0.36375	0.2006	0.42328	0.17305	0.3091	0.79821
0.28416	0.47517	0.39789	0.83541	0.6661	0.44002	0.32692	0.37539	0.38563	0.38304	0.1879	0.41721	0.17339	0.25283	0.84056
0.39238	0.46272	0.39843	0.83805	0.66491	0.45603	0.31506	0.36365	0.39371	0.36887	0.18739	0.43176	0.18618	0.26446	0.86574
0.24723	0.48381	0.38326	0.81608	0.65936	0.41127	0.3219	0.35755	0.39909	0.36521	0.1972	0.43938	0.17253	0.23047	0.84856
0.22919	0.50822	0.38308	0.8505	0.67722	0.44779	0.31931	0.34232	0.39529	0.36684	0.19497	0.42917	0.20167	0.30319	0.84641
0.30295	0.50146	0.39166	0.82998	0.69012	0.47194	0.32091	0.34822	0.37339	0.37668	0.20098	0.42704	0.19886	0.28536	0.84984
0.24612	0.48108	0.37401	0.85043	0.6672	0.44509	0.32241	0.32928	0.38502	0.38039	0.1819	0.42837	0.18447	0.19047	0.85754
0.33354	0.4542	0.38048	0.85303	0.66813	0.46144	0.31401	0.33319	0.39706	0.3449	0.19246	0.42231	0.18431	0.18103	0.89371
0.32647	0.41077	0.39239	0.80183	0.66214	0.43796	0.31089	0.34992	0.39561	0.37232	0.18025	0.41876	0.18828	0.3195	0.80428
0.27634	0.34558	0.38797	0.85244	0.67877	0.45517	0.32123	0.33383	0.38258	0.36493	0.18513	0.45304	0.18558	0.3378	0.8267
0.31637	0.55731	0.38485	0.81372	0.68712	0.50554	0.31523	0.33345	0.39136	0.3894	0.21297	0.42863	0.18218	0.32144	0.79619
0.33169	0.43002	0.36486	0.84922	0.67999	0.50393	0.32574	0.32627	0.38381	0.35218	0.19417	0.43787	0.16943	0.32448	0.78018
0.25617	0.42728	0.39516	0.86031	0.67113	0.44773	0.30068	0.32823	0.38384	0.37867	0.18015	0.42671	0.18276	0.31465	0.86111
0.3286	0.50777	0.38305	0.82945	0.67564	0.45762	0.31077	0.3401	0.3901	0.37101	0.18704	0.44473	0.18627	0.31401	0.8012
0.30099	0.45501	0.40549	0.81005	0.66535	0.46874	0.32594	0.33532	0.40122	0.36841	0.20408	0.424	0.16925	0.31049	0.80913
0.24363	0.44997	0.38968	0.7905	0.67451	0.43857	0.33037	0.3346	0.40145	0.35107	0.19898	0.41767	0.17339	0.32511	0.85691
0.31883	0.44077	0.37354	0.86747	0.66899	0.44327	0.3072	0.32865	0.39155	0.35595	0.19454	0.41471	0.18196	0.30549	0.8024
0.29166	0.52486	0.39321	0.81745	0.66986	0.47257	0.30643	0.31593	0.39343	0.37082	0.19551	0.44726	0.17432	0.3088	0.78312
0.27577	0.44876	0.34918	0.84573	0.66446	0.44414	0.31665	0.31973	0.38193	0.36998	0.21203	0.43474	0.19697	0.31723	0.767
0.30756	0.43375	0.37534	0.84876	0.67828	0.42372	0.29456	0.31439	0.36974	0.36193	0.21764	0.40525	0.1901	0.31458	0.85737
0.26207	0.4568	0.37065	0.82947	0.65892	0.49142	0.33131	0.3271	0.39033	0.36398	0.18052	0.42439	0.17592	0.307	0.81806
0.32708	0.45807	0.35134	0.82419	0.66516	0.52226	0.29317	0.29313	0.38729	0.36573	0.19281	0.41894	0.17817	0.31262	0.80198
0.26533	0.43946	0.3227	0.84564	0.67386	0.44489	0.32761	0.30055	0.37543	0.37021	0.20988	0.4373	0.1827	0.33021	0.82544
0.28709	0.50207	0.34317	0.81227	0.67278	0.49118	0.3202	0.2897	0.3863	0.35928	0.20996	0.39702	0.16129	0.30164	0.81356
0.35226	0.66648	0.34841	0.82784	0.67656	0.4321	0.31968	0.32492	0.37838	0.39242	0.19355	0.40566	0.19407	0.31662	0.98834
0.26517	0.43213	0.34368	0.8373	0.6817	0.44013	0.30334	0.27116	0.38841	0.3886	0.18429	0.39712	0.19409	0.29721	0.84038
0.26974	0.45489	0.35244	0.82064	0.67769	0.47006	0.27291	0.2974	0.37538	0.35927	0.17532	0.40461	0.17936	0.29566	0.81639
0.29995	0.4447	0.34508	0.81549	0.68778	0.41126	0.30531	0.29977	0.39155	0.36663	0.20362	0.39892	0.17627	0.29319	0.82328
0.28332	0.55156	0.37144	0.82443	0.68979	0.52824	0.30869	0.29767	0.38164	0.35447	0.19869	0.42392	0.16764	0.30275	0.8531
0.29615	0.5591	0.35525	0.85716	0.65668	0.5261	0.29296	0.27957	0.37608	0.33834	0.2084	0.4321	0.17382	0.29124	0.87211
0.26758	0.53805	0.34628	0.8491	0.68339	0.52346	0.3023	0.29153	0.38087	0.36459	0.19874	0.41086	0.16687	0.29729	0.81424
0.31998	0.55645	0.3967	0.81717	0.67787	0.52666	0.29996	0.30233	0.38186	0.37195	0.1991	0.42164	0.17805	0.30572	0.81676
0.24763	0.52262	0.3997	0.85562	0.68017	0.48896	0.3009	0.28128	0.35873	0.35972	0.19718	0.40797	0.19117	0.30837	0.90127
0.2847	0.50946	0.3996	1.00563	0.6599	0.52264	0.30265	0.29448	0.35271	0.37629	0.18038	0.39423	0.17943	0.30018	0.85082
0.29526	0.54277	0.37207	0.77166	0.65687	0.46793	0.31547	0.27229	0.37988	0.34433	0.17727	0.40526	0.1864	0.29143	0.83215
0.3562	0.52391	0.36231	0.83182	0.66636	0.43616	0.31122	0.28423	0.3689	0.37975	0.19301	0.41719	0.1805	0.30096	0.80592
0.29822	0.51909	0.35561	0.82404	0.66002	0.47634	0.29716	0.28802	0.37132	0.35272	0.18585	0.39425	0.17787	0.28668	0.84862
0.32966	0.50378	0.40224	0.77048	0.66238	0.51524	0.30285	0.28633	0.37653	0.36058	0.19276	0.43355	0.18488	0.28324	0.83649
0.28327	0.50873	0.36085	0.80012	0.67979	0.50862	0.30849	0.26211	0.37998	0.34074	0.21028	0.42431	0.15958	0.29436	0.78571
0.28765	0.4882	0.38009	0.77139	0.68604	0.50646	0.2954	0.2753	0.37577	0.37728	0.18081	0.40797	0.19534	0.29062	0.88934
0.35278	0.48392	0.35828	0.85725	0.67052	0.45538	0.28531	0.30142	0.3837	0.36051	0.18869	0.41334	0.16057	0.27662	0.86662
0.37154	0.48225	0.39119	0.86033	0.68619	0.45248	0.30952	0.28766	0.39728	0.35549	0.17482	0.40664	0.17836	0.29127	0.81705
0.25527	0.46647	0.37712	0.78824	0.66749	0.46041	0.32049	0.28068	0.36287	0.36957	0.17358	0.39495	0.18935	0.30904	0.84502
0.31539	0.46233	0.38801	0.71744	0.68066	0.43212	0.29225	0.27846	0.38421	0.35875	0.16368	0.41764	0.16672	0.28714	0.88147
0.27842	0.46362	0.33211	0.80293	0.66648	0.45682	0.29821	0.28218	0.36626	0.35004	0.18417	0.41152	0.1441	0.28708	0.79384
0.39987	0.43442	0.3621	0.85039	0.66996	0.46351	0.29259	0.27672	0.36621	0.3301	0.17782	0.40619	0.19281	0.28752	0.86325
0.30538	0.47528	0.32082	0.84227	0.6628	0.43898	0.3071	0.25949	0.3885	0.3362	0.17196	0.39925	0.1825	0.27093	0.80786
0.30796	0.47498	0.37499	0.77807	0.66514	0.52316	0.29479	0.2933	0.39003	0.35285	0.17546	0.41223	0.17417	0.2907	0.80663
0.25799	0.47453	0.37435	0.80725	0.65417	0.48751	0.29697	0.27453	0.36772	0.3377	0.17097	0.40222	0.16682	0.28263	0.82087
0.26811	0.45082	0.40252	0.83016	0.66657	0.51061	0.30115	0.27729	0.36004	0.3598	0.15426	0.41338	0.18054	0.26662	0.86913
0.24287	0.46857	0.40085	0.75356	0.66893	0.5032	0.29973	0.27161	0.35998	0.3615	0.18845	0.41065	0.18956	0.26909	0.84843
0.30374	0.47042	0.38204	0.76474	0.66286	0.44843	0.29903	0.29618	0.37009	0.35473	0.21377	0.42155	0.16461	0.2867	0.88028
0.2759	0.46586	0.34231	0.67768	0.6673	0.53515	0.28756	0.28072	0.37216	0.35522	0.19185	0.40142	0.17318	0.28868	0.85284
0.3004	0.46273	0.34644	0.88025	0.66761	0.48528	0.29539	0.27766	0.38126	0.35148	0.1949	0.3975	0.17946	0.2859	0.83742
0.39507	0.46545	0.34594	0.9083	0.66896	0.47785	0.28507	0.27162	0.36624	0.34368	0.19646	0.39584	0.18572	0.30169	0.81748
0.30522	0.43394	0.69828	0.70002	0.67563	0.45013	0.29514	0.26592	0.36546	0.36658	0.19812	0.40971	0.17273	0.27482	0.80393
0.26198	0.45232	0.5282	0.84746	0.6679	0.45147	0.2613	0.26314	0.34121	0.34497	0.21811	0.38643	0.17438	0.26287	0.8281
0.24911	0.43624	0.49029	0.9287	0.67368	0.4619	0.31172	0.26859	0.37492	0.36017	0.19601	0.41372	0.17591	0.28969	0.84255
0.35098	0.45798	0.34452	0.74682	0.66441	0.44203	0.31155	0.2786	0.36163	0.35499	0.19084	0.41431	0.17046	0.28868	0.87087
0.28371	0.44766	0.39891	0.72388	0.67367	0.41145	0.29253	0.24536	0.36624	0.34672	0.20271	0.37276	0.16726	0.28539	0.83958
0.31399	0.44071	0.39875	0.82642	0.66388	0.50499	0.2798	0.25578	0.36697	0.37377	0.22183	0.42249	0.16566	0.28281	0.85399
0.32699	0.46569	0.37924	0.77702	0.65899	0.45968	0.28725	0.25875	0.38431	0.35048	0.19166	0.40068	0.16399	0.29631	0.85814
0.25821	0.46326	0.39051	0.77783	0.65131	0.44432	0.29248	0.26124	0.37637	0.32239	0.19465	0.3898	0.18178	0.30664	0.86713
0.21513	0.45762	0.37817	0.80649	0.63722	0.51016	0.30529	0.26701	0.35841	0.3529	0.1959	0.41116	0.15412	0.28804	0.81755
0.29875	0.46696	0.40398	0.82431	0.65695	0.51581	0.27187	0.25005	0.35435	0.33611	0.18488	0.39812	0.19469	0.25979	0.83214
0.22755	0.47377	0.39925	0.77369	0.63927	0.49893	0.278	0.25581	0.37849	0.33776	0.19146	0.40302	0.16998	0.27902	0.81874
0.27597	0.46872	0.38843	0.72528	0.6464	0.49211	0.28696	0.27053	0.357	0.34475	0.18434	0.40525	0.16754	0.29513	0.85366
0.29079	0.47897	0.36843	0.8817	0.65615	0.5033	0.28918	0.26497	0.3755	0.34583	0.20347	0.41512	0.18395	0.28611	0.79275
0.28029	0.46628	0.37872	0.76408	0.66504	0.52712	0.29026	0.24889	0.36277	0.34033	0.1587	0.38765	0.1742	0.27724	0.84729
0.23908	0.44089	0.35572	0.6925	0.68799	0.52889	0.29026	0.25767	0.3434	0.35365	0.17283	0.3959	0.18082	0.27284	0.82624
0.27815	0.4358	0.36104	0.85738	0.65837	0.53461	0.28618	0.24477	0.38317	0.35162	0.19687	0.40755	0.16539	0.27396	0.83516
0.25994	0.42872	0.35208	0.80964	0.65319	0.48476	0.31434	0.26802	0.37403	0.35288	0.16172	0.39671	0.16066	0.27471	0.81828
0.35538	0.44712	0.39549	0.78626	0.65879	0.48657	0.28352	0.27519	0.36869	0.36945	0.17451	0.39157	0.18106	0.28004	0.78442
0.24004	0.44836	0.37408	0.80865	0.66585	0.48764	0.28108	0.24491	0.36663	0.35963	0.20568	0.38106	0.15204	0.28102	0.79866
0.30907	0.44641	0.37805	0.81149	0.67094	0.49679	0.29954	0.25721	0.35962	0.33951	0.1999	0.40646	0.18864	0.2896	0.84783
0.29097	0.43122	0.3961	0.87008	0.65914	0.51741	0.29926	0.17352	0.34727	0.33318	0.18567	0.40595	0.16953	0.2909	0.83896
0.24419	0.45242	0.35699	0.80388	0.65108	0.4915	0.28481	0.22912	0.38126	0.34963	0.18568	0.39969	0.17098	0.28676	0.84498
0.29043	0.4925	0.36693	0.78904	0.67376	0.48848	0.27448	0.22314	0.37553	0.33743	0.17696	0.38353	0.1717	0.2695	0.82411
0.27678	0.51073	0.35702	0.8734	0.67617	0.49622	0.28348	0.21455	0.36718	0.34806	0.18502	0.40634	0.19199	0.27555	0.83468
0.30694	0.47802	0.39815	0.83341	0.67967	0.46633	0.27089	0.26201	0.36037	0.35	0.19935	0.39345	0.17167	0.27476	0.8282
0.29323	0.44224	0.35056	0.80538	0.6583	0.47339	0.29493	0.2582	0.37884	0.3399	0.1694	0.41368	0.16505	0.2718	0.81441
0.26722	0.44714	0.38063	0.86581	0.64737	0.47818	0.29557	0.23424	0.35367	0.34287	0.19139	0.39858	0.16072	0.26693	0.84036
0.28343	0.44631	0.35491	0.76111	0.66785	0.45612	0.30595	0.25041	0.38437	0.3523	0.20287	0.41187	0.16574	0.25615	0.82335
0.25175	0.49137	0.35207	0.81014	0.63858	0.45308	0.28932	0.2736	0.36928	0.3341	0.19168	0.39908	0.15774	0.27554	0.84927
0.29598	0.45859	0.37681	0.86246	0.65358	0.43124	0.27933	0.24522	0.35178	0.34149	0.20465	0.40488	0.18265	0.27635	0.84632
0.30395	0.44525	0.35268	0.80158	0.6715	0.42024	0.27672	0.25658	0.38293	0.33241	0.1887	0.39469	0.15956	0.2785	0.81082
0.28171	0.40334	0.36109	0.85026	0.6481	0.47835	0.31533	0.24698	0.37946	0.34058	0.17855	0.38744	0.19809	0.28634	0.85121
0.30311	0.44994	0.36399	0.76034	0.65163	0.48367	0.27834	0.25025	0.33974	0.35549	0.20313	0.39824	0.16789	0.27971	0.82293
0.38134	0.43973	0.3206	0.87605	0.65963	0.49064	0.28423	0.27053	0.36146	0.34939	0.18643	0.38975	0.18306	0.25257	0.85116
0.23683	0.41099	0.34888	0.85047	0.66805	0.48819	0.28731	0.25028	0.36668	0.35248	0.20189	0.3888	0.17198	0.27518	0.78781
0.29435	0.41843	0.31598	0.86819	0.66391	0.49035	0.28859	0.23081	0.37329	0.33721	0.18391	0.4163	0.18364	0.27845	0.81148
0.37482	0.43118	0.33162	0.81781	0.65914	0.48693	0.28254	0.25944	0.34626	0.32053	0.19409	0.38884	0.17043	0.26434	0.82601
0.24254	0.43529	0.32665	0.87539	0.65812	0.47243	0.27426	0.26226	0.35848	0.32154	0.18151	0.41161	0.17882	0.25685	0.84774
0.29829	0.42605	0.34132	0.82567	0.6709	0.49076	0.28971	0.21993	0.36798	0.35469	0.1828	0.37666	0.16682	0.27359	0.79943
0.36124	0.48192	0.31012	0.79126	0.64175	0.48097	0.29955	0.25083	0.37988	0.34998	0.17126	0.40961	0.16557	0.29453	0.83351
0.22586	0.43269	0.31216	0.84464	0.66823	0.48279	0.28849	0.22702	0.36625	0.32767	0.17785	0.40784	0.18814	0.2914	0.79176
0.36043	0.42879	0.36043	0.88219	0.66886	0.45163	0.27936	0.25264	0.37717	0.34733	0.17907	0.39385	0.17399	0.26937	0.827
0.22884	0.42943	0.36832	0.8828	0.66275	0.47893	0.29017	0.24733	0.37402	0.35163	0.1547	0.40323	0.17107	0.2693	0.8497
0.3461	0.43565	0.31967	0.82063	0.677	0.46005	0.27611	0.24696	0.34735	0.33562	0.17347	0.38008	0.18598	0.26096	0.85773
0.23408	0.41273	0.32964	0.82759	0.6627	0.47597	0.29192	0.22977	0.36429	0.32972	0.15946	0.39646	0.16275	0.25957	0.84102
0.26745	0.43072	0.32292	0.8527	0.67225	0.45896	0.28442	0.18445	0.35855	0.36412	0.15888	0.4012	0.1423	0.27033	0.8346
0.35509	0.44434	0.33354	0.835	0.66409	0.44793	0.28425	0.22653	0.37136	0.34154	0.18282	0.37324	0.23468	0.25113	0.85543
0.27135	0.43231	0.34767	0.80212	0.64961	0.45984	0.27924	0.24551	0.36722	0.35676	0.17077	0.42236	0.17163	0.26483	0.80999
0.28557	0.48515	0.34342	0.84246	0.65486	0.49865	0.26511	0.25816	0.36572	0.34394	0.19005	0.39847	0.16792	0.28846	0.84448
0.31039	0.43718	0.35841	0.79203	0.65022	0.48231	0.29237	0.19931	0.37133	0.32171	0.18601	0.40986	0.15409	0.26087	0.88632
0.301	0.43365	0.34615	0.90683	0.65211	0.44518	0.27016	0.23188	0.37902	0.34688	0.1963	0.38039	0.15389	0.26089	0.8501
0.24913	0.43582	0.37737	0.82682	0.64887	0.46074	0.27756	0.25633	0.34295	0.33054	0.19533	0.38719	0.17504	0.26373	0.82251
0.33791	0.43072	0.33951	0.83758	0.66207	0.49874	0.30852	0.23819	0.37822	0.34649	0.18123	0.39547	0.16117	0.26748	0.83054
0.3057	0.4251	0.36307	0.79366	0.66582	0.47127	0.27622	0.23274	0.35097	0.34461	0.1906	0.4071	0.14469	0.24572	0.80353
0.33979	0.40886	0.35023	0.84297	0.65738	0.46902	0.2862	0.25355	0.35867	0.33777	0.1797	0.3967	0.19565	0.22532	0.85703
0.24975	0.4488	0.32329	0.84253	0.66012	0.45622	0.27259	0.24105	0.37679	0.31727	0.16836	0.40837	0.17216	0.21552	0.79549
0.28419	0.41972	0.36327	0.83467	0.64541	0.48086	0.28627	0.24434	0.36019	0.37282	0.18616	0.39558	0.15746	0.27124	0.83005
0.2658	0.40685	0.36504	0.81908	0.64538	0.50197	0.26672	0.24571	0.36114	0.3311	0.1804	0.4057	0.17622	0.26024	0.84985
0.27715	0.44595	0.31711	0.89162	0.65197	0.4729	0.28806	0.25094	0.35536	0.32433	0.17066	0.41262	0.17373	0.25922	0.80104
0.31724	0.42193	0.39247	0.81449	0.66065	0.46863	0.27715	0.2356	0.38238	0.34501	0.16345	0.39259	0.18386	0.24907	0.83344
0.19679	0.42975	0.32157	0.81101	0.65515	0.45698	0.27828	0.23492	0.33097	0.34418	0.19513	0.38704	0.20825	0.25875	0.78745
0.32187	0.41722	0.37076	0.79557	0.64705	0.43968	0.29381	0.23259	0.37516	0.34954	0.15369	0.39192	0.18408	0.25905	0.82487
0.27411	0.45005	0.33125	0.90635	0.62589	0.5134	0.28144	0.24506	0.37408	0.33259	0.17967	0.37606	0.15786	0.23328	0.8471
0.24954	0.48403	0.37068	0.81625	0.64718	0.49612	0.26527	0.22464	0.34622	0.33302	0.16705	0.38366	0.16646	0.26408	0.81711
0.23578	0.46375	0.38783	0.75031	0.65234	0.53948	0.25315	0.22254	0.34513	0.32543	0.18911	0.36549	0.16132	0.26841	0.85307
0.21348	0.51767	0.36617	0.93038	0.64324	0.50959	0.28969	0.24259	0.37125	0.33829	0.17043	0.39872	0.15923	0.26191	0.79122
0.29526	0.52205	0.39766	0.82115	0.66705	0.46156	0.28416	0.2457	0.35826	0.31289	0.15826	0.39666	0.19392	0.2537	0.87022
0.23238	0.52984	0.34685	0.83308	0.6583	0.48793	0.28549	0.22877	0.37432	0.31969	0.16342	0.37271	0.15183	0.25838	0.78949
0.25402	0.51041	0.37441	0.82466	0.64331	0.47056	0.28516	0.2557	0.36002	0.33208	0.16291	0.40731	0.17181	0.25085	0.8159
0.29961	0.48977	0.37801	0.80683	0.65126	0.4838	0.26786	0.22463	0.36914	0.33237	0.17735	0.4109	0.1719	0.24569	0.79031
0.24077	0.50871	0.37108	0.81188	0.65295	0.47212	0.27678	0.2474	0.34418	0.34012	0.14723	0.37649	0.19185	0.25164	0.85825
0.29488	0.49683	0.36586	0.85935	0.63181	0.51555	0.26923	0.25239	0.379	0.34127	0.19205	0.38136	0.18434	0.26155	0.82931
0.26036	0.4885	0.36313	0.77756	0.65733	0.51105	0.26638	0.23881	0.34389	0.32972	0.18733	0.38803	0.16631	0.23623	0.85265
0.25316	0.46058	0.35541	0.85395	0.6574	0.49402	0.26632	0.24071	0.34689	0.32729	0.17721	0.37139	0.1692	0.26417	0.82885
0.23628	0.4582	0.37245	0.8448	0.66684	0.47924	0.25696	0.21696	0.36031	0.33592	0.15974	0.38535	0.17408	0.24568	0.83161
0.3096	0.42794	0.38454	0.85447	0.65515	0.48765	0.26297	0.2437	0.34784	0.32649	0.15826	0.36442	0.15477	0.2538	0.8232
0.28426	0.42665	0.41642	0.74951	0.66542	0.46645	0.2695	0.25703	0.36746	0.34287	0.19411	0.40247	0.15941	0.25418	0.78714
0.24705	0.47071	0.35785	0.76963	0.65546	0.47891	0.26591	0.23082	0.361	0.33747	0.17399	0.3595	0.16304	0.24317	0.83454
0.31613	0.46851	0.35448	0.84705	0.65611	0.48839	0.26039	0.24764	0.33576	0.31406	0.17717	0.37456	0.19404	0.2441	0.85186
0.28893	0.44852	0.36028	0.83022	0.6499	0.46843	0.26203	0.2372	0.34367	0.3256	0.16188	0.38689	0.14446	0.25837	0.87024
0.30099	0.44439	0.34464	0.71255	0.65019	0.486	0.27131	0.22949	0.3406	0.34235	0.15758	0.37868	0.15002	0.25941	0.85032
0.26517	0.42307	0.34174	0.87445	0.66028	0.45788	0.26311	0.23882	0.32745	0.31999	0.17967	0.40029	0.1574	0.26018	0.83805
0.27348	0.44655	0.33453	0.72714	0.64621	0.46152	0.25198	0.24424	0.35684	0.31142	0.17862	0.4006	0.17398	0.22651	0.82935
0.28053	0.41482	0.3376	0.83692	0.65976	0.47212	0.27846	0.23407	0.37019	0.33836	0.17487	0.3647	0.13459	0.23599	0.82892
0.32819	0.4384	0.37202	0.85409	0.64948	0.45727	0.24223	0.21427	0.34855	0.33651	0.1852	0.38008	0.20079	0.24684	0.81302
0.26493	0.43066	0.33455	0.83263	0.65875	0.46692	0.25738	0.26277	0.35237	0.36675	0.18298	0.39188	0.14045	0.24194	0.86054
0.29448	0.73263	0.34509	0.76701	0.63838	0.47095	0.27379	0.21834	0.34249	0.29699	0.18773	0.36468	0.15533	0.25108	0.81215
0.29417	0.72401	0.35979	0.90262	0.65182	0.4807	0.25191	0.24637	0.34026	0.32001	0.18382	0.38888	0.17434	0.26028	0.81622
0.43079	0.72209	0.36997	0.76069	0.65211	0.47357	0.26704	0.24693	0.31733	0.33988	0.16895	0.38216	0.15655	0.24934	0.85336
0.25116	0.7149	0.34542	0.84167	0.64674	0.48877	0.27957	0.24182	0.36295	0.33161	0.15963	0.36956	0.15027	0.26091	0.82543
0.30931	0.70324	0.36692	0.87754	0.6345	0.48592	0.25599	0.23376	0.35594	0.33236	0.19833	0.3555	0.16415	0.24901	0.83251
0.27911	0.69031	0.38051	0.84067	0.652	0.45273	0.26233	0.20781	0.34853	0.3366	0.18277	0.37263	0.15634	0.2401	0.82496
0.26288	0.6905	0.36199	0.78605	0.64884	0.48811	0.25891	0.22817	0.38275	0.32372	0.16327	0.40154	0.17653	0.25043	0.87562
0.25433	0.69592	0.35895	0.88447	0.63812	0.48416	0.25182	0.21741	0.34544	0.34069	0.17218	0.3804	0.15491	0.2602	0.86715
0.23167	0.70861	0.38547	0.81853	0.64589	0.48211	0.26096	0.24379	0.33649	0.3384	0.16083	0.37517	0.16017	0.22804	0.8571
0.27691	0.70889	0.35754	0.82635	0.63815	0.46957	0.26337	0.24388	0.3615	0.34281	0.17357	0.37184	0.14716	0.22763	0.83946
0.2557	0.70688	0.3698	0.79419	0.65288	0.42962	0.265	0.24906	0.36996	0.31913	0.17203	0.36539	0.15676	0.25356	0.80539
0.3028	0.69363	0.37031	0.85809	0.65218	0.47202	0.26493	0.24067	0.36627	0.30497	0.18141	0.38082	0.17205	0.25471	0.80384
0.29872	0.6991	0.36526	0.83355	0.63609	0.46108	0.22717	0.24539	0.35431	0.33457	0.17984	0.39457	0.13827	0.23931	0.85868
0.31092	0.68892	0.38995	0.86756	0.65431	0.45021	0.25456	0.23609	0.36322	0.31471	0.15944	0.38553	0.14734	0.24619	0.78888
0.35543	0.69677	0.40274	0.89319	0.63768	0.473	0.25851	0.22021	0.35797	0.32268	0.15242	0.37196	0.15356	0.23368	0.8152
0.26527	0.71592	0.37107	0.90959	0.64238	0.46471	0.26423	0.23727	0.3613	0.32123	0.19158	0.37968	0.15738	0.23457	0.86492
0.23957	0.72462	0.35544	0.81827	0.65826	0.46203	0.2576	0.27012	0.36216	0.32239	0.18986	0.39373	0.15509	0.26268	0.84899
0.27691	0.70091	0.36987	0.81213	0.63712	0.46614	0.23494	0.23946	0.34968	0.32474	0.15087	0.36016	0.1823	0.25089	0.86873
0.25611	0.71812	0.3614	0.85859	0.65127	0.4533	0.25659	0.2386	0.35389	0.32003	0.17491	0.38633	0.15385	0.25138	0.81198
0.32238	0.69429	0.36502	0.90243	0.66138	0.46446	0.2503	0.2468	0.33828	0.32272	0.17789	0.38014	0.1714	0.25693	0.83184
0.23746	0.68761	0.36879	0.83573	0.64833	0.47155	0.25935	0.22551	0.33306	0.30069	0.17508	0.36281	0.15989	0.2413	0.82142
0.33116	0.68738	0.38565	0.86784	0.63916	0.46966	0.24692	0.22652	0.35158	0.31522	0.17154	0.36122	0.139	0.22742	0.82656
0.27881	0.69212	0.3653	0.79033	0.65655	0.44646	0.25187	0.23177	0.3376	0.33583	0.17876	0.36362	0.14337	0.24565	0.87997
0.32114	0.66905	0.34752	0.90156	0.65252	0.45109	0.25752	0.23462	0.33812	0.32783	0.16633	0.37595	0.16081	0.2173	0.8517
0.22808	0.69064	0.3801	0.80918	0.6478	0.49254	0.26106	0.24858	0.34636	0.31464	0.17324	0.38129	0.14066	0.22653	0.82919
0.31138	0.69677	0.34895	0.8377	0.64023	0.45692	0.23852	0.21405	0.33245	0.32152	0.17016	0.34156	0.15434	0.23581	0.86784
0.24972	0.70623	0.37419	0.71795	0.63918	0.48782	0.24432	0.23557	0.3306	0.31576	0.18177	0.37749	0.16331	0.23451	0.85548
0.25217	0.66944	0.34866	0.90488	0.65069	0.44142	0.23263	0.2218	0.34677	0.3105	0.16565	0.36302	0.15049	0.24137	0.83568
0.29731	0.67784	0.35228	0.82689	0.64397	0.46586	0.25319	0.24859	0.34429	0.32093	0.1667	0.37459	0.17285	0.2271	0.80022
0.22297	0.69329	0.3504	0.88662	0.63722	0.46992	0.22629	0.23472	0.3631	0.30701	0.16774	0.3753	0.14425	0.21489	0.83361
0.31478	0.67765	0.35118	0.79026	0.64538	0.45336	0.26488	0.23126	0.32463	0.3172	0.18922	0.38935	0.15738	0.23235	0.82245
0.28516	0.68293	0.38181	0.82341	0.63837	0.45343	0.24714	0.23653	0.35102	0.32861	0.16227	0.38874	0.14315	0.24091	0.82496
0.33422	0.69503	0.3347	0.80527	0.64365	0.46959	0.24622	0.22231	0.33214	0.30602	0.16901	0.36239	0.14948	0.20915	0.8021
0.29523	0.70979	0.35901	0.79684	0.6514	0.45842	0.25089	0.22028	0.31908	0.32713	0.17045	0.35741	0.15034	0.22015	0.84048
0.29856	0.68567	0.33732	0.92965	0.65114	0.45491	0.24485	0.24221	0.34802	0.31709	0.1648	0.36159	0.13766	0.22312	0.85289
0.29346	0.67999	0.34594	0.80291	0.67021	0.43935	0.25653	0.25872	0.34033	0.32245	0.17099	0.36724	0.14797	0.22933	0.87503
0.23253	0.7205	0.3578	0.84077	0.65322	0.44423	0.24647	0.22953	0.34076	0.32188	0.15934	0.35595	0.13295	0.23028	0.8257
0.30994	0.68201	0.35672	0.79105	0.64508	0.41275	0.23193	0.24672	0.34686	0.33078	0.16791	0.39379	0.13803	0.23259	0.84539
0.20239	0.67377	0.34084	0.789	0.61842	0.43914	0.24258	0.23707	0.34026	0.3146	0.1814	0.36767	0.13137	0.21059	0.83432
0.31563	0.67419	0.38001	0.80111	0.64257	0.46925	0.2427	0.21844	0.34144	0.32461	0.17034	0.34835	0.13359	0.22573	0.83518
0.26621	0.667	0.34431	0.84659	0.63109	0.49258	0.24776	0.25148	0.32554	0.32064	0.16765	0.34855	0.15202	0.22996	0.86466
0.23399	0.6828	0.32928	0.80871	0.62243	0.44819	0.25798	0.22974	0.33662	0.29764	0.14617	0.37154	0.13916	0.23657	0.81349
0.26776	0.65616	0.3458	0.85412	0.62906	0.45003	0.25329	0.25989	0.33107	0.30368	0.11556	0.36246	0.14937	0.21391	0.81743
0.30876	0.667	0.33232	0.82645	0.6324	0.43338	0.24221	0.21749	0.34744	0.30738	0.14663	0.37569	0.12977	0.21955	0.86837
0.25162	0.64609	0.34979	0.86295	0.64787	0.44225	0.26091	0.25674	0.34629	0.32412	0.15348	0.34971	0.16239	0.23148	0.79716
0.28611	0.66997	0.36217	0.84946	0.64092	0.44154	0.24838	0.22233	0.34628	0.33093	0.15288	0.38374	0.13475	0.22396	0.83471
0.29174	0.67005	0.33412	0.83268	0.65426	0.43662	0.23012	0.22658	0.33385	0.31183	0.13867	0.34512	0.15795	0.21681	0.82238
0.27866	0.69282	0.33866	0.82622	0.63828	0.47982	0.24323	0.22372	0.32963	0.30309	0.14834	0.35063	0.13077	0.21495	0.81455
0.28389	0.66018	0.31285	0.8147	0.65975	0.45792	0.23868	0.23545	0.34357	0.32402	0.14803	0.35409	0.14283	0.21349	0.82832
0.31091	0.66291	0.36218	0.8602	0.64473	0.44389	0.25179	0.21596	0.31951	0.30069	0.1471	0.37925	0.15639	0.23126	0.82841
0.27076	0.65577	0.32113	0.83437	0.64015	0.47462	0.23751	0.244	0.34814	0.31558	0.15448	0.36351	0.13474	0.21731	0.83893
0.21345	0.67042	0.34631	0.84524	0.64459	0.44897	0.22929	0.23042	0.33589	0.30668	0.15813	0.35376	0.14868	0.21562	0.81853
0.32756	0.6684	0.34424	0.90476	0.61804	0.45404	0.22081	0.21418	0.33473	0.30979	0.15346	0.35774	0.14815	0.20139	0.80042
0.28847	0.64943	0.34158	0.83654	0.6216	0.4188	0.23678	0.22771	0.33922	0.32476	0.14613	0.3565	0.14338	0.21822	0.83716
0.26795	0.66044	0.36775	0.75591	0.64136	0.4629	0.24306	0.23067	0.3196	0.33105	0.14316	0.34771	0.14372	0.20798	0.86626
0.3277	0.66157	0.34611	0.87085	0.63902	0.4534	0.2326	0.23627	0.32927	0.31999	0.14874	0.36194	0.13995	0.2067	0.78666
0.2362	0.65373	0.35676	0.79608	0.64004	0.44393	0.24267	0.21067	0.33685	0.29849	0.14366	0.3604	0.1571	0.21254	0.82975
0.30273	0.63827	0.33384	0.85935	0.63542	0.44196	0.2435	0.22371	0.32859	0.29961	0.14916	0.34744	0.12913	0.21224	0.84262
0.32384	0.65376	0.40823	0.83481	0.63728	0.4293	0.25175	0.23248	0.33757	0.32299	0.15145	0.37496	0.1752	0.20649	0.83167
0.29991	0.65071	0.35635	0.8688	0.63097	0.47901	0.24236	0.23381	0.31319	0.29558	0.16246	0.35423	0.14647	0.21371	0.79915
0.2805	0.61519	0.39446	0.86054	0.62808	0.45995	0.23596	0.22556	0.32936	0.31666	0.1647	0.37731	0.19035	0.20333	0.81787
0.31628	0.66905	0.39752	0.8323	0.6421	0.46123	0.22784	0.22355	0.34616	0.31937	0.13602	0.37172	0.1336	0.21463	0.85067
0.33561	0.66163	0.31406	0.81821	0.63572	0.45979	0.23492	0.23384	0.33982	0.28907	0.14417	0.33028	0.13071	0.22769	0.87133
0.19239	0.64175	0.34783	0.87861	0.62207	0.4624	0.22941	0.22315	0.3255	0.2829	0.16052	0.36185	0.17899	0.20241	0.85772
0.27273	0.65391	0.37774	0.80807	0.64012	0.46901	0.25129	0.22645	0.32761	0.32161	0.13411	0.37069	0.13023	0.21425	0.80869
0.28472	0.62319	0.35293	0.82396	0.63381	0.46132	0.24564	0.20931	0.32421	0.30752	0.12764	0.3378	0.15804	0.20895	0.8453
0.20967	0.63254	0.35782	0.88	0.60611	0.45486	0.22829	0.24011	0.33521	0.32666	0.12926	0.35663	0.13789	0.21545	0.83866
0.35126	0.64566	0.37051	0.8078	0.63324	0.4648	0.24018	0.22284	0.31501	0.30611	0.12545	0.34667	0.15003	0.21121	0.83389
0.23594	0.61209	0.35229	0.76311	0.62017	0.46094	0.23226	0.2102	0.34944	0.306	0.12835	0.35283	0.15061	0.21058	0.7956
0.32342	0.63908	0.36362	0.82196	0.60032	0.45142	0.22553	0.20564	0.31786	0.277	0.13435	0.35385	0.16804	0.20284	0.83547
0.34005	0.62053	0.35604	0.84155	0.61855	0.45451	0.22484	0.22497	0.33593	0.30372	0.14029	0.32247	0.14998	0.20938	0.83829
0.21241	0.61295	0.37391	0.8515	0.64934	0.4653	0.23017	0.23183	0.34621	0.3115	0.13367	0.3453	0.1429	0.20775	0.80899
0.3381	0.62999	0.35982	0.84653	0.63331	0.47578	0.25384	0.21141	0.31866	0.31042	0.14545	0.33713	0.14094	0.20015	0.85381
0.25107	0.63097	0.34995	0.85647	0.62583	0.46843	0.23495	0.23215	0.3285	0.29964	0.11669	0.34056	0.14796	0.20612	0.82267
0.31865	0.6309	0.36526	0.83422	0.64312	0.44351	0.24272	0.22834	0.36479	0.29989	0.13169	0.38463	0.15352	0.23497	0.8294
0.23881	0.66241	0.34731	0.85344	0.62262	0.46091	0.24268	0.20825	0.31264	0.30376	0.13019	0.35808	0.14356	0.1804	0.87923
0.28761	0.61691	0.35684	0.82573	0.6253	0.4368	0.25084	0.22284	0.34521	0.31132	0.11507	0.37122	0.16095	0.18967	0.84888
0.32021	0.62894	0.36824	0.82816	0.62469	0.44703	0.23869	0.21971	0.32502	0.28974	0.13736	0.3335	0.13887	0.18393	0.84436
0.2169	0.62019	0.36193	0.81324	0.64799	0.4257	0.23592	0.21545	0.34573	0.30418	0.15287	0.36566	0.152	0.22642	0.81896
0.36609	0.63673	0.34274	0.86177	0.64612	0.46901	0.22478	0.2242	0.32218	0.3128	0.14318	0.35145	0.13549	0.20953	0.82111
0.24639	0.64482	0.37303	0.83811	0.62638	0.43284	0.21633	0.2155	0.31857	0.31182	0.15053	0.33736	0.15912	0.20807	0.8048
0.3658	0.60032	0.35771	0.69144	0.61251	0.42927	0.2436	0.24548	0.31394	0.29796	0.15537	0.33651	0.12508	0.21348	0.79232
0.19532	0.61681	0.38975	0.96043	0.62256	0.47155	0.22143	0.20725	0.31936	0.29561	0.15379	0.34225	0.1329	0.18256	0.86517
0.28535	0.64179	0.32881	0.90542	0.63342	0.4738	0.23441	0.22135	0.33702	0.30039	0.17473	0.33997	0.14342	0.21562	0.81084
0.30377	0.63164	0.35482	0.79838	0.63415	0.47391	0.22746	0.20966	0.31858	0.30265	0.14332	0.35316	0.1604	0.1876	0.80486
0.26775	0.63344	0.34145	0.85901	0.63834	0.46349	0.2336	0.20457	0.33594	0.28561	0.13702	0.34483	0.14108	0.18818	0.85361
0.27162	0.63306	0.37932	0.88209	0.63412	0.46248	0.23355	0.23062	0.30054	0.30456	0.16172	0.35127	0.12936	0.18833	0.83553
0.29621	0.62732	0.33978	0.83754	0.62841	0.4567	0.23147	0.21715	0.31588	0.30273	0.17152	0.36437	0.16822	0.20358	0.79561
0.27654	0.62887	0.35984	0.8538	0.63245	0.42944	0.21508	0.19662	0.30112	0.31127	0.1576	0.35169	0.14499	0.19657	0.8154
0.28136	0.62361	0.35942	0.8308	0.63248	0.41885	0.21918	0.21286	0.32687	0.31399	0.15188	0.33117	0.15429	0.20757	0.8352
0.2735	0.59935	0.36636	0.82833	0.64298	0.49128	0.23677	0.20661	0.30427	0.29767	0.12274	0.34004	0.15195	0.19446	0.80011
0.32155	0.61589	0.354	0.83157	0.62067	0.45497	0.2295	0.22575	0.30637	0.29825	0.14012	0.34087	0.12584	0.21468	0.83327
0.3206	0.63131	0.38205	0.84367	0.62719	0.47037	0.21502	0.19776	0.31146	0.30945	0.12457	0.36522	0.12986	0.19426	0.85456
0.31434	0.6121	0.34998	0.86883	0.62957	0.44103	0.21805	0.20459	0.30595	0.28744	0.14791	0.33976	0.13876	0.21168	0.83306
0.28228	0.58095	0.36786	0.84604	0.63123	0.42306	0.22113	0.2125	0.30969	0.28004	0.14268	0.36293	0.12487	0.19411	0.83874
0.33773	0.61479	0.38385	0.86046	0.63515	0.49888	0.22052	0.20313	0.31657	0.30987	0.12982	0.35344	0.12457	0.17998	0.83636
0.31568	0.61028	0.34468	0.8356	0.61374	0.46936	0.22976	0.20131	0.30957	0.2786	0.13401	0.32371	0.16338	0.19455	0.82258
0.21798	0.61695	0.34882	0.86002	0.60769	0.44623	0.21487	0.23222	0.3128	0.29516	0.14007	0.32722	0.12798	0.20399	0.80184
0.31246	0.60018	0.36401	0.81791	0.62929	0.49545	0.21149	0.20411	0.33668	0.30725	0.14984	0.34672	0.14994	0.18396	0.84697
0.20348	0.59979	0.3676	0.86263	0.62852	0.46315	0.21502	0.22374	0.31808	0.31003	0.15064	0.35761	0.12909	0.18199	0.85277
0.29551	0.59844	0.37514	0.84907	0.61706	0.451	0.22278	0.21037	0.32624	0.27604	0.14959	0.35704	0.14379	0.18637	0.80635
0.23506	0.62245	0.32932	0.81375	0.61618	0.48908	0.22528	0.21105	0.29578	0.29432	0.15128	0.37407	0.17179	0.20158	0.85153
0.38289	0.6035	0.41134	0.89362	0.65199	0.46088	0.21913	0.21389	0.33256	0.29076	0.13185	0.3227	0.13725	0.20043	0.82065
0.29292	0.2993	0.35727	0.83852	0.6383	0.44531	0.22215	0.20851	0.29998	0.31982	0.12879	0.33409	0.15318	0.19274	0.82728
0.26198	0.44497	0.35189	0.88165	0.62353	0.46871	0.23587	0.18903	0.31314	0.30545	0.13862	0.33482	0.11527	0.19103	0.80846
0.32632	0.60321	0.37267	0.82594	0.64998	0.47201	0.22727	0.1999	0.31089	0.30397	0.15415	0.33548	0.12972	0.19287	0.79833
0.26608	0.619	0.32843	0.85751	0.6254	0.49144	0.22797	0.22988	0.31826	0.28386	0.13451	0.37297	0.13747	0.1874	0.79695
0.27795	0.59253	0.36201	0.80692	0.63571	0.44862	0.23199	0.19801	0.31093	0.28567	0.12908	0.32366	0.12791	0.20842	0.829
0.28428	0.59745	0.3379	0.86342	0.61635	0.51403	0.22218	0.21212	0.30132	0.29811	0.13786	0.33736	0.13864	0.19573	0.82032
0.29745	0.58129	0.3643	0.85203	0.60761	0.4671	0.20926	0.20374	0.29235	0.29834	0.1327	0.37267	0.14983	0.19378	0.7493
0.23328	0.60767	0.3699	0.95018	0.62718	0.42414	0.22871	0.19452	0.31674	0.28316	0.12652	0.33616	0.13113	0.18782	0.84929
0.26247	0.59184	0.36844	0.81037	0.6372	0.48585	0.22232	0.1934	0.31277	0.28735	0.1033	0.33263	0.17259	0.20183	0.79397
0.2287	0.6058	0.35716	0.85461	0.6238	0.46827	0.21608	0.20174	0.31134	0.28625	0.13728	0.36039	0.1294	0.18563	0.86349
0.28273	0.61953	0.38814	0.82473	0.6187	0.46125	0.23419	0.21242	0.31548	0.27745	0.14069	0.35097	0.13009	0.1942	0.87872
0.35362	0.60003	0.35386	0.67154	0.61716	0.4888	0.22269	0.21274	0.3071	0.28753	0.13504	0.34762	0.13677	0.21187	0.83777
0.25395	0.60291	0.36479	0.94927	0.61282	0.45789	0.2165	0.21728	0.31399	0.29568	0.12985	0.3566	0.13662	0.18835	0.80667
0.31136	0.61131	0.36175	0.9103	0.63307	0.48081	0.20851	0.19666	0.29883	0.30492	0.12537	0.3323	0.11924	0.19256	0.84002
0.20811	0.60007	0.3347	0.84415	0.63004	0.49377	0.22477	0.19691	0.31454	0.29548	0.14487	0.33516	0.14452	0.19686	0.80766
0.26771	0.59482	0.35073	0.84466	0.62098	0.46936	0.20889	0.19704	0.31366	0.27083	0.13319	0.34328	0.12209	0.18317	0.83272
0.30254	0.64012	0.37678	0.86461	0.61003	0.47547	0.22957	0.19569	0.30668	0.30068	0.11652	0.31789	0.14454	0.19665	0.82997
0.35122	0.59495	0.34627	0.87265	0.64133	0.44456	0.21561	0.20783	0.31019	0.30531	0.13307	0.33632	0.12421	0.19481	0.83535
0.158	0.60169	0.34892	0.88029	0.62507	0.45409	0.19279	0.21005	0.31691	0.28375	0.11666	0.32981	0.13792	0.17597	0.84409
0.30366	0.59804	0.33454	0.83595	0.6066	0.45142	0.20493	0.19733	0.32659	0.2793	0.10767	0.34155	0.13941	0.1892	0.8049
0.24575	0.60098	0.34412	0.89561	0.6272	0.47483	0.21091	0.20162	0.29983	0.26059	0.11909	0.33073	0.12215	0.20455	0.83048
0.2737	0.59578	0.30544	0.75146	0.6169	0.43985	0.22012	0.20128	0.31801	0.26739	0.12116	0.32171	0.11299	0.19424	0.78817
0.28853	0.60978	0.34791	0.88388	0.6161	0.4348	0.2329	0.18526	0.30204	0.27953	0.12841	0.35896	0.13894	0.18255	0.81279
0.27698	0.59986	0.2926	0.82316	0.59686	0.45525	0.21883	0.20428	0.28601	0.29769	0.12948	0.31799	0.13375	0.19552	0.84876
0.31002	0.60565	0.32751	0.88446	0.61369	0.46642	0.2067	0.20619	0.30545	0.28517	0.10046	0.33391	0.11621	0.19588	0.79602
0.29041	0.59371	0.33462	0.83538	0.63616	0.46107	0.21533	0.19902	0.29977	0.28385	0.11635	0.36258	0.124	0.20063	0.84821
0.31888	0.61034	0.31995	0.76961	0.61115	0.46333	0.21913	0.20784	0.29582	0.29832	0.12726	0.33288	0.12378	0.2144	0.84307
0.29191	0.60297	0.37526	0.90138	0.61535	0.47219	0.22611	0.20261	0.29492	0.29642	0.12867	0.32038	0.13103	0.1978	0.84245
0.2568	0.60064	0.29919	0.79725	0.6184	0.47756	0.21517	0.18639	0.29957	0.26698	0.13323	0.34957	0.15632	0.1958	0.79572
0.26818	0.60154	0.33134	0.86703	0.62112	0.47068	0.21741	0.1967	0.28823	0.29892	0.11522	0.33609	0.11564	0.17935	0.82746
0.24319	0.60419	0.32055	0.85339	0.61774	0.46491	0.21156	0.18248	0.3034	0.29059	0.12651	0.31211	0.13647	0.19714	0.88419
0.24581	0.57546	0.33421	0.87248	0.617	0.48147	0.20585	0.20543	0.30632	0.27979	0.1101	0.32203	0.13608	0.19648	0.84817
0.24156	0.56379	0.32215	0.91078	0.61275	0.42528	0.20417	0.18904	0.30611	0.30619	0.11779	0.32712	0.11776	0.19772	0.8302
0.28469	0.59292	0.36181	0.86372	0.62276	0.40862	0.21788	0.20844	0.28025	0.28778	0.13782	0.32536	0.12447	0.17639	0.77434
0.23175	0.60501	0.3424	0.86937	0.62248	0.46272	0.22333	0.18703	0.29293	0.27845	0.10269	0.34822	0.12542	0.17078	0.78624
0.30414	0.61551	0.34521	0.85869	0.60994	0.44919	0.21085	0.17742	0.27832	0.29458	0.11421	0.3481	0.13674	0.17287	0.79792
0.25095	0.59019	0.33615	0.86587	0.62366	0.44563	0.20108	0.19648	0.29323	0.27857	0.11939	0.31707	0.13035	0.18044	0.82016
0.30586	0.61349	0.3563	0.768	0.6257	0.46882	0.2264	0.21528	0.28688	0.27978	0.13948	0.34088	0.12319	0.18503	0.82647
0.30459	0.59488	0.32043	0.91304	0.62181	0.47013	0.19854	0.19467	0.30707	0.29501	0.10039	0.33295	0.14324	0.18771	0.78304
0.18258	0.60724	0.33501	0.83262	0.61867	0.45707	0.21072	0.19052	0.31905	0.29043	0.10873	0.34062	0.12898	0.19065	0.8256
0.39224	0.59453	0.37968	0.86767	0.60073	0.4439	0.19573	0.20031	0.27879	0.29776	0.11317	0.32588	0.13885	0.1943	0.8064
0.18643	0.60404	0.33565	0.80588	0.63099	0.45559	0.22026	0.21383	0.30935	0.27144	0.124	0.33536	0.13043	0.1912	0.79472
0.38102	0.57666	0.3508	0.90982	0.61125	0.49409	0.21313	0.21148	0.28589	0.26339	0.1067	0.32959	0.12269	0.20797	0.77963
0.1818	0.5624	0.34794	0.80315	0.62448	0.46136	0.20505	0.2038	0.28501	0.28453	0.14497	0.31032	0.14237	0.20079	0.83028
0.31284	0.60821	0.31288	0.85071	0.62452	0.4689	0.21117	0.18066	0.306	0.30215	0.0922	0.33348	0.12277	0.17912	0.79602
0.22207	0.60656	0.40866	0.70733	0.62839	0.42495	0.2027	0.1845	0.31944	0.28274	0.11912	0.31074	0.15829	0.17338	0.81893
0.33553	0.59506	0.34543	0.91035	0.61819	0.44211	0.18787	0.19736	0.28226	0.28291	0.0998	0.32707	0.12247	0.18703	0.80526
0.2696	0.59962	0.35488	0.84616	0.61477	0.47367	0.2136	0.18289	0.29676	0.27896	0.10576	0.3211	0.13332	0.19215	0.80347
0.21158	0.56333	0.31311	0.77471	0.59015	0.44828	0.2056	0.19673	0.29412	0.28053	0.10517	0.3246	0.11593	0.19409	0.83707
0.2573	0.5926	0.38519	0.89903	0.62041	0.43483	0.22891	0.1925	0.31617	0.27713	0.11022	0.33283	0.11494	0.17476	0.8006
0.23033	0.49992	0.31503	0.84542	0.60377	0.45897	0.20732	0.17747	0.28578	0.27405	0.11621	0.31655	0.13254	0.17761	0.85412
0.29975	0.54089	0.38001	0.78702	0.61845	0.41694	0.21389	0.19865	0.28837	0.29653	0.1073	0.3432	0.11671	0.18456	0.81785
0.25384	0.52503	0.36715	0.86996	0.61271	0.4365	0.21097	0.19848	0.29654	0.28331	0.12315	0.31444	0.11884	0.19411	0.83941
0.21783	0.55316	0.35205	0.86595	0.62367	0.47689	0.20995	0.18695	0.29559	0.26629	0.10655	0.31916	0.11724	0.16861	0.79758
0.33211	0.47996	0.38212	0.8399	0.62857	0.44186	0.20514	0.17928	0.30158	0.28112	0.08332	0.32663	0.12901	0.17743	0.80084
0.2023	0.5282	0.36986	0.83528	0.62945	0.44758	0.20811	0.1766	0.28849	0.26831	0.11502	0.3309	0.12456	0.17624	0.80658
0.25736	0.56208	0.34465	0.88015	0.62312	0.41094	0.19044	0.19791	0.30244	0.26801	0.09524	0.331	0.12169	0.15595	0.80904
0.32597	0.64251	0.32629	0.87883	0.62379	0.4545	0.20657	0.1696	0.28261	0.26835	0.09393	0.33185	0.11969	0.17665	0.79213
0.24261	0.53677	0.34204	0.8204	0.61493	0.45603	0.20212	0.18463	0.30028	0.25647	0.1026	0.32254	0.12034	0.17326	0.83789
0.291	0.54969	0.34684	0.84234	0.62207	0.44746	0.20781	0.17645	0.2892	0.26997	0.09746	0.31183	0.11523	0.17743	0.82722
0.26407	0.56644	0.36305	0.86126	0.62787	0.47892	0.20153	0.19649	0.3026	0.27143	0.12091	0.33326	0.1151	0.19416	0.78163
0.29238	0.59612	0.31502	0.64621	0.62646	0.42023	0.20356	0.17881	0.28928	0.29074	0.09726	0.32847	0.13932	0.18576	0.81796
0.2898	0.60446	0.37593	0.89634	0.62217	0.42957	0.18698	0.16193	0.2842	0.2746	0.12314	0.33972	0.13302	0.18066	0.79508
0.24019	0.60178	0.30501	0.82044	0.60772	0.45279	0.20187	0.17846	0.28925	0.26844	0.09281	0.31296	0.15644	0.2072	0.81439
