1	14.47513671875	13.780623779296874
2	13.22691650390625	12.866531982421876
3	12.683619384765626	12.463905029296875
4	12.283231201171875	11.95165771484375
5	11.39591552734375	14.516971435546875
6	12.607208251953125	12.059666748046874
7	11.465206298828125	12.61455078125
8	11.982689208984375	11.52015869140625
9	11.296793212890625	11.918717041015626
10	10.78288818359375	11.64855712890625
11	10.202088623046874	14.461510009765625
12	13.23109375	12.238941650390625
13	10.728009033203126	11.534515380859375
14	11.15590087890625	11.296524658203126
15	11.065426025390625	11.52237548828125
16	10.339224853515624	11.07141357421875
17	11.071708984375	12.0370556640625
18	10.839952392578125	10.632742919921874
19	10.024647216796875	10.492838134765625
20	10.353326416015625	10.053640747070313
21	9.770618896484375	10.41304443359375
22	10.340303955078125	9.822046508789063
23	9.751001586914063	9.993216552734374
24	9.744705810546876	9.768385009765625
25	9.238319702148438	9.821422119140625
26	10.0074853515625	9.913648681640625
27	9.565081787109374	10.071338500976562
28	9.860753173828124	9.79733154296875
29	9.559376831054687	9.864234619140625
30	9.481476440429688	9.345890502929688
31	9.243716430664062	9.59681640625
32	9.347681274414063	9.498468627929688
33	8.962271118164063	9.263007202148437
34	9.259690551757812	9.75989013671875
35	9.443801879882812	9.75489501953125
36	8.926005859375	9.008941040039062
37	8.817548828125	8.94860107421875
38	8.737794799804687	9.213047485351563
39	8.998916625976562	9.101034545898438
40	8.767169189453124	9.361477661132813
41	9.0791650390625	9.00909912109375
42	8.998738403320312	9.098609008789062
43	8.6293359375	8.9122900390625
44	8.450545654296874	9.293525390625
45	9.174720458984375	8.9815234375
46	9.184781494140625	8.840294189453125
47	8.946600341796875	8.710306396484375
48	8.6193994140625	9.157978515625
49	8.793970947265626	8.960458374023437
50	8.88468994140625	8.620028076171875
51	9.216173706054688	8.944149780273438
52	9.0447998046875	9.296871337890625
53	8.755377807617187	9.066715087890625
54	9.322992553710938	10.93646728515625
55	9.335607299804687	8.967198486328124
56	8.743101196289063	8.810985107421875
57	8.846183471679687	9.059201049804688
58	8.698548583984374	9.043589477539063
59	8.551572265625	8.8043115234375
60	8.729642333984375	8.909338989257812
61	8.721954345703125	8.730263671875
62	8.313787841796875	8.743604736328125
63	8.85149658203125	8.778346557617187
64	8.5593408203125	9.0430224609375
65	8.50458251953125	8.647570190429688
66	8.335184326171875	8.628319091796875
67	8.7458203125	8.981703491210938
68	16.685572509765624	9.238168334960937
69	9.16431884765625	8.510059814453125
70	8.401287841796876	8.544138793945313
71	8.622164916992187	8.460399169921875
72	8.163132934570312	8.232876586914063
73	8.092223510742187	8.498241577148438
74	8.077742309570313	8.572579956054687
75	8.356069946289063	8.524185791015626
76	8.8919775390625	8.56923583984375
77	8.172901611328125	8.3691552734375
78	8.333793334960937	8.294890747070312
79	7.706945190429687	8.273165283203125
80	8.311534423828125	8.25293701171875
81	8.468480224609374	10.891212158203125
82	9.85205810546875	9.854254150390625
83	10.125922241210937	9.966204833984374
84	8.9984326171875	9.52176025390625
85	8.945865478515625	9.773846435546876
86	8.689520263671875	9.232874755859376
87	8.973176879882812	9.042921142578125
88	9.421530151367188	8.95408447265625
89	8.968394165039063	9.088088989257812
90	8.981940307617187	9.40672607421875
91	9.224089965820312	8.957662353515625
92	8.873397827148438	8.731925048828124
93	8.990672607421875	9.341732177734375
94	9.3657080078125	9.97599365234375
95	9.247078247070313	9.910548706054687
96	9.346690063476563	9.432998046875
97	9.124141845703125	9.5612255859375
98	9.839825439453126	10.64533935546875
99	13.92719482421875	22.23177734375
100	13.84825439453125	11.392691650390624
101	11.150386962890625	10.89906005859375
102	11.337186279296875	11.46017822265625
103	10.54583740234375	10.500167236328124
104	10.5142236328125	10.19711669921875
105	9.595064697265625	10.2823681640625
106	9.947681884765625	9.754878540039062
107	10.29765625	15.164783935546875
108	10.916644287109374	9.104614868164063
109	8.8740478515625	9.0907421875
110	8.904901733398438	9.542500610351562
111	9.119658813476562	9.790731811523438
112	9.482941284179688	9.46184326171875
113	9.110238037109376	9.263453369140626
114	9.063877563476563	9.470333251953125
115	8.424340209960938	8.692401123046874
116	8.60768798828125	8.299556274414062
117	8.19067626953125	8.425173950195312
118	8.290030517578124	8.330670166015626
119	8.270040893554688	8.519312744140626
120	8.1813427734375	8.852584228515624
121	8.492634887695312	8.661461791992188
122	8.481870727539063	8.76426513671875
123	8.198702392578125	8.857571411132813
124	8.347388916015625	8.692655029296875
125	8.4351806640625	8.445123291015625
126	8.5095068359375	8.359205932617188
127	8.321748046875	8.249223022460937
128	8.297747802734374	8.387026977539062
129	8.338670043945312	8.662066650390624
130	8.9003173828125	8.60251953125
131	9.490949096679687	9.36841064453125
132	9.28916015625	9.291664428710938
133	8.819939575195313	9.234816284179688
134	8.668350830078126	8.988619995117187
135	8.703131103515625	8.689059448242187
136	8.557083129882812	8.446553955078125
137	8.589965209960937	9.518702392578126
138	9.230528564453126	9.27471923828125
139	9.363822021484374	8.756803588867188
140	8.835753173828126	8.534773559570313
141	8.399227294921875	8.478955688476562
142	8.823936157226562	8.647099609375
143	9.178619995117188	8.754011840820313
144	8.609258422851562	8.677599487304688
145	8.494679565429687	8.696524658203124
146	8.23809326171875	8.6158251953125
147	8.347440185546875	8.512391967773437
148	8.25647705078125	8.635380859375
149	8.152822875976563	8.170557861328126
150	8.308984375	8.490625610351563
151	8.194199829101562	8.46189697265625
152	8.147882690429688	8.256406860351563
153	8.2153466796875	8.036650390625
154	8.193015747070312	7.948143310546875
155	7.95219970703125	7.950427856445312
156	7.969076538085938	7.997347412109375
157	8.2372265625	8.922240600585937
158	8.300585327148438	8.17140869140625
159	7.774702758789062	8.110679931640625
160	7.603067626953125	7.998992309570313
161	8.518922119140624	9.336104125976563
162	9.668984985351562	9.03943115234375
163	9.723298950195312	9.882137451171875
164	9.418043212890625	9.22474609375
165	8.987719116210938	9.210952758789062
166	10.19986572265625	14.50459716796875
167	10.27935546875	9.132617797851562
168	9.204484252929687	8.789296264648437
169	9.073258056640626	9.214879150390624
170	9.27621337890625	8.8294287109375
171	8.647713012695313	8.937921752929688
172	9.05261962890625	8.666754150390625
173	8.586102294921876	8.776671142578126
174	8.45448486328125	8.479618530273438
175	8.342257690429687	8.66610595703125
176	8.467213134765625	8.863907470703126
177	8.21498779296875	8.103927001953124
178	7.89150146484375	8.097871704101562
179	7.97653564453125	7.9938134765625
180	8.200410766601562	7.8381494140625
181	7.62321533203125	7.86758056640625
182	7.88057373046875	8.502869262695313
183	8.288970336914062	8.58873291015625
184	8.427069702148437	8.621195068359375
185	8.213648681640626	8.84089599609375
186	8.198032836914063	8.369181518554688
187	8.503555297851562	9.007119750976562
188	10.74789306640625	16.841549072265625
189	10.158560180664063	8.551321411132813
190	8.380703735351563	9.063771362304687
191	8.499445190429688	8.152390747070312
192	7.893892822265625	7.897064819335937
193	7.861599731445312	8.041668090820313
194	7.742950439453125	7.82947021484375
195	7.601785278320312	7.628922729492188
196	7.732374877929687	8.048532104492187
197	7.683807373046875	7.847489013671875
198	7.857518310546875	7.6791943359375
199	7.7294775390625	7.541426391601562
200	7.821351928710937	8.0110498046875
201	7.78684326171875	7.819652099609375
202	8.018367309570312	8.535821533203125
203	7.914369506835937	7.893843383789062
204	7.832925415039062	7.884879760742187
205	7.820613403320312	7.834871826171875
206	7.598091430664063	7.939994506835937
207	7.62837158203125	7.758760986328125
208	7.752200927734375	7.865911865234375
209	7.512489013671875	7.734127197265625
210	7.398733520507813	7.700300903320312
211	7.704031982421875	7.89103515625
212	7.546966552734375	7.525663452148438
213	7.491722412109375	7.25921630859375
214	7.516641845703125	7.590803833007812
215	7.597639770507812	7.395419921875
216	7.468585815429687	7.438856811523437
217	7.676697998046875	7.646209716796875
218	7.485503540039063	7.71876220703125
219	7.601054077148437	7.7021923828125
220	7.911110229492188	8.000349731445313
221	7.966351318359375	8.201957397460937
222	8.029090576171875	7.900812377929688
223	7.741218872070313	7.49869140625
224	7.8337554931640625	7.486991577148437
225	7.845435791015625	7.505009155273438
226	7.445758666992187	7.502611083984375
227	7.566033935546875	7.676881713867187
228	7.707891235351562	7.29704345703125
229	7.21264892578125	7.5215966796875
230	7.295533447265625	7.65098876953125
231	7.16128662109375	7.4088134765625
232	7.430289306640625	7.487275390625
233	7.09642578125	7.18016357421875
234	7.6835784912109375	7.4325
235	7.296879272460938	7.607752075195313
236	7.313092041015625	7.462542114257812
237	7.288950805664062	7.24730224609375
238	7.172843017578125	7.6026678466796875
239	7.18285400390625	7.166747436523438
240	7.058502197265625	7.1079833984375
241	7.252220458984375	7.372515869140625
242	7.018276977539062	7.247326049804688
243	6.902994384765625	7.269495239257813
244	7.948468627929688	7.401895141601562
245	7.10153076171875	7.381879272460938
246	7.17675048828125	7.515006713867187
247	7.178341674804687	7.104826049804688
248	7.188775634765625	7.287952270507812
249	7.29005126953125	7.165382690429688
250	7.1805078125	7.5614453125
251	7.54563232421875	7.313662109375
252	7.547124633789062	7.588622436523438
253	8.414134521484375	8.386278686523438
254	8.180042724609375	8.309801635742188
255	7.7725982666015625	7.575865478515625
256	7.461260375976562	7.81118408203125
257	7.4551763916015625	7.726234741210938
258	7.440216064453125	8.020082397460937
259	7.526632690429688	7.800872192382813
260	7.366322631835938	7.500889282226563
261	7.34980712890625	7.283597412109375
262	7.461800537109375	7.177214965820313
263	7.2199639892578125	7.079916381835938
264	6.794362182617188	7.15786865234375
265	6.773360595703125	6.988994750976563
266	7.241448974609375	7.256642456054688
267	6.912548828125	7.263900146484375
268	7.27211181640625	7.303532104492188
269	6.930321044921875	7.182969360351563
270	7.208360595703125	7.223919067382813
271	7.3752685546875	6.843370971679687
272	7.107797241210937	6.985054931640625
273	6.833406982421875	6.808057861328125
274	7.747151489257813	8.117713623046875
275	8.252173461914062	8.728231811523438
276	7.991815185546875	8.584650268554688
277	8.1382177734375	8.395455932617187
278	7.951942138671875	8.624124755859375
279	7.846179809570312	8.070115356445312
280	7.51953369140625	8.057661743164063
281	8.060255126953125	7.9685009765625
282	8.056882934570313	7.878989868164062
283	7.947745361328125	7.6163330078125
284	7.821088256835938	7.740250244140625
285	7.817396240234375	7.96276611328125
286	7.700292358398437	7.821445922851563
287	7.861010131835937	7.6340625
288	7.55674072265625	8.096882934570312
289	7.845485229492187	8.031561279296875
290	7.643526611328125	7.776509399414063
291	7.851079711914062	7.8305517578125
292	7.98616455078125	7.897411499023438
293	8.552378540039063	8.072315063476562
294	8.3866357421875	8.092755737304687
295	7.59510986328125	7.656580200195313
296	7.469163818359375	7.516417236328125
297	7.862640380859375	7.812608032226563
298	7.9990301513671875	7.698587036132812
299	7.6705084228515625	7.5788232421875
300	7.961024780273437	8.537306518554688
301	7.98582275390625	8.286267700195312
302	7.724735107421875	7.784547119140625
303	7.7108917236328125	7.94048583984375
304	7.613667602539063	7.74334716796875
305	7.730108642578125	7.597986450195313
306	7.5178765869140625	7.571666870117188
307	7.45855712890625	7.513971557617188
308	7.5545806884765625	8.67162353515625
309	7.664685668945313	7.944265747070313
310	7.623003540039062	7.664114990234375
311	7.576303100585937	7.6095208740234375
312	7.652637329101562	7.798929443359375
313	7.420132446289062	7.534105224609375
314	7.6157989501953125	7.5532379150390625
315	7.733003540039062	7.2372021484375
316	7.680690307617187	7.951959838867188
317	7.773163452148437	7.589330444335937
318	7.629747924804687	7.607998046875
319	7.3519439697265625	7.739782104492187
320	7.57156005859375	7.84389892578125
321	7.749957275390625	7.517471923828125
322	7.460037841796875	7.515175170898438
323	7.422037353515625	7.7182244873046875
324	7.951008911132813	7.564783325195313
325	7.529099731445313	7.495267944335938
326	7.61299072265625	7.574819946289063
327	7.544581298828125	7.313138427734375
328	7.392957153320313	7.353349609375
329	7.275441284179688	7.1247607421875
330	7.214713134765625	7.125291137695313
331	7.277058715820313	7.517733154296875
332	7.082899780273437	7.147156372070312
333	7.238136596679688	7.377056884765625
334	7.377933959960938	7.282806396484375
335	7.040513305664063	7.017139892578125
336	7.2656787109375	7.064077758789063
337	7.336763305664062	7.012301025390625
338	6.997569580078125	6.861549072265625
339	7.00947021484375	6.737052001953125
340	6.77848876953125	6.994580078125
341	7.036229858398437	7.157993774414063
342	6.78469482421875	7.0483251953125
343	6.859696655273438	7.008773193359375
344	7.025980834960937	6.83155029296875
345	6.729354248046875	6.95527587890625
346	6.810181274414062	6.8666748046875
347	6.92631591796875	6.677890625
348	6.76954345703125	6.774029541015625
349	6.8874560546875	6.612288208007812
350	6.736124877929687	6.789107666015625
351	7.018027954101562	6.62550537109375
352	6.776948852539062	6.852046508789062
353	6.661058959960937	7.128223876953125
354	7.017860717773438	7.5325146484375
355	6.850623779296875	7.321665649414062
356	7.177454833984375	7.9615020751953125
357	7.58991455078125	7.241603393554687
358	7.389642333984375	7.069034423828125
359	6.9604425048828125	6.898601684570313
360	6.91859619140625	6.944302368164062
361	6.803184814453125	6.94069091796875
362	6.892882690429688	6.989830322265625
363	6.744443359375	6.846661987304688
364	6.877024536132812	6.898128051757812
365	6.54691162109375	6.781150512695312
366	6.64654052734375	6.83627197265625
367	6.552921752929688	6.933465576171875
368	6.668409423828125	6.86516845703125
369	6.818756103515625	6.482877197265625
370	6.64208984375	6.716043701171875
371	7.047853393554687	6.82333740234375
372	6.996581420898438	6.92547607421875
373	6.761417236328125	6.845723876953125
374	6.538836669921875	6.746553344726562
375	6.61778076171875	6.654971923828125
376	6.731842041015625	6.714426879882812
377	6.21759765625	7.485731201171875
378	6.522324829101563	6.552386474609375
379	6.6975250244140625	6.6013427734375
380	6.706273803710937	6.573900146484375
381	6.377310791015625	6.521079711914062
382	6.769896850585938	6.456793212890625
383	6.525064697265625	6.636233520507813
384	6.57113525390625	7.727462158203125
385	6.623656616210938	6.7838818359375
386	6.796490478515625	6.789735717773437
387	6.591377563476563	6.562648315429687
388	6.978050537109375	8.336895141601563
389	7.083505859375	7.041162109375
390	6.66779541015625	6.623135375976562
391	6.722136840820313	6.75423583984375
392	6.778955688476563	6.51294677734375
393	6.606461181640625	6.438984985351563
394	6.305332641601563	6.615946655273437
395	6.601585693359375	6.8535546875
396	6.660928344726562	6.4885693359375
397	6.8914422607421875	6.654171752929687
398	6.830347900390625	6.777029418945313
399	6.8890576171875	6.899872436523437
400	6.957188110351563	6.637938842773438
401	6.62461181640625	6.773716430664063
402	6.6166448974609375	6.693807373046875
403	6.737388916015625	6.613667602539063
404	6.557374877929687	6.781817626953125
405	6.404194946289063	6.583456420898438
406	6.441259155273437	6.6719775390625
407	6.5872344970703125	6.6875238037109375
408	6.479703369140625	6.6412506103515625
409	6.723021850585938	6.827120361328125
410	6.470294799804687	6.56668701171875
411	6.288362426757812	6.308526611328125
412	6.346505737304687	6.385628051757813
413	6.392901611328125	6.489288330078125
414	6.497218627929687	6.56147216796875
415	6.564107666015625	6.752998046875
416	6.349796142578125	6.437327880859375
417	6.254312744140625	6.807505493164062
418	6.704540405273438	6.3402978515625
419	6.620186767578125	6.785127563476562
420	6.208907470703125	6.584923095703125
421	6.215623779296875	6.2606787109375
422	6.3406298828125	6.565165405273437
423	6.435834350585938	6.8056982421875
424	6.39842529296875	6.200553588867187
425	6.31719482421875	6.463733520507812
426	6.525693969726563	6.699900512695312
427	6.188189697265625	6.10753662109375
428	6.013090209960938	6.221866455078125
429	5.953899536132813	5.937154541015625
430	6.263289184570312	6.573699951171875
431	5.880428466796875	5.841902465820312
432	5.533024291992188	6.18769775390625
433	6.267179565429688	6.60114013671875
434	6.042776489257813	6.780496826171875
435	6.683877563476562	6.13235107421875
436	6.10571044921875	6.026491088867187
437	6.121849365234375	6.098422241210938
438	5.816422729492188	7.179164428710937
439	6.301170654296875	6.58152099609375
440	6.3172021484375	6.100603637695312
441	6.232000122070312	6.226567993164062
442	6.103693237304688	6.406837158203125
443	6.131322631835937	7.38899658203125
444	7.140867919921875	6.863892822265625
445	6.42610107421875	6.32751708984375
446	6.45925537109375	6.0843017578125
447	6.226369018554688	6.206746215820313
448	6.237445068359375	6.420638427734375
449	6.1230712890625	6.359066772460937
450	6.208492431640625	6.398970947265625
451	6.17009521484375	6.341489868164063
452	6.249326782226563	6.2999200439453125
453	6.04851806640625	6.14660400390625
454	5.9330078125	6.30588134765625
455	6.342882080078125	6.11531005859375
456	6.1043603515625	6.3314501953125
457	6.154114990234375	6.40830322265625
458	6.013255615234375	6.311380004882812
459	6.1874237060546875	6.355765991210937
460	6.023317260742187	6.151978759765625
461	6.021444091796875	6.0421484375
462	6.42784912109375	6.058544921875
463	6.0190496826171875	6.095146484375
464	6.218731689453125	6.479673461914063
465	6.183433227539062	6.267992553710937
466	6.441339111328125	6.100811767578125
467	5.9389599609375	6.386697387695312
468	7.6706475830078125	8.8397509765625
469	8.959006958007812	8.98435791015625
470	8.748955688476563	7.381202392578125
471	9.383704833984375	9.334860229492188
472	8.964200439453125	9.018819580078125
473	8.523814697265625	8.931700439453126
474	8.803817138671874	8.959633178710938
475	9.127992553710937	8.83568359375
476	8.824183349609376	8.79373046875
477	8.989412231445312	8.966740112304688
478	8.841865844726563	8.97513916015625
479	8.107761840820313	8.931544799804687
480	8.510294799804688	8.654713134765625
481	8.5174658203125	8.413634643554687
482	8.461805419921875	8.440934448242187
483	9.011533813476563	8.413148193359374
484	8.560172119140624	8.6923876953125
485	8.314066162109375	8.60179931640625
486	8.022685546875	8.170564575195312
487	8.333941650390624	8.098214721679687
488	8.219274291992187	8.226669921875
489	8.254324340820313	8.456705322265625
490	7.973301391601563	8.221808471679687
491	8.104492797851563	8.168088989257813
492	8.186704711914063	7.951946411132813
493	8.451215209960937	7.96220947265625
494	7.983311767578125	8.243997802734375
495	7.90068359375	8.15081298828125
496	7.812136840820313	8.247600708007813
497	8.014678955078125	8.410259399414063
498	7.921416015625	7.986439208984375
499	7.78190185546875	7.720353393554688
500	7.712086791992188	7.8665838623046875
501	7.99125732421875	7.747994995117187
502	7.762285766601562	8.0305419921875
503	7.65878173828125	7.688837890625
504	6.836891479492188	6.965430908203125
505	7.31410400390625	6.89783935546875
506	7.291856689453125	6.898939208984375
507	6.3894091796875	6.772420654296875
508	7.205088500976562	6.834339599609375
509	7.315303955078125	8.126021728515624
510	7.676004028320312	7.9931396484375
511	7.426895751953125	7.630127563476562
512	7.513375244140625	7.608174438476563
513	8.05236083984375	7.5702276611328125
514	7.761187744140625	7.727989501953125
515	7.3473193359375	7.738878173828125
516	7.220572509765625	7.59979248046875
517	7.849764404296875	7.58653076171875
518	8.036082763671875	7.560608520507812
519	7.44848876953125	7.891724243164062
520	6.988872680664063	7.33540283203125
521	7.570994262695312	7.557376708984375
522	7.423517456054688	7.654074096679688
523	7.402711791992187	7.618959350585937
524	7.351536254882813	7.577200927734375
525	7.751493530273438	7.7751531982421875
526	7.443511962890625	7.426690673828125
527	7.521629638671875	7.530989990234375
528	7.648097534179687	7.681904907226563
529	7.270615234375	7.286481323242188
530	7.144150390625	7.299793701171875
531	7.636137084960938	7.35678466796875
532	7.8073388671875	7.2235302734375
533	7.3286669921875	7.394804077148438
534	7.07608642578125	7.4523248291015625
535	7.420100708007812	7.691845092773438
536	7.20610107421875	7.301988525390625
537	7.419613037109375	7.070279541015625
538	7.312047729492187	6.973226928710938
539	7.147076416015625	7.584564208984375
540	7.332841186523438	6.870480346679687
541	7.352943725585938	7.378631591796875
542	6.987049560546875	7.204856567382812
543	5.739156494140625	5.81579833984375
544	5.676412353515625	5.415142822265625
545	5.348165283203125	5.532802124023437
546	5.4222412109375	5.522857055664063
547	5.755481567382812	5.379779663085937
548	5.732474975585937	5.274992065429688
549	5.32642822265625	5.458919677734375
550	5.52404296875	5.5638275146484375
551	5.4900439453125	5.30213134765625
552	5.18919189453125	5.566836547851563
553	5.39484619140625	5.32975830078125
554	5.229508056640625	5.486532592773438
555	5.159404296875	5.370394287109375
556	5.203411865234375	5.37378173828125
557	4.921387329101562	5.145662841796875
558	5.224048461914062	5.466329956054688
559	5.323585815429688	5.462225341796875
560	5.118003540039062	5.412866821289063
561	5.459976806640625	5.1800994873046875
562	5.308091430664063	5.304681396484375
563	5.4025244140625	5.588861083984375
564	5.437457275390625	5.1174142456054685
565	5.318067626953125	5.2050732421875
566	4.97420166015625	5.121146240234375
567	5.170843505859375	5.24544921875
568	5.3817901611328125	5.276653442382813
569	5.147945556640625	5.146035766601562
570	4.989044799804687	5.166715087890625
571	5.328380126953125	4.9470736694335935
572	5.095751342773437	4.912811889648437
573	4.869157409667968	5.023780517578125
574	5.0639190673828125	5.2277783203125
575	5.2138818359375	5.131446533203125
576	5.234439086914063	5.003904113769531
577	5.362320556640625	5.066661376953125
578	5.046763000488281	5.368367309570313
579	4.989134216308594	5.06858642578125
580	4.871901245117187	4.934771118164062
581	5.178327026367188	4.922279968261718
582	4.86899658203125	4.921557922363281
583	5.372880249023438	5.036390686035157
584	4.848465881347656	5.2759033203125
585	4.99850830078125	4.922544250488281
586	5.123161010742187	5.365132446289063
587	4.960858154296875	4.952262573242187
588	4.846113586425782	4.803966064453125
589	4.904609680175781	4.851907958984375
590	5.20427734375	4.802532958984375
591	5.084609680175781	5.053732299804688
592	5.147105712890625	4.853071899414062
593	5.289068603515625	4.826889343261719
594	4.979395446777343	4.90138671875
595	4.960462646484375	4.948478698730469
596	4.777530212402343	4.831322937011719
597	4.921830444335938	4.6186917114257815
598	4.777326965332032	4.785690612792969
599	5.1506414794921875	5.07751708984375
600	4.598645629882813	5.135466918945313
601	5.014540100097657	4.96679443359375
602	5.233821411132812	4.9231570434570315
603	4.844642639160156	5.166774291992187
604	4.674493408203125	5.163162841796875
605	4.921856384277344	5.18334716796875
606	4.688589477539063	5.15349365234375
607	5.135908813476562	5.071532287597656
608	4.752939453125	4.789008483886719
609	4.798728332519532	4.924281921386719
610	4.8781436157226565	4.918803405761719
611	4.563372802734375	4.661128540039062
612	5.249351196289062	4.630289611816406
613	4.887330322265625	5.082247619628906
614	4.961049194335938	5.082162780761719
615	4.680231018066406	5.000982971191406
616	4.972467346191406	5.043409729003907
617	4.924106140136718	5.086773681640625
618	4.834610290527344	4.769593811035156
619	4.64498291015625	5.1015536499023435
620	4.9222119140625	5.109277038574219
621	4.732952270507813	4.9876336669921875
622	4.648236694335938	4.803149108886719
623	4.750077209472656	4.779583435058594
624	4.551935729980468	4.822406005859375
625	4.518588562011718	4.699957275390625
626	4.683634033203125	4.601665649414063
627	5.033231506347656	5.059111938476563
628	4.745199279785156	5.049256286621094
629	4.490308227539063	4.726192626953125
630	4.748081359863281	4.861724243164063
631	4.253335876464844	4.686195373535156
632	4.915222778320312	4.81752685546875
633	4.636316528320313	4.848685607910157
634	4.674210815429688	4.757504577636719
635	4.513163452148437	4.806034851074219
636	4.953052673339844	4.711328125
637	4.8095465087890625	4.726324157714844
638	4.710501098632813	4.578543090820313
639	4.701972351074219	4.818865661621094
640	4.6831271362304685	4.642153930664063
641	4.853066101074218	4.596022033691407
642	4.855122375488281	4.819940795898438
643	4.8314208984375	4.589827880859375
644	4.395418701171875	4.575968017578125
645	4.307218627929688	4.699674377441406
646	4.675932312011719	4.830713195800781
647	4.59026611328125	4.5864324951171875
648	4.659801025390625	4.566391906738281
649	4.776791076660157	4.693558349609375
650	4.626262817382813	4.406465759277344
651	4.627181701660156	4.800618591308594
652	4.603904418945312	4.765522155761719
653	4.9749142456054685	4.716076049804688
654	4.59603271484375	4.711399536132813
655	4.795018310546875	4.852556762695312
656	4.862303466796875	4.657534790039063
657	4.650968322753906	4.569500732421875
658	4.523358764648438	4.437568969726563
659	4.330655822753906	4.586820983886719
660	4.5328457641601565	4.517978820800781
661	4.476811828613282	4.383200073242188
662	4.105746459960938	4.514837646484375
663	4.4823193359375	4.438600158691406
664	4.261480712890625	4.612326965332032
665	4.466572265625	4.547529296875
666	4.6056585693359375	4.7574658203125
667	4.70364990234375	4.48361572265625
668	4.411238403320312	4.290868225097657
669	4.634115600585938	4.553498229980469
670	4.355504150390625	4.747536010742188
671	4.2153472900390625	4.529425354003906
672	4.47964599609375	4.4235498046875
673	4.41911376953125	4.583013305664062
674	4.6331103515625	4.530089111328125
675	4.442549133300782	4.691699523925781
676	4.14680419921875	4.425520629882812
677	4.871945495605469	4.485581665039063
678	4.525945129394532	4.427908325195313
679	4.357153625488281	4.699200134277344
680	4.569730834960938	4.75062255859375
681	4.646370849609375	4.512807922363281
682	4.79953125	4.66829833984375
683	4.630322570800781	4.509991760253906
684	4.362710876464844	4.476497497558594
685	4.429901123046875	4.160518798828125
686	4.344396362304687	4.296003723144532
687	4.126893310546875	4.473751220703125
688	4.0117333984375	4.370751953125
689	4.058175659179687	4.43478271484375
690	4.158484191894531	4.227839660644531
691	4.279913024902344	4.343147888183593
692	4.407321472167968	4.3348974609375
693	4.235722045898438	4.080997009277343
694	4.067784118652344	4.206171875
695	4.45046630859375	4.388989562988281
696	4.409236450195312	4.4083642578125
697	4.426188049316406	4.46665283203125
698	4.341221313476563	4.4088671875
699	4.282783508300781	4.252781982421875
700	4.3111135864257815	4.4496157836914065
701	4.071182861328125	4.500903015136719
702	4.1715936279296875	4.175582275390625
703	4.106438903808594	4.2102749633789065
704	4.398503112792969	4.4363330078125
705	3.972811584472656	4.123690795898438
706	4.3114385986328125	4.11112060546875
707	4.098522338867188	4.37376708984375
708	4.281191711425781	4.313397827148438
709	4.041507873535156	4.233827514648437
710	4.177939453125	4.246574401855469
711	4.480763549804688	4.419066772460938
712	4.38490478515625	4.166895141601563
713	3.9418896484375	4.097185974121094
714	3.9137823486328127	4.417365417480469
715	4.064168395996094	4.3455807495117185
716	4.2320013427734375	4.544759521484375
717	4.364403381347656	4.193717041015625
718	4.132550659179688	4.16119140625
719	4.424012145996094	3.996044006347656
720	4.371769409179688	4.47261474609375
721	4.099179992675781	4.1777734375
722	4.206600036621094	4.205652465820313
723	4.210298461914062	4.64339599609375
724	4.477099609375	4.367903747558594
725	4.460044860839844	4.465137329101562
726	4.490056762695312	4.213729248046875
727	4.531596069335937	4.2443310546875
728	4.415613403320313	4.4585595703125
729	4.304377746582031	4.529195861816406
730	4.377970886230469	4.399351196289063
731	4.189506530761719	4.268403930664062
732	4.206393737792968	4.393252258300781
733	4.315235290527344	4.371593627929688
734	4.46468994140625	4.5762765502929685
735	4.196963806152343	4.197926330566406
736	4.286185607910157	4.042174377441406
737	4.264536743164062	4.222726745605469
738	3.7945684814453124	4.189524230957031
739	4.12556640625	4.347111206054688
740	4.194169616699218	4.37017333984375
741	3.99138427734375	4.265796813964844
742	4.095273132324219	3.9994540405273438
743	3.7842633056640627	4.377759399414063
744	4.25345458984375	4.417487487792969
745	4.194368896484375	4.111077575683594
746	3.9315872192382812	4.095624389648438
747	4.105221252441407	4.248294982910156
748	3.8146124267578125	4.156622009277344
749	4.140056457519531	3.9621371459960937
750	4.033228149414063	4.013333129882812
751	4.2840423583984375	4.137408447265625
752	3.991030578613281	3.80445068359375
753	4.260655822753907	3.991697082519531
754	4.108651733398437	4.06534912109375
755	3.89179931640625	4.292942810058594
756	4.084590148925781	3.9022702026367186
757	3.9500802612304686	4.103334350585937
758	4.01841552734375	4.001376037597656
759	3.924227600097656	3.955652160644531
760	4.330037841796875	4.064118957519531
761	4.338537902832031	4.2164154052734375
762	3.8230474853515624	4.029867248535156
763	3.965542907714844	4.028337097167968
764	3.9210076904296876	4.169321594238281
765	4.11552734375	4.09007568359375
766	3.8974261474609375	3.998062744140625
767	3.9040536499023437	4.023346557617187
768	3.6983413696289062	3.918215637207031
769	3.9376760864257814	4.011030883789062
770	4.146333923339844	3.9667578125
771	4.353938293457031	4.190053405761719
772	4.162851867675781	4.13875
773	4.129244079589844	4.041776733398438
774	3.887245788574219	4.242956848144531
775	3.703932800292969	3.8941546630859376
776	3.847608947753906	3.859114074707031
777	3.815965270996094	3.7368820190429686
778	3.636099548339844	3.9536398315429686
779	3.872947998046875	3.769711608886719
780	4.034527587890625	3.7527490234375
781	3.7111715698242187	3.726537780761719
782	3.991540832519531	3.9839605712890624
783	3.891507568359375	3.7451953125
784	3.6698977661132814	3.654953918457031
785	3.9699740600585938	3.865340270996094
786	3.716746826171875	3.86203125
787	3.6915802001953124	3.82462890625
788	3.9979891967773438	4.084213562011719
789	4.014557495117187	4.0433807373046875
790	3.9554742431640624	4.204767150878906
791	3.720644226074219	3.6961724853515623
792	3.8028375244140626	3.9295230102539063
793	3.9572433471679687	3.8209185791015625
794	4.098630676269531	3.692243957519531
795	3.839222717285156	3.7176919555664063
796	3.691883544921875	3.8506423950195314
797	3.6568096923828124	4.004156799316406
798	4.1132177734375	3.8056375122070314
799	3.898001708984375	3.56877197265625
800	3.80251220703125	4.0396728515625
801	3.6819659423828126	4.146029357910156
802	3.544025573730469	3.839261169433594
803	3.4818536376953126	3.8134002685546875
804	3.7802947998046874	3.7504925537109375
805	3.6990286254882814	3.6531744384765625
806	3.335498962402344	3.9265069580078125
807	3.7272491455078125	3.8034698486328127
808	3.7994070434570313	3.8035049438476562
809	3.8963751220703124	3.795546875
810	3.923946533203125	3.59685302734375
811	4.022769775390625	3.664778747558594
812	4.015626220703125	3.8078277587890623
813	3.8605181884765627	3.8298638916015624
814	3.9423358154296877	3.8645098876953123
815	4.101916809082031	3.916032409667969
816	3.8539019775390626	3.942655029296875
817	3.2967193603515623	3.9282830810546874
818	3.7118374633789064	3.845988464355469
819	3.4162026977539064	3.7661444091796876
820	3.6814999389648437	3.864832458496094
821	3.927152099609375	3.8082611083984377
822	3.6531777954101563	4.079373474121094
823	3.6774917602539063	4.208899841308594
824	3.759821472167969	3.733487548828125
825	3.499875793457031	3.693938903808594
826	3.3975445556640627	3.7876300048828124
827	3.6429177856445314	3.8576693725585938
828	3.520643615722656	3.982659912109375
829	3.752991943359375	3.781627197265625
830	4.078622436523437	3.9777041625976564
831	3.719840393066406	3.63543212890625
832	3.4027886962890626	3.6334872436523438
833	3.8635910034179686	3.7148895263671875
834	3.9122970581054686	3.695825500488281
835	3.7820645141601563	3.513891296386719
836	3.9713555908203126	3.7024127197265626
837	3.589721984863281	3.6883773803710938
838	3.2387969970703123	3.596971435546875
839	7.323104248046875	8.862991943359376
840	5.149153442382812	3.6750091552734374
841	3.9279208374023438	4.123542785644531
842	4.031328735351562	3.913535461425781
843	3.683048095703125	3.7676510620117187
844	3.7947503662109376	3.6226071166992186
845	3.6637823486328127	3.72795654296875
846	4.151659545898437	3.9428900146484374
847	3.8907931518554686	3.5980453491210938
848	3.6014202880859374	3.5696334838867188
849	3.7483999633789065	3.6385397338867187
850	3.4403656005859373	3.526131591796875
851	3.7441140747070314	3.7857046508789063
852	3.417464599609375	3.332855529785156
853	3.739394226074219	3.478636474609375
854	3.9490060424804687	3.6814813232421875
855	3.8228445434570313	3.6694525146484374
856	3.5973651123046877	3.9369183349609376
857	3.508123779296875	3.576907958984375
858	3.683822021484375	3.7493939208984375
859	3.7353887939453125	3.5683746337890625
860	3.300189208984375	3.52444091796875
861	3.5486798095703125	3.540989990234375
862	3.5367645263671874	3.576029052734375
863	3.409461669921875	3.6881781005859375
864	3.393552551269531	3.7785345458984376
865	3.5114974975585938	3.856654052734375
866	3.1593206787109374	3.5884552001953125
867	3.9727099609375	3.6402984619140626
868	3.7357904052734376	3.605545959472656
869	3.7385067749023437	3.61564208984375
870	3.5502386474609375	3.5483642578125
871	3.38891845703125	3.5518148803710936
872	3.4817401123046876	3.6393191528320314
873	3.5237857055664064	3.6145803833007815
874	3.6474740600585935	3.5289990234375
875	3.720550842285156	3.6502719116210938
876	3.791798095703125	3.516788330078125
877	3.3877484130859377	3.4797634887695312
878	3.4761282348632814	3.455582275390625
879	3.3530389404296876	3.4458599853515626
880	3.416846923828125	3.3939605712890626
881	3.593284912109375	3.7631961059570314
882	3.198545227050781	3.579539794921875
883	3.7281314086914064	3.6166390991210937
884	3.2008892822265627	3.5404483032226564
885	3.6165673828125	3.540081787109375
886	3.578987731933594	3.5516168212890626
887	3.648831787109375	3.440699462890625
888	3.6887200927734374	3.6406622314453125
889	3.588270568847656	3.3650021362304687
890	3.293978271484375	3.375768737792969
891	3.55321044921875	3.721976318359375
892	3.4095578002929687	3.49844970703125
893	3.3139617919921873	3.1979714965820314
894	3.5836614990234374	3.3897695922851563
895	3.247457275390625	3.329018859863281
896	3.129128723144531	3.673326110839844
897	3.3184585571289062	3.394899597167969
898	3.6761538696289064	3.37682373046875
899	3.682372741699219	3.4074493408203126
900	3.6617202758789062	3.5480072021484377
901	3.4427090454101563	3.5116156005859374
902	3.401192626953125	3.6474044799804686
903	3.496357421875	3.5021566772460937
904	3.4971044921875	3.57884521484375
905	3.340590515136719	3.393756103515625
906	3.3924005126953123	3.5523892211914063
907	3.6409228515625	3.343448486328125
908	3.15099609375	3.1400604248046875
909	3.16291748046875	3.3517291259765627
910	3.598965759277344	3.096693420410156
911	3.443922424316406	3.5151824951171875
912	3.5372015380859376	3.4432861328125
913	3.3099594116210938	3.249802551269531
914	3.891673889160156	3.489171142578125
915	3.465255126953125	3.7180709838867188
916	3.543140869140625	3.509654235839844
917	3.2622994995117187	3.5288726806640627
918	3.148772888183594	3.4799493408203124
919	3.364815673828125	3.6068865966796877
920	3.217665710449219	3.3870974731445314
921	3.566341552734375	3.257204895019531
922	3.3444198608398437	3.3368414306640624
923	3.129195251464844	3.191053466796875
924	3.6286849975585938	3.5481671142578124
925	3.6183868408203126	3.357232666015625
926	3.631951904296875	3.4389407348632814
927	3.391133117675781	3.137320251464844
928	3.2266839599609374	3.474074401855469
929	3.485269775390625	3.1851345825195314
930	3.148545227050781	3.4100515747070315
931	3.0237396240234373	3.3466259765625
932	3.126370849609375	3.330709228515625
933	3.2115914916992185	3.471640625
934	3.3187042236328126	3.5959878540039063
935	3.2443121337890624	3.5668365478515627
936	3.078634033203125	3.555618896484375
937	3.1463787841796873	3.7098574829101563
938	3.497308654785156	3.4770358276367186
939	3.4733245849609373	3.43557861328125
940	3.283643798828125	3.2726092529296875
941	3.1566705322265625	3.4742694091796875
942	3.437506103515625	3.49896728515625
943	3.206075439453125	3.2918292236328126
944	3.032454528808594	3.1437200927734374
945	3.526259765625	3.3902236938476564
946	2.982552185058594	3.376218566894531
947	3.5821441650390624	3.488470153808594
948	3.40711181640625	3.423997802734375
949	3.638167419433594	3.6001968383789062
950	3.416734619140625	3.4625048828125
951	3.235315246582031	3.404377746582031
952	3.0022418212890627	3.3058837890625
953	3.2889532470703124	3.3986773681640625
954	3.2443756103515624	3.255582275390625
955	3.3317431640625	3.4488720703125
956	3.5031399536132812	3.48740234375
957	3.461419677734375	3.3160589599609374
958	3.4668753051757815	3.378534240722656
959	3.351302490234375	3.4890069580078125
960	3.2050152587890626	3.463038024902344
961	3.4677200317382812	3.3206298828125
962	3.370735778808594	3.298415222167969
963	3.276641845703125	3.2651821899414064
964	3.0391552734375	3.3208349609375
965	3.5010528564453125	3.4835076904296876
966	3.357940673828125	3.698848876953125
967	3.5260696411132812	3.225338134765625
968	3.2434271240234374	3.3585861206054686
969	2.985518493652344	3.240953063964844
970	3.300059814453125	3.0137289428710936
971	3.4537994384765627	3.2533599853515627
972	3.146209411621094	3.288160400390625
973	3.190135498046875	3.2573275756835938
974	3.4862435913085936	3.3807342529296873
975	3.1844778442382813	3.260023193359375
976	3.5288702392578126	3.298097839355469
977	3.1555999755859374	3.178830871582031
978	2.834339599609375	3.318334655761719
979	3.256403503417969	3.3479931640625
980	3.327669982910156	3.2211569213867186
981	3.3442791748046874	3.4432034301757812
982	3.6281063842773436	3.409335021972656
983	3.3411764526367187	3.2601361083984375
984	3.267294921875	3.4719915771484375
985	3.0393524169921875	3.2095761108398437
986	3.51826904296875	2.939310302734375
987	3.2930218505859377	3.38982666015625
988	3.2170892333984376	3.009230041503906
989	3.3361660766601564	3.27494384765625
990	3.0929327392578125	3.097142639160156
991	3.243955078125	3.092836608886719
992	3.241014099121094	3.349300537109375
993	3.259959411621094	3.118821716308594
994	3.5067684936523436	3.1384600830078124
995	3.4391189575195313	3.514933776855469
996	3.2419467163085938	3.346651306152344
997	3.011219787597656	3.3062088012695314
998	3.0134356689453123	3.3007763671875
999	3.133873291015625	3.23720458984375
1000	3.109474792480469	3.1747247314453126
1001	3.3164666748046874	3.1161358642578123
1002	3.0009146118164063	3.20842529296875
1003	2.857353515625	3.3560906982421876
1004	3.0632369995117186	3.201434326171875
1005	3.192262878417969	3.317149353027344
1006	3.067642822265625	3.240678405761719
1007	2.986971130371094	3.279222412109375
1008	3.300165100097656	3.397982177734375
1009	3.228490905761719	2.859981689453125
1010	2.6438763427734373	2.853893127441406
1011	3.1562063598632815	3.1296560668945315
1012	3.024066162109375	3.047394104003906
1013	3.200783386230469	3.1818667602539064
1014	2.7483807373046876	2.9188177490234377
1015	2.9964419555664064	2.984061279296875
1016	2.7602719116210936	3.1267910766601563
1017	3.2787130737304686	3.274921569824219
1018	3.1090243530273436	3.170651550292969
1019	2.8740570068359377	3.161370849609375
1020	2.9703289794921877	3.152353515625
1021	3.0461135864257813	3.261317138671875
1022	3.1532968139648436	3.2042657470703126
1023	3.203397521972656	3.305572509765625
1024	3.16037109375	3.2503231811523436
1025	3.0076632690429688	3.2995062255859375
1026	2.8192608642578123	3.2359878540039064
1027	3.4568295288085937	3.5564114379882814
1028	3.2712420654296874	3.397259521484375
1029	3.232684326171875	3.1771279907226564
1030	3.3269119262695312	3.168419189453125
1031	3.1186431884765624	3.192865905761719
1032	3.366971435546875	3.059864196777344
1033	3.28148681640625	3.04509521484375
1034	3.0768310546875	3.0351898193359377
1035	2.9941867065429686	2.939320068359375
1036	2.955644226074219	2.8940679931640627
1037	3.28361083984375	2.9828530883789064
1038	3.1936941528320313	2.8501107788085935
1039	2.9161492919921876	3.38130615234375
1040	3.300621337890625	3.158856201171875
1041	3.480845947265625	3.210995788574219
1042	3.2411224365234377	3.384278564453125
1043	2.9729931640625	3.2268612670898436
1044	3.0953848266601565	2.9003024291992188
1045	3.1004266357421875	2.999231872558594
1046	3.1442880249023437	3.043970642089844
1047	2.8485147094726564	3.07879150390625
1048	2.7123199462890626	2.975029296875
1049	3.356134948730469	3.2202548217773437
1050	3.2600482177734373	2.8814706420898437
1051	2.91023681640625	3.2612725830078126
1052	2.663446350097656	3.109439697265625
1053	3.225748291015625	2.925765380859375
1054	3.030909423828125	2.8472607421875
1055	3.0688494873046874	2.8999819946289063
1056	2.8713861083984376	2.9506622314453126
1057	3.288003234863281	2.9994000244140624
1058	3.099462585449219	2.8449502563476563
1059	3.017744445800781	2.848717041015625
1060	3.0100555419921875	2.9406033325195313
1061	2.9207638549804686	2.922424621582031
1062	3.332332763671875	3.2328012084960935
1063	2.896630859375	2.87478515625
1064	3.155789489746094	2.909793701171875
1065	2.90863525390625	3.0190475463867186
1066	3.2664276123046876	3.16052490234375
1067	3.014232177734375	3.267987060546875
1068	3.4649703979492186	3.3691131591796877
1069	3.1859173583984375	3.2559048461914064
1070	2.8108816528320313	3.046234436035156
1071	2.9379098510742185	2.9984893798828125
1072	2.6873980712890626	3.0881878662109377
1073	3.1033926391601563	2.8523260498046876
1074	2.844979248046875	3.0554486083984376
1075	2.91767822265625	3.1256167602539064
1076	2.9241213989257813	2.888731689453125
1077	2.8043667602539064	3.088403625488281
1078	2.7997256469726564	3.0273202514648436
1079	2.883200378417969	3.170771484375
1080	3.0499432373046873	3.1233615112304687
1081	3.172454833984375	2.815541076660156
1082	2.738137512207031	2.895538024902344
1083	2.7220419311523436	3.28876708984375
1084	3.0927374267578127	3.3273239135742188
1085	3.1833261108398436	2.8560369873046874
1086	3.1239849853515627	2.782145690917969
1087	3.1857363891601564	2.926197814941406
1088	2.907999267578125	3.1120730590820314
1089	2.9014947509765623	3.3798486328125
1090	2.8099249267578124	3.010755615234375
1091	3.077298889160156	3.1320181274414063
1092	2.7574954223632813	3.170941162109375
1093	3.030445556640625	3.0515606689453123
1094	2.8317401123046877	2.8858743286132813
1095	2.9514511108398436	2.937733459472656
1096	3.2254852294921874	3.1658535766601563
1097	3.0926324462890626	2.981622619628906
1098	2.864523620605469	3.0515887451171877
1099	2.5896975708007814	2.9306317138671876
1100	2.7487088012695313	2.825181579589844
1101	2.5006948852539064	2.9196466064453124
1102	2.919508972167969	3.16208251953125
1103	2.520416259765625	3.0631338500976564
1104	3.1658502197265626	2.648350830078125
1105	3.068233642578125	2.82292236328125
1106	2.700885009765625	3.1253521728515623
1107	2.705399169921875	3.3221044921875
1108	3.009985046386719	2.7287628173828127
1109	2.8066986083984373	2.891546325683594
1110	3.0992578125	2.650043640136719
1111	2.796001281738281	2.7397662353515626
1112	2.4008599853515626	3.3891766357421873
1113	2.967554626464844	3.094060363769531
1114	2.7553387451171876	3.004485778808594
1115	2.5700314331054686	2.4531629943847655
1116	2.7821975708007813	2.929705810546875
1117	3.0924676513671874	2.9056927490234377
1118	2.508301544189453	2.950115966796875
1119	2.458172149658203	2.8817535400390626
1120	3.023511962890625	2.9647320556640624
1121	2.9682830810546874	2.8179977416992186
1122	2.770871276855469	2.864532165527344
1123	2.97509765625	2.8382000732421875
1124	2.850494079589844	2.86203369140625
1125	2.9524188232421875	2.5913751220703123
1126	2.709858093261719	2.7921649169921876
1127	3.1170098876953123	2.9816094970703126
1128	2.816038818359375	2.8797772216796873
1129	2.749831237792969	2.7486297607421877
1130	2.909776306152344	2.93771240234375
1131	2.919285888671875	2.915002746582031
1132	2.654031066894531	2.9998516845703125
1133	2.3127638244628907	3.0681524658203125
1134	2.7905313110351564	3.103562316894531
1135	2.9528570556640625	2.763341369628906
1136	2.7035345458984374	2.9943988037109377
1137	3.017454833984375	2.9532275390625
1138	3.0125936889648437	2.990725402832031
1139	2.9005398559570312	2.7954226684570314
1140	2.8336297607421876	2.94565673828125
1141	2.910439453125	2.9021481323242186
1142	2.452994537353516	3.050969543457031
1143	2.643280334472656	2.7975729370117186
1144	2.8877227783203123	3.042743835449219
1145	3.104757080078125	3.0022286987304687
1146	2.6170257568359374	2.877358703613281
1147	2.6324893188476564	2.727127990722656
1148	2.960579833984375	2.7622201538085935
1149	2.7818035888671875	2.863157043457031
1150	3.0106887817382812	3.0450198364257814
1151	2.625418701171875	2.949310302734375
1152	2.3790911865234374	2.7848019409179687
1153	2.7682723999023438	3.2684664916992188
1154	2.7818923950195313	3.1234808349609375
1155	2.4739532470703125	2.9169931030273437
1156	2.82207275390625	2.956912841796875
1157	2.5745608520507814	2.6587069702148436
1158	2.639401550292969	3.0943637084960938
1159	2.6577313232421873	3.246277160644531
1160	2.586922607421875	2.896051025390625
1161	2.586734619140625	2.8009207153320315
1162	2.69501953125	2.902843017578125
1163	2.801844482421875	2.889423828125
1164	2.584593505859375	3.031421813964844
1165	2.8804666137695314	2.9011614990234373
1166	2.742370910644531	3.13100341796875
1167	2.674884033203125	3.142314758300781
1168	3.039264831542969	2.99534423828125
1169	2.9875494384765626	2.727228088378906
1170	2.6609716796875	2.8027920532226562
1171	2.7366903686523436	2.9013027954101562
1172	2.696282958984375	2.926285400390625
1173	2.785208435058594	2.793668212890625
1174	2.449088439941406	2.68893798828125
1175	2.8760946655273436	2.937716369628906
1176	2.8867022705078127	2.9000714111328123
1177	2.68486328125	2.9082015991210937
1178	2.359042510986328	2.74213134765625
1179	2.9120938110351564	2.795936279296875
1180	2.9183926391601562	2.71548095703125
1181	2.5208248901367187	2.6973712158203127
1182	2.4067413330078127	2.851580810546875
1183	2.8003585815429686	2.7683154296875
1184	2.575980224609375	3.015614013671875
1185	2.850912780761719	2.9056829833984374
1186	2.8503717041015624	2.774228210449219
1187	2.798612365722656	2.8163018798828126
1188	2.7245779418945313	2.8088897705078124
1189	2.950328063964844	3.0691253662109377
1190	2.5722415161132814	2.970034484863281
1191	2.6352618408203123	2.7969815063476564
1192	2.4507510375976564	2.825950012207031
1193	2.651616516113281	2.7453631591796874
1194	2.6592666625976564	3.079971923828125
1195	2.5523690795898437	2.923258972167969
1196	2.431737365722656	2.9972662353515624
1197	3.0565899658203124	2.872392578125
1198	2.996610412597656	2.62765380859375
1199	2.678524169921875	2.8546502685546873
1200	3.058113708496094	3.235465087890625
1201	2.780032958984375	2.967751770019531
1202	2.941831359863281	2.8083151245117186
1203	2.6361819458007814	2.9340875244140623
1204	2.929783935546875	2.889495544433594
1205	2.719801025390625	2.841395263671875
1206	2.8934317016601563	2.79606201171875
1207	2.5862115478515624	2.9576031494140627
1208	2.5914361572265623	3.0664443969726562
1209	2.6253076171875	2.8765350341796876
1210	2.8281295776367186	3.0093002319335938
1211	2.901766052246094	3.0360858154296877
1212	2.834900207519531	2.83147216796875
1213	2.7494766235351564	2.6862759399414062
1214	2.9702447509765624	2.928875732421875
1215	2.69227294921875	2.6494610595703123
1216	3.010470275878906	2.907904052734375
1217	2.62619873046875	2.703576965332031
1218	2.651423034667969	2.8461074829101562
1219	2.561898498535156	2.564627685546875
1220	2.407407684326172	2.6424224853515623
1221	2.5063128662109375	2.9293048095703127
1222	2.7362762451171876	2.723799743652344
1223	2.466050262451172	2.458848419189453
1224	2.6277706909179686	2.737516174316406
1225	2.8448995971679687	2.9682211303710937
1226	2.318697509765625	2.922526550292969
1227	2.93181884765625	2.896681213378906
1228	2.4528350830078125	2.6077752685546876
1229	2.8661160278320312	2.5996194458007813
1230	2.6988125610351563	3.004874267578125
1231	2.8093917846679686	2.9197628784179686
1232	2.7555502319335936	2.8172592163085937
1233	2.582686462402344	2.904312744140625
1234	2.9782965087890627	2.7878472900390623
1235	2.8215228271484376	2.506112060546875
1236	2.8156396484375	2.558888397216797
1237	2.4662596130371095	2.7057281494140626
