1	22.56862555609809	21.829486846923828
2	21.355331420898438	21.655765533447266
3	21.27426486545139	21.423280715942383
4	21.23464626736111	21.249439239501953
5	21.203026665581596	21.217382431030273
6	21.168284098307293	21.13503074645996
7	21.154449462890625	21.11443328857422
8	21.115308973524307	21.159088134765625
9	21.109327528211807	21.16411590576172
10	21.092359754774307	21.147716522216797
11	21.08224317762587	21.15336799621582
12	21.05807834201389	21.011856079101562
13	21.046159532335068	21.088613510131836
14	21.023841010199654	21.06453514099121
15	21.020389133029514	20.979415893554688
16	21.007049560546875	21.048583984375
17	20.97754584418403	21.174720764160156
18	20.94961378309462	21.014968872070312
19	20.937611897786457	21.116729736328125
20	20.9266357421875	21.057472229003906
21	20.929080539279514	21.053089141845703
22	20.899858262803818	20.97178077697754
23	20.89997016059028	21.00925064086914
24	20.893263075086807	21.008956909179688
25	20.88892279730903	21.05088233947754
26	20.872616238064236	21.088579177856445
27	20.87814161512587	20.940994262695312
28	20.847047593858505	21.02224349975586
29	20.827884250217014	20.988441467285156
30	20.852379692925346	20.989147186279297
31	20.83453877766927	21.046228408813477
32	20.82872856987847	20.900550842285156
33	20.815816243489582	20.92128562927246
34	20.802914089626736	20.975482940673828
35	20.805165608723957	21.066898345947266
36	20.781424628363716	20.996498107910156
37	20.768842909071182	21.039932250976562
38	20.773846096462673	21.058170318603516
39	20.77911885579427	20.955434799194336
40	20.769905938042534	20.978229522705078
41	20.734688652886284	21.050474166870117
42	20.743628607855904	21.035659790039062
43	20.731275770399307	21.05111312866211
44	20.709248860677082	20.94631576538086
45	20.706141153971355	21.050832748413086
46	20.677332560221355	21.03759002685547
