mass_1	mass_2	phase	time	distance	a_1	a_2	tilt_1	tilt_2	phi_12	phi_jl	theta_jn	psi	ra	dec
7.730741330742127	6.975016446795625	0.5229655095763961	8.285016189775	0.4750162574502969	0.5526524960374758	0.5108356700788622	0.19784941700508618	0.15069195823946038	0.5149468257175142	0.556057377057736	0.727908295531241	0.54901485067918	1.3008015428512012	1.1651042096645432
7.875267909518493	6.8406186549028405	0.5132200981643709	8.0515568437849	0.4721188940815643	0.551872269246874	0.49857277687329005	0.20374472425434872	0.15561842154246328	0.5156781127792661	0.5477307739414127	0.6848412691445688	0.5261693519805699	1.267685655568818	1.182094677784881
8.020049978394937	6.772970243224498	0.5285596660565532	8.03429255048089	0.4737371277299486	0.5725668167870065	0.5198002415928468	0.20945907501942848	0.15708248589707652	0.5069414788679941	0.5470641260384901	0.6771802536817056	0.5169168272509008	1.2686035698812166	1.1705479616833296
8.043043886158607	6.8012374918725245	0.5103744129680211	8.18302861029185	0.47564306347550256	0.5618229976732061	0.5160356671922646	0.20621898720143492	0.15550735117002207	0.5189029946806284	0.5550148268644397	0.6960946695108858	0.5273075326373811	1.2667154705798245	1.16506282286076
8.015539221975255	6.861668951525383	0.5086689198673157	7.951641101400183	0.4772452815253223	0.563719876431967	0.5238731428523045	0.19864432021212788	0.15082568028230203	0.5135761440734203	0.5626423902145484	0.7015043423773442	0.5446348426509201	1.2560657980265413	1.1570604710833154
8.035141896072751	7.0319047181432435	0.5131995011672223	8.04937548803954	0.48299154866719246	0.5695797737625778	0.5051013619585818	0.196409242273071	0.1549260207110803	0.5071086514680732	0.5734569621729231	0.6867349311160832	0.5455034756815244	1.2690411039932237	1.16503763837922
8.059576763382847	6.98816598760401	0.5207573017450385	7.908891305138077	0.4766383456940996	0.5574577722841044	0.5282576592966183	0.1936396083177916	0.15033452140396392	0.535407766760451	0.5590402584034064	0.681160086512104	0.5255467729275473	1.2330897674257824	1.1799651573140397
7.915614582975925	6.910007595685119	0.5115271281301804	8.100493729054087	0.4794067355553365	0.5639398659212644	0.5112784395140043	0.20060516416995755	0.15750704486367814	0.5208050814823525	0.5726889396691671	0.6945114631358177	0.535748231073544	1.2273217077491767	1.16018611906804
7.935655982135795	7.031680226782732	0.5088613714980518	8.150982697035893	0.4813505269539249	0.5732040192589576	0.51764096531668	0.20193315892738692	0.15099423687874294	0.5213646589600152	0.5774419897866493	0.6895873177206288	0.5540607096313026	1.2396894064903197	1.1505439458229845
7.882617187007104	7.011386315666215	0.5203175970208654	7.95809283518523	0.4859349205958989	0.5755092634708775	0.5397481369274562	0.1922135801453066	0.1547074224556874	0.5160855948835471	0.5595689439272387	0.7022086029529806	0.5380089463206147	1.263044504313417	1.1792442971589345
7.810064135007108	7.060894845020195	0.5058656265111269	8.244037844571519	0.4869307418359251	0.5729719876196672	0.5029866818515518	0.1963022321029353	0.1483043110874916	0.5184929490614968	0.5797090469154756	0.6929776380082883	0.5409755284938519	1.2646539149968399	1.1766534304351925
7.838860163757376	7.083884120924416	0.5050913369270558	8.054637533418418	0.48853788223440314	0.5781111362276943	0.5261650509305185	0.20288269670474565	0.14981696143256795	0.517048870622835	0.5647625860663127	0.6831735455950227	0.5245456366407101	1.2596278387471669	1.1681828267909504
7.772596881587451	7.024841328967195	0.5151764338053725	7.923446900992297	0.49564854126460056	0.5557827550550917	0.4914455008916878	0.1958004080283669	0.14556805715997762	0.5121912235436663	0.5616520485043807	0.6867933998149738	0.5137933110742198	1.240053345750162	1.1919249731553638
7.868510710866043	7.116634750116312	0.5121269114100361	8.091167303446488	0.49800011821898643	0.5720120437655363	0.5365171243833959	0.17941001041280488	0.14733602639805357	0.5118191465919125	0.5674883269790149	0.683918822833522	0.5292825788328615	1.218084946067311	1.1429121933105646
7.853835894781857	7.103608342926314	0.49241249498421263	8.036618837831142	0.4916076940979178	0.5894502046805227	0.5007183320593811	0.19649456549596409	0.1452394027831001	0.5318165262952417	0.5559161137724665	0.695536243560039	0.5307640795514973	1.238617538870054	1.1673471984627728
8.076905534268644	7.08922518761399	0.5079337747422258	8.145762960961164	0.5027705063454804	0.5888272706887349	0.5178610946912741	0.19762950454599576	0.14378594948518106	0.5008255859233415	0.5617206374889467	0.6953902812494029	0.5342150652126207	1.2357440683036907	1.1671522727304635
8.39406307490449	7.088831550804702	0.49765953612727315	8.190682191184278	0.501992150618945	0.5783870179692092	0.5284819437388755	0.20463033792831972	0.1578122830568133	0.48959148499036903	0.5639881058531647	0.680748693977225	0.5166533194866492	1.2104109032692711	1.1956692658069183
8.405618998956488	7.079251353757383	0.5265988953743205	7.978045824780637	0.502604085243731	0.5842226062131369	0.5236800407409183	0.20327522769099832	0.13956401780058766	0.5086509526683491	0.5621237102200033	0.6875558094867184	0.5295544413938529	1.2603462017280576	1.1659377351623397
8.207186369092732	6.989415082998161	0.5144365830392523	8.430267930416145	0.5005673495970355	0.5622896198999295	0.5237465993737668	0.20584134663595854	0.14947894129565195	0.5087538780249866	0.5676828944520615	0.693759853129997	0.5076654187203132	1.2621510835438974	1.1709174503142368
7.996862750485868	6.930429420663022	0.5088404546487622	8.07990314586131	0.5039766599443618	0.5749252719892004	0.5225962056668441	0.19538738527262853	0.14813294291945425	0.5069694600884724	0.5696605857099781	0.6775643653955762	0.4972385231456846	1.2545932569640088	1.1765384790943594
7.947691206409499	6.896547774142252	0.5093317191920547	8.172037705434509	0.5018409917718399	0.5719644340725542	0.5171751820386019	0.19955848101167006	0.14116613010232718	0.4984360194010649	0.588575358233929	0.683241159388255	0.5128652035739182	1.2488121772110758	1.1803351051501187
7.97809065098041	7.111957503511398	0.525379921853696	8.045565964349326	0.5016941931542932	0.5818776317377238	0.5415603667884155	0.20117883439975096	0.15750535886583303	0.519110287300056	0.562145242239132	0.7032376500738319	0.5340303321352627	1.2406834480133577	1.1926283138395362
8.04597573219454	6.994657749019458	0.49519915923556235	8.149063361456989	0.5043255865108517	0.5778926040747634	0.5156447971811414	0.19230726940517615	0.1629464485299384	0.5033877513855277	0.5528168424409473	0.6986189891378978	0.5162060299754463	1.2395256417469782	1.1788541647532946
7.901593298627614	6.853200337279028	0.49295348017209883	7.940284292045218	0.5006988363325687	0.572391929472842	0.5381819065976674	0.20768708413279216	0.1474793421534194	0.5051395219331122	0.5666922088452683	0.686129962278645	0.5240949698900845	1.251655975301993	1.179266966290989
8.006708250069124	7.098334178575376	0.4847530310729012	8.09881128828677	0.5026331808625585	0.5962671266884124	0.5306581893502011	0.1997808192327187	0.149160384961237	0.48353885107016087	0.5515982154905618	0.692740184538191	0.5089211411070669	1.2493813497983586	1.1681753762467941
7.965279679478875	7.1680159086684405	0.5058478853655428	8.027034945246383	0.4987822475086193	0.5752981396283086	0.5082128794182151	0.20105275480925064	0.14570220726499483	0.5342017061394899	0.5775191354383346	0.6854358552020932	0.5125423782410067	1.2257659473866376	1.180177860245881
8.051502249918402	7.046904348958071	0.47725615703470414	8.076524351189812	0.5055136028181804	0.5939947060000939	0.5379041922537048	0.20017695631474605	0.1513251385443489	0.48807566585888057	0.5574794789879479	0.6902390934468332	0.51291464132379	1.2222431921370143	1.1860249492092323
8.039622162036567	7.187035738490036	0.49666347339737527	8.132505556788262	0.5026540440138297	0.589229827355355	0.5039338517532623	0.20260238271888342	0.1551636103165187	0.513040045762326	0.5393057244504292	0.7006967510621898	0.5359931902917181	1.2298282834464367	1.1687794037200527
7.980233749863174	7.098058854904183	0.4966650963100557	8.375761383760366	0.5055631651836047	0.6024202723641694	0.507577006066843	0.1969961495795001	0.15708677119282533	0.5060736892497373	0.5622283296879175	0.6890414329640794	0.512587517817466	1.258179375090199	1.1627814424293215
7.998287288422763	6.946687925257913	0.4891463739777928	8.07801785566895	0.5091188214697974	0.5731237276852649	0.5094371976672206	0.20114912189646114	0.1593142662816839	0.520442190231249	0.5589563959415503	0.6872377830694618	0.5252973534736483	1.2277732928094145	1.168600552001185
8.006256987780022	7.1501398516100645	0.4965893649614394	7.991955624717789	0.5077159377680271	0.5738801326456857	0.5247087641562943	0.19989734554409103	0.16235684000661885	0.5024661862245134	0.5817384089567874	0.6756572296737737	0.5219558719686378	1.24742424180574	1.1672401356320612
7.96616539441684	7.075944463253026	0.5037985904548857	8.14259895512348	0.508091443016391	0.5842976426455081	0.5165840757623387	0.19396301150681924	0.15620702393329391	0.5056783113722255	0.5506501167462555	0.6834124038897539	0.5238988785079817	1.2402775793119987	1.1723787108700745
8.111275347594004	6.966780602004288	0.5110915874129507	8.212623708209916	0.5123323679110752	0.580809230800946	0.508324316349771	0.20239904876510326	0.1532342368096122	0.5141589673701815	0.5526439802906548	0.6988880908418417	0.5254942783643185	1.245071459069021	1.167338396059189
8.010400276928564	7.040472244844235	0.5305529206943638	8.04851476217998	0.5157233006883828	0.5813422058066708	0.5073068956152693	0.20385638638570966	0.14739111655972437	0.5135442928243912	0.57298011003499	0.6898047292888764	0.5261306266797683	1.2533808673356877	1.1880277612480994
7.929821124625223	6.946714735818414	0.5189198542932503	8.225747510859192	0.5096922966479579	0.5822733535552446	0.5214636184272738	0.18771763965898916	0.15478451208026633	0.4995850719840168	0.5594168573359013	0.6976937242410961	0.5094444616883694	1.263293518140244	1.168003957318274
7.976918704579522	6.962712505022712	0.49607403558552554	8.146048360172866	0.5119575690318856	0.5870038033767291	0.5295833703083709	0.1968017357604201	0.14942533361332974	0.5049347628666763	0.533760894481956	0.6933195036945616	0.5180117715767597	1.2421969609354777	1.1742166681395514
8.011451954362036	7.111568727578698	0.4842534032214721	8.296193117251608	0.5139621167239835	0.5843492420483055	0.5172087065296934	0.20390038476706016	0.14658995226732724	0.5091665647696826	0.5622652488548185	0.6926683360660737	0.5347397310501001	1.258728278487153	1.2133418331663708
8.015507702173732	6.834349665327619	0.5013617876755426	8.141986364871242	0.4986688428718373	0.5696576044936206	0.5081184501166234	0.20738469300916057	0.1446259805407698	0.4983892415848904	0.5580352202633555	0.6761148886617234	0.5263554100502008	1.2224505585649061	1.1912673052990048
8.077425475263679	6.9308869322209	0.5038178243908816	8.167681796669015	0.5079775254331015	0.5474776965130007	0.5068375313810709	0.19585317625277163	0.15042371346880573	0.5174766945040352	0.5757465921468876	0.6852373752903167	0.5365486917734278	1.22325169345418	1.1810023828119736
8.02395820514287	6.643094354334353	0.4899852429144835	8.093838430448983	0.51074764944433	0.5708519231843793	0.5233768903337888	0.19592216276456334	0.15715801508242216	0.5126886119980456	0.5768456923532936	0.7013040247225049	0.5161449745706678	1.2738359345340138	1.1644726076185319
8.043308166987966	6.816662018613002	0.49500122517772127	8.301782125780736	0.5078531233300835	0.5956206810743022	0.5083144454001796	0.21073451101141757	0.14879840360055827	0.4995520709713582	0.5527392619150178	0.6854890888547649	0.5113721464644845	1.273077404591035	1.1800816970762071
8.090809100443096	6.742193609417991	0.488088043313808	7.979921088376246	0.5079889918015366	0.5751714248397497	0.5156272816693374	0.2028694725503167	0.15334922096813444	0.5230888731569443	0.5452872547850411	0.6865249779788729	0.516953267475461	1.260890871961581	1.1849472472195963
8.01924966282686	6.843806370216657	0.4856362688799254	8.034006868760928	0.5161996682175389	0.5740939933919992	0.5164331766050183	0.20228518480343907	0.14542176434565446	0.503995591576826	0.5558332628887034	0.6847734977474133	0.5454674929054056	1.2415793626815768	1.182894726213817
8.19691925555841	6.7237255682819335	0.49055495573094704	8.190761824727323	0.5276837436853303	0.5622115122516103	0.5165320778910902	0.2032598590840963	0.15453835085715303	0.5117687075291474	0.5610018501540214	0.6871196811082343	0.521134423558743	1.2351608887783356	1.2021610850149163
8.070576266521867	6.84285627643588	0.5044041964987235	8.428902839005884	0.5178151100035786	0.5922560996805654	0.5216455046042383	0.19712175275674743	0.14904774274509763	0.5057691284355698	0.5512523757354608	0.6852897126918392	0.5069213960623353	1.2802344330647961	1.1937807461251924
8.113653759380277	6.7907758391857405	0.5123242565829985	8.15408654282082	0.5274302918821473	0.5681899142478587	0.5011640156407436	0.20266537221114053	0.15025973992571712	0.5058216353368404	0.5475976718884217	0.6746425014061117	0.5340879686145753	1.2446839607669662	1.1973401870466243
8.139356899256462	6.676147195896761	0.4959225242801068	8.179530401284326	0.5294889636214146	0.5884128643707746	0.5270854748149623	0.19867711660751797	0.15411709453117184	0.5043188767717109	0.5711234797452104	0.6892993592984715	0.5254911382973309	1.2620703611359114	1.1837130600830263
8.338774491075501	6.778017343067056	0.5130903993768878	8.195568811848602	0.5393607098442432	0.5880516507178393	0.512787178344752	0.21430418247510435	0.14930288909436767	0.5170480701557041	0.5584804580506486	0.6930200946587384	0.5186685803344447	1.2402860728876821	1.1499094307234574
8.170249552184389	6.609147915878899	0.4868069514435862	8.293267129912046	0.5383495369501741	0.5897653886091984	0.5304433964688532	0.20240604130108422	0.15705952609072202	0.4988639931276089	0.5618476235646906	0.6954002168173096	0.5109335336316749	1.2495363479053765	1.1679079167904178
8.221011887545302	6.606263575489351	0.47537368565494287	8.126080159334654	0.5493860009609142	0.5739748388326367	0.5245557684010588	0.1994441807214731	0.14282673142560706	0.496089064982396	0.5650715707330289	0.6927131785988326	0.5284916597227235	1.2505639424275785	1.1584197423969866
8.377681480717873	6.597158878809092	0.4710073095740621	8.140894012910401	0.5531499512161329	0.587398021691428	0.5130961367750282	0.18947161371631224	0.15010070923882335	0.4849236336941722	0.5513221005267459	0.6943139906489705	0.5164362488940027	1.241899458501598	1.181112152699013
8.315484575689823	6.557411856815918	0.48726845292557175	8.161223314096212	0.5589528425057181	0.5941651164519198	0.5153383369087098	0.20136544318390984	0.15534330667490862	0.4912078599833003	0.5419331178605212	0.6876946659840552	0.5253862761675236	1.2629392558526	1.1939402736376745
8.181603601724447	6.648732550167811	0.49259821594488146	8.164373297099715	0.567107330475834	0.5802613624445175	0.5017494892153342	0.20039466975776002	0.15424191625892522	0.4898292199095631	0.5604980501686007	0.6936676330043102	0.5266899318306578	1.2506934331700121	1.1925148569997988
8.533371214777373	6.761568415490484	0.48851559616404705	8.225102342216404	0.5669561404365477	0.5936316383392672	0.5127014212222399	0.19827826042879365	0.15418969253087414	0.5060912742254255	0.5563155889875296	0.6832653146722244	0.5154085189978449	1.2596101786887721	1.2020406069298677
8.281058222334346	6.776771494249797	0.49755791812817285	8.440744047897189	0.576522052785557	0.5971775620755752	0.5249805155094628	0.19332196798656737	0.1492733339830877	0.5075333995220659	0.5524029274661414	0.6836437262320428	0.5127079207613845	1.2536970983144686	1.1803029174121111
8.207898753296782	6.673271414026493	0.49350615904808404	8.09785740951441	0.5864339027902549	0.5839959125852396	0.524553386960139	0.200757394012655	0.15050707438546426	0.4982272633801929	0.5605616313790062	0.6891240252282622	0.5230948609672229	1.2322282051651998	1.167516224363612
8.381950132058918	6.653452142386278	0.4916230915299354	8.259539162477504	0.5865117803045056	0.5826908753794118	0.5225115329727757	0.19737199301827768	0.15506490744194362	0.5175390139514452	0.5537083791375624	0.6989859489532745	0.5144276746866581	1.2699074216315267	1.1871675191517719
8.217121249948834	6.803884968717537	0.4855286618845815	8.173862983099653	0.5933364698871808	0.5544715521704952	0.5004927711908237	0.2033312957367549	0.15355359595454393	0.5073096494616934	0.5577788211554139	0.6892710168391708	0.5224387639631589	1.2578872994864685	1.1773427534337568
8.220532254214426	6.713636569482724	0.4908568955170193	8.149177671243343	0.6034158014269693	0.5816832032882714	0.496573578290623	0.19844276878627481	0.14911114326743227	0.5104151672896603	0.5497979214243384	0.6883855102977584	0.5177389378343897	1.2609231655473518	1.2114922229963445
8.38764343313235	6.698959401510539	0.5016084731083751	8.211365200228872	0.605663150860432	0.5794077665008797	0.511577063535066	0.20632633285845414	0.14099069465367467	0.5050000315573051	0.5358536564659673	0.6800272663155686	0.5124644764206484	1.2651243994392325	1.1943393418178359
8.367389120439324	6.598488669080658	0.5000797826864881	8.068787049777127	0.6085553744164623	0.5644598498120006	0.5059696157501218	0.19437104603651012	0.15062873298723595	0.5008575216247614	0.5505044224997626	0.6906818861253681	0.520334494431846	1.2588596501620182	1.178616179492129
8.302315434550422	6.766877380783154	0.4998842612071548	8.090857065512	0.6193778199957136	0.565863869570389	0.5033653381780138	0.20656758384014076	0.13924556925931225	0.5132465903995042	0.560684725286576	0.6807454918336949	0.5237608501043752	1.2594823854752437	1.2115996655188968
8.419492968698897	6.654254503336268	0.4772250648460785	8.192877556820378	0.6130135735555589	0.5651424554998734	0.5129166656796157	0.20065149572122637	0.15634318429833785	0.5128476404360156	0.5490481453886799	0.689210679318101	0.5319000507050804	1.2539956068419875	1.1746703229448192
8.486336409745022	6.5317581059834895	0.5061848148339473	8.10170149867544	0.6188795272339749	0.5548339281817529	0.5214903055075623	0.2048934555065899	0.14799019236606828	0.4903373575524047	0.5690338342816021	0.6816107909309013	0.5058929813764422	1.2523871108836042	1.1866908823190052
8.262534757339326	6.733008073225655	0.5013488114572645	8.13759423862629	0.6156954560776977	0.5755034602879635	0.5092113039695804	0.18896763970709218	0.14494526670102717	0.4963678137024256	0.5453593664381782	0.6838561160327397	0.508280034806976	1.2429968050308395	1.183275686791298
8.233233420884126	6.701571186881313	0.48409841686727645	8.250936643062628	0.6320118276020837	0.5695159036481903	0.5186605636906207	0.20185598044784425	0.15234158078197121	0.5082275478181556	0.5605648974198142	0.6891524726321254	0.49974412327566586	1.259735546912759	1.169947518028273
8.278728710375717	6.715731067132025	0.502199265396334	8.054749555058496	0.6300372101266264	0.5860532908986303	0.5178890265654111	0.2000842458832828	0.15339733586069543	0.5085193266509123	0.527094780683756	0.6878763861671326	0.5032428015620145	1.2501523431798298	1.2096270421674848
8.294104423077904	6.7651078061170455	0.4911296425567465	8.175171268433774	0.6315347134782333	0.5720927816709892	0.5103682424368317	0.20768520928899545	0.14562604880399196	0.48544664195618265	0.5421208786701379	0.6892369373248117	0.5114527105187961	1.2397175289651556	1.1907405047840085
8.30948109702366	6.825735269677609	0.47205090648657666	8.108063679610694	0.6387717930857046	0.5547356767757328	0.5100461781399378	0.1960027477400485	0.14996063254289146	0.49899584929237545	0.5393790095337251	0.6764805365067591	0.5051209949686785	1.2733150084893878	1.1698258311539156
8.287133846833338	6.696985306051619	0.48253939865422113	8.06602384072224	0.6374857776956532	0.5684925894083047	0.4953724979105289	0.19728834211043322	0.15090672360771912	0.501698261239469	0.5520638058413103	0.6895522545072961	0.4988525805794549	1.2695097003514284	1.1944351848372918
8.303219529009356	6.747306188180774	0.501781808434073	8.469124626941403	0.6515630625718891	0.5608935877532119	0.5193705829725741	0.1947915246536851	0.14997670093385967	0.5121172129588214	0.5502521444852781	0.6912338085478122	0.5122474496964131	1.2530761038673173	1.1655803817355181
8.443446009364258	6.624515368966892	0.4870570592387234	8.679548217855961	0.6566015588734034	0.5675492785428207	0.48820540017041375	0.18625333997388843	0.1564078570226796	0.5060236341448795	0.5596803037264382	0.6868873230178132	0.5213925283888539	1.2429857651703033	1.193293685505138
8.134431024002492	6.680283524934957	0.5022037869475062	8.330027566789559	0.6602143592728456	0.5787015156195898	0.5447341067821483	0.20365640282971773	0.15210679800201163	0.4912121018001011	0.5533007364761362	0.6803797553897152	0.5008708766940986	1.2712352906678157	1.1799454658045234
8.27803109890031	6.750790621179075	0.49551328425730445	8.149020563771524	0.6631392759672268	0.5748269136010521	0.5036736689267372	0.19908580033403073	0.16086552099588705	0.5011041008047105	0.5550781800757586	0.6972928598004826	0.5090089718551529	1.2436407554098134	1.189969410130754
8.250394513820801	6.755513300778183	0.49528977466468793	8.16534188710116	0.6622561026915929	0.5685901509710933	0.5159876329720875	0.19383837345577634	0.15036363941594674	0.4862646843154743	0.5563185019917531	0.6916525169479582	0.5054500769986181	1.2534278473958789	1.1772798800925959
8.308116760275114	6.6399882298940485	0.46600079933401384	8.324111040676978	0.6646646706436641	0.5763340435324947	0.5133994287898067	0.195549207841052	0.14057580208792664	0.5152512362489428	0.5632381779130732	0.6816270011162254	0.4971578521355277	1.2576356642838382	1.1730643401187681
8.26891875786465	6.573842746442157	0.48105484751434757	8.14553043106134	0.668823032116443	0.5778788207821274	0.4924198779374363	0.1982753651324488	0.15342765249299956	0.4957612899463626	0.5487544739194771	0.6943898985343608	0.4860286586693999	1.2539994676646484	1.2086171978742852
8.195758486323255	6.78861630498176	0.49938819561482073	8.321730796936864	0.6728263447543428	0.5724485708952046	0.4897623824309397	0.19624721152924682	0.14532312173467177	0.5102293555812182	0.553824732176972	0.6784008317136826	0.5138457407684847	1.2420110438762693	1.1760261241495276
8.374790445563708	6.838718145782766	0.4843381346334926	8.108375952353146	0.68300110794536	0.5603419073356402	0.5074015679946163	0.20246341788239877	0.1589947703406855	0.5054964527101913	0.5448986859313271	0.6881265716275065	0.5101031033352756	1.2687993436367317	1.1884568424226558
8.179228046135735	6.5903972986971	0.4946652424586806	8.544941949462896	0.6849676365331231	0.5688378331950018	0.5036777607708012	0.2015852547135513	0.14875711136280484	0.4983537081718325	0.5463928435278738	0.6802903904887541	0.5156133085416399	1.2527169092666628	1.1627770979668672
8.213435522232947	6.7609353754116235	0.4792437028796018	8.252136875610933	0.6815162698045212	0.5564653212744927	0.5148266154034247	0.19579963246263182	0.15369338675968108	0.49619405821274887	0.552606426874387	0.6882617105439676	0.5241218610026893	1.28144193761681	1.1859266724318749
8.245524244444576	6.705471590092171	0.48952362756921064	8.150487576955056	0.6935135217203859	0.5882895929341324	0.4992594887629205	0.1993701626755995	0.14753619349682737	0.5036168988004878	0.5524856657829856	0.6838310298646059	0.4980964367947081	1.2880047152406795	1.1644285882952605
8.335262120890572	6.729752415201874	0.4707869535880017	8.15273653225751	0.6931319471915467	0.5822709234001899	0.505682211020865	0.19495041770008087	0.15687452333728882	0.5043911868826216	0.5524202630515749	0.6829522729566884	0.5308239560458105	1.2612516949856878	1.2075274217011802
8.243837051099934	6.665895140180598	0.494862899105029	8.088543335467953	0.6829234297206379	0.5645583149539444	0.49501780403325957	0.19661549402005687	0.15736691434877517	0.4887286421758158	0.5460960729561823	0.6830093194040193	0.5109252910928563	1.2529563702442672	1.1824049062081552
8.359909170890152	6.7652227870252934	0.49948823841037343	8.105251071926503	0.6959483197809646	0.5562029036710163	0.5124871057503341	0.19496796846316475	0.14960906946620334	0.49754004165801635	0.5656284307089645	0.6922134511320022	0.4935184831568095	1.3041169730836362	1.2218647038313453
8.26740146032443	6.638859261542226	0.4787986953617982	8.106842162564604	0.6976288440219593	0.5647302681232719	0.511160963139299	0.19484482574494358	0.15340174864744843	0.5020807455457422	0.5323939219491672	0.6936495000154352	0.5077728715770841	1.2844430670360218	1.1953139826071588
8.297233877652305	6.73121098701286	0.49463732524729964	8.087359354797387	0.700615797000219	0.5689845596275649	0.4986439928812255	0.19959134648388968	0.1468032361248786	0.4899912859536481	0.5565648719498918	0.6872529895274132	0.5130969316371059	1.2752912441737647	1.2257118913128182
8.337859816860515	6.658179400588137	0.49498195855015953	8.224771204437996	0.7013756482719873	0.5887714145765546	0.5164240549687386	0.20119507288786107	0.149317276726926	0.49861341289680133	0.529258457653266	0.6988520038045258	0.5130546658355266	1.2870212180242735	1.2225116072574882
8.375453446633854	6.721555003549883	0.4855799587055119	8.306925085480561	0.7003992874230641	0.5530376264431717	0.5112353019872704	0.1909165061725544	0.14943121770734874	0.4989356171755847	0.5341323230764087	0.6953450494635581	0.5081125073777284	1.261321810788607	1.1986469434257785
8.23125072804082	6.636595095613447	0.4949830216046632	8.109131324174863	0.7036977634961057	0.5610647928150552	0.5213299892823022	0.19414252586511938	0.15443885704477342	0.4954002064348512	0.5534598661115621	0.6975762843023469	0.5139937496581476	1.2495299266324398	1.1875872231921205
8.279654511389241	6.733784091244854	0.4812799165001141	8.466699702821488	0.7050063103834263	0.5644145959655613	0.5029283869648298	0.19388015012771925	0.14495623616928807	0.4952546361630696	0.5504379164566043	0.6868324476909186	0.5181755564430385	1.2950407991092052	1.1777537226850567
8.289057158299302	6.637059447320139	0.48046923208845177	8.294814046357526	0.709234350001483	0.5773435229661251	0.5126062512787156	0.192540256376881	0.14369871720399974	0.5149191597519943	0.5294798163721077	0.6943300191096	0.5248642006958796	1.2611694763328885	1.1995661471285028
8.336508067970488	6.548156417229716	0.4799647356141667	8.099844836648547	0.7071038147625281	0.5616431639301317	0.49094270757960434	0.2079808403886187	0.14323136676055087	0.5144963102447361	0.5614848858454374	0.6956349153338125	0.49975215975713394	1.259907185010089	1.2088897671168186
8.276793801009582	6.756567099168644	0.48201094807922806	8.153133482424657	0.712205302168387	0.5624244844788812	0.5151858438789776	0.19978861847001614	0.14501729009803951	0.5057495514055772	0.5379807024602956	0.6929880152118981	0.5121596231500587	1.3081426297734389	1.2000329295990932
8.247866917145698	6.740579879214389	0.48290676691243234	8.389543913167246	0.7171410439493799	0.571494476427984	0.4884574973763148	0.19536948682247707	0.14608420019896914	0.4859216167586587	0.5478837980155511	0.6942469081407785	0.4887699245174079	1.3024940050691793	1.1819861491883668
8.23241613093691	6.748296788064605	0.4900164158213316	8.302451436929406	0.7206893301055073	0.5673336809884447	0.5110065138927246	0.1931697858463443	0.15953595979375024	0.49638067268932196	0.5513982230205025	0.6933889492233056	0.5086025588744476	1.2939426213181955	1.167982965116777
8.213002442954343	6.6129210203649045	0.4937589931582052	8.271526067820783	0.7158816635502471	0.5789626236079061	0.5137653834543339	0.2011444507552972	0.15660031928974638	0.5052928168431153	0.5366894649493906	0.6924767324610993	0.49861774402622544	1.2707336841313035	1.1849671753405184
8.347836569290898	6.6178407484298525	0.4857707387842465	8.312597399602422	0.7186210144171089	0.5634339522992323	0.502222776648188	0.20345628848197017	0.16091451493279904	0.4940714460870269	0.5441645068289988	0.6880795755894163	0.5250806093499253	1.2963038942281404	1.2005777629629282
8.260773237588172	6.668917298298658	0.4997218412712781	8.536164641080758	0.7288044475106609	0.5787768756162988	0.496508367847602	0.19499049252583553	0.1613079427302176	0.4818932965608814	0.5684939733221543	0.698353811636574	0.48987950532859753	1.2814826894899876	1.1933544716143998
8.278608638442579	6.7227753428531205	0.48853609961908784	8.16874575289765	0.7252761855387679	0.5795616993576616	0.510943603446372	0.19675681427322075	0.1550331223828313	0.494807309157627	0.5551800956757793	0.6894522287642393	0.48648407293338003	1.2610165313324073	1.1833597784378806
8.301725425861527	6.667700386604248	0.4779157861732076	8.181448591787403	0.7226269313542086	0.5628089616530704	0.502780669399605	0.19357388230340453	0.15088953819444664	0.49747910621039665	0.5447806014382551	0.689748975077065	0.4976507342454139	1.267764767992237	1.175320208063367
8.246699751623384	6.558172975316865	0.4825704949225221	8.284026091094685	0.7279956942784848	0.550433298624125	0.4901216427182275	0.20053690860028495	0.15277645338069168	0.4699960241888867	0.5583457360385569	0.6758747529360973	0.4992728095342397	1.2813875632427119	1.1684773354972047
8.347033522683466	6.70221488256349	0.4699109631516499	8.178067326952895	0.7263092233164082	0.5624131202421452	0.4888746746547663	0.2053486248353315	0.14783630969505568	0.4990918471580325	0.5553955199897346	0.7027980906750285	0.4748857476809659	1.3317667414332104	1.1606262878704767
8.269746237242217	6.7001294478951685	0.488611348324394	8.32951931062299	0.7188433240575671	0.5602456689448674	0.4983840508181648	0.20000147847864655	0.15180440392506403	0.4851432529886182	0.5441633372707154	0.694812380200008	0.4792188780580469	1.3105125843508674	1.1995003622270128
8.349583446682779	6.70159795078954	0.46865384769501	8.478551464887992	0.7343006895600988	0.5791772771273518	0.4935750820244511	0.19818553042323425	0.14517693595261322	0.4864868407907275	0.5542240766475756	0.6936410562660242	0.4803358978707255	1.2950319327821473	1.1844340673320761
8.335748391365033	6.8135598453610005	0.49464463603044584	8.603325576221968	0.7245245052078495	0.5717432020923504	0.5013683904457135	0.19391838033581082	0.14980339464574083	0.4809107414798219	0.5490790043663466	0.6965913892948529	0.5141171185845803	1.2808981664231933	1.2113293605632816
8.29562680202348	6.80424137495029	0.48231007976531515	8.32698900141845	0.7277115131523968	0.5648315928321087	0.5009030850639166	0.1955372977753816	0.14442055921089716	0.5192380942535161	0.5430522498773317	0.6948784716989289	0.49391243265690965	1.2632851468222672	1.1859098109603177
8.398825342530037	6.833516684714862	0.48393749625648536	8.265969254653733	0.7338972024389323	0.5665330817802455	0.5199058284167778	0.19501581143229585	0.154695321332284	0.48999281913834064	0.548188975145998	0.6873028914478307	0.5039629366098785	1.2533577161585407	1.1955425031412241
8.310590947039133	6.6083642662971425	0.48999234133169406	8.485422723869382	0.7360838441685789	0.5757874881901618	0.5051808424353149	0.1938641686920908	0.15933064555625906	0.4949436350697605	0.5608279657145097	0.6872179272856745	0.49507714447758494	1.2862810062625771	1.204002485103836
8.247199931727575	6.589257536822265	0.486764078812288	8.279662244392009	0.7428254740951722	0.5516055937840231	0.48352251916612243	0.20340157752171725	0.15197934032821617	0.49277777943434986	0.5470243198632779	0.6805409337475019	0.5005170136483369	1.2771159284468412	1.1681411583931658
8.362779742710226	6.553645668819153	0.4829354986941444	8.287948261668697	0.7474137589599658	0.5861935119190262	0.5042450973998412	0.19484938322189466	0.14560342168219834	0.4921187071084042	0.5348799974152121	0.6874367247515741	0.5179996528177884	1.2410007607232187	1.1762241051118836
8.293577087722905	6.702396391434087	0.47148607649867036	8.191489231498885	0.7393322358983939	0.564687936608381	0.509563746269741	0.1940210831870079	0.14470208174422958	0.4955107064203245	0.5368968085442266	0.696485891978007	0.4868875577575113	1.2852113511318035	1.1599943737885197
8.320671514554215	6.663521208724132	0.48650321300825244	8.391341287340504	0.7391860974881813	0.5643689928831457	0.5026706713850464	0.2018540770168878	0.1525711774261086	0.4969883974365778	0.5439058689474777	0.6822974116412772	0.49638289717423884	1.2855124138314242	1.1617382303824284
8.306216289803933	6.711310985554826	0.5021607576219839	8.183944161805497	0.7433400055028986	0.5550380226486588	0.48933545587182103	0.1922443288018484	0.15327457354238602	0.507691291458847	0.5547442600147068	0.6800562332082035	0.49746773959744117	1.283010949393004	1.177975115326742
8.297209007810663	6.598073921544655	0.4729547118078108	8.464179946468692	0.7463866272958535	0.5833285938926686	0.5033571514717422	0.18621390456987014	0.14812030500695697	0.5048762474415047	0.547677853483061	0.6810810928137625	0.5011949886992436	1.272232117432503	1.1407019401715703
8.295883413207477	6.723010795267904	0.45911324913620694	8.22968247639983	0.7394673071066944	0.5721120642861407	0.5061980056769355	0.19849487507353936	0.15076987237477749	0.49929934442149865	0.5386460340950108	0.6948003786812336	0.482713685253502	1.287232570228987	1.1346523760788156
8.253790275752365	6.690189107471156	0.46185983385453316	8.474721452178477	0.747416437979032	0.5811590526237769	0.499259484902973	0.19297871230044084	0.14676242303511453	0.5045518624403049	0.5419980534446787	0.7024765397140429	0.4996021140838072	1.2650962506857408	1.1862039656093062
8.261473348101873	6.65540264286088	0.48610028890805124	8.450654233627116	0.7519634887471256	0.566040351930299	0.5028085359040954	0.18782458768019283	0.1464873085944916	0.5021208467486726	0.5590447774095533	0.6913275813814018	0.4951751158581746	1.2796886941775725	1.1832132363613266
8.439162011058594	6.713607535061239	0.49092114378413915	8.388942539847198	0.7502936923451	0.5532235786927827	0.49090485479961565	0.19459262549898715	0.14602747072386513	0.4854925140392835	0.5544515910178323	0.7076218898906486	0.47134265955036864	1.2857100937824713	1.171396790318286
8.172544083532777	6.693751389227426	0.4829219170534862	8.270865873129818	0.7491903299589433	0.5740574174240071	0.5125828042942291	0.19553907698115208	0.13945867321943528	0.49644857950584637	0.5473793886330635	0.6864669491794848	0.483125806874932	1.285973214975739	1.17265455298699
8.386796788034854	6.634412766929722	0.4849051431212535	8.550976619282451	0.7510516243038827	0.5675000210069455	0.4955043468254479	0.19080458769672318	0.15154416681604393	0.4731546163854285	0.5456508816578072	0.7054227701063323	0.48089636107596495	1.2608942000115768	1.1750056995971312
8.322012614631904	6.7325163631510785	0.46806550321966556	8.2266687086423	0.7492438296872109	0.5565672595275889	0.49858883731644527	0.19013842780021162	0.14211220236539676	0.48435419293788845	0.5546679839964459	0.6880188333150277	0.4601395712063329	1.26880140279511	1.1701742691421273
8.237457563007741	6.646323214022934	0.4804380532616903	8.19244154269529	0.7598692303134942	0.5813210844526128	0.502821817798423	0.19701110007359515	0.15211110700882685	0.4931686236224179	0.5296226473390979	0.7002937724278273	0.46953641381752786	1.298546085085613	1.1865538160910571
8.307919953729483	6.71607126356278	0.4930549582575155	8.204233861576528	0.7483055608024386	0.5688300946961798	0.495085151886844	0.1850905548418286	0.1467785590548564	0.4876121107969604	0.5531689498235873	0.6799524261801788	0.471068132433115	1.3160797883410689	1.1808563402518397
8.305192212914369	6.690381997232329	0.47453475478878543	8.371429866188567	0.7530180274982383	0.5724141183058874	0.49356241032950865	0.19976799246942756	0.14483547849651376	0.4889633725572994	0.5435046168998798	0.6920374860283914	0.507277990573479	1.2871717799309996	1.1999900905806
8.26467610996455	6.655244832600654	0.5038146243176812	8.308914961782023	0.7526889151420612	0.5670898071712785	0.5224839077594216	0.20481094809039302	0.1439024993148979	0.4995086076371934	0.5383700738353784	0.6884379685219576	0.47025453116227733	1.3098993244889476	1.1966097539998353
8.262584854172584	6.811271310007546	0.47318058520018563	8.414023056458392	0.7546230048276634	0.5797336183871704	0.4942255633390286	0.19145260876028214	0.14704316144646581	0.48124155059905754	0.5370198170668393	0.6904681289371242	0.4921850368646887	1.27211999435702	1.206040127939216
8.275199617547024	6.756503158883583	0.4808937098176655	8.253497714982363	0.7513866966456493	0.5674777349446798	0.5030275352449651	0.1901992317941434	0.13995663886379703	0.5011406649722477	0.5438154649103859	0.7011643298986974	0.4760468079177298	1.3077473768552004	1.1783745120292783
8.305529005418547	6.669785215475237	0.48302755875124326	8.284216542678296	0.753750408197436	0.5715983757022064	0.48471589977306034	0.1896254875584769	0.14194358979904115	0.4836137543646902	0.5253812311180819	0.696676327712576	0.4837556311670446	1.2890945309956883	1.1790717774792272
8.350552402311902	6.6826212622218275	0.5035406560656025	8.393512308943999	0.7678724775778475	0.5568703956979439	0.48333810686616974	0.1996888685932411	0.14751708121041035	0.48670567055634867	0.5497539009023785	0.6737214725744167	0.4734234144220506	1.2709588096898234	1.2195499033667612
8.310550107099484	6.628914630466316	0.49314229325790065	8.6467368929648	0.7607197960053522	0.5713153514300162	0.49866243126452425	0.20498534221264317	0.1467020324662263	0.49430630070778975	0.5436189260233957	0.6921570572107723	0.4815518810427439	1.2801910731508257	1.1932385371812597
8.336272016206664	6.625592518451382	0.49968762931745014	8.459299194590251	0.760211227817477	0.5651632743688314	0.49329875491830794	0.19257819568692547	0.15809431475274874	0.5036917627044628	0.5371417061187157	0.7004789814145642	0.4613562186843778	1.2809956163463752	1.1512218533397507
8.227252803370313	6.63551680153933	0.48335423701053665	8.38835516620012	0.7539143709483455	0.5585575910913958	0.507438774599392	0.1883976495785197	0.15261828949733663	0.4997248587153743	0.5457359214928663	0.7011246122518981	0.4807216281199388	1.3057414869226196	1.1343050921338897
8.291122838490887	6.766285372707562	0.4822811739345609	8.565303460668789	0.7606750070223344	0.5662270969697949	0.502497693470266	0.1901633014566467	0.15444304417721663	0.488126811114518	0.5392952875559643	0.6937839917758556	0.4715639035796774	1.3217988067968118	1.1477431557680058
8.284494448757103	6.64524577143017	0.5000097788037446	8.260107596395919	0.7623537596853854	0.5636663929908917	0.5078295475337095	0.18742741387705625	0.15209465645985037	0.49295089256154745	0.5591752925645209	0.7016637083374933	0.46442369812269824	1.3002922854907444	1.1471285942645812
8.255911957276128	6.5795514679950955	0.4964678044316617	8.474428159112593	0.7564058937043788	0.563425610963384	0.4968103718293224	0.19031135885217304	0.15693655912006163	0.49756698447890835	0.5577857561525922	0.6946964647277432	0.47374353506914235	1.2837232668524532	1.1730941795238818
8.254700312397238	6.752850736106061	0.48351371777996205	8.354201538340908	0.7608593769849162	0.5750648460965762	0.4988058949428261	0.19153032944479814	0.14617906560692479	0.47155583749571917	0.5500481390533188	0.6914295209603203	0.4784679743414579	1.2942958725355411	1.1571680411666883
8.325910218237755	6.686877703650911	0.4807180182080445	8.3377861562886	0.764282067920794	0.5483448940094013	0.5069975061642564	0.1994510814022322	0.14812174669075331	0.4808097650853386	0.551317659981565	0.6909962515778045	0.46880024727219505	1.276692495543383	1.166510612740767
8.237911608881102	6.619405183209075	0.4882131769023695	8.802511902497507	0.7600162141826543	0.5829815069943185	0.5055204323395234	0.18615622569929263	0.14846636648664385	0.4782069236637413	0.5555105503460742	0.7000627305101383	0.4737953115653589	1.3160380894315644	1.152399895542743
8.364242872139858	6.667804587221375	0.4968509210970435	8.487106024476486	0.7598017113640563	0.5798762088561579	0.49721128455665053	0.19131153059412115	0.14964360759142048	0.49020163649468657	0.5586242582163978	0.6894005753975647	0.4626170404793748	1.3244732493791398	1.179191466704928
8.27736575134592	6.696767410608538	0.4847320178613573	8.702420989288623	0.760825956118136	0.5738449587289302	0.5035420086413674	0.19304119683843154	0.15355304767586422	0.48315958283670696	0.5399512105286269	0.6891559642431037	0.4808308458238999	1.2988928079003363	1.1521537620660327
8.244749586150922	6.66099023457134	0.4949281093960369	8.377993500123486	0.7623805418134775	0.5566341106174219	0.485509784203432	0.20238615357934303	0.1438772579662666	0.49577334204840595	0.5542150375895899	0.6930348498457627	0.47093280146183486	1.3182658926008182	1.1487359670726147
8.18683699110681	6.668823527732751	0.48240886149563206	8.354358379401337	0.7633256393953244	0.5604752189250911	0.4905378482172052	0.19123830516534038	0.15173368674752707	0.48691447999196136	0.5490041110481674	0.6844038192971511	0.4476409045091751	1.2881986715652844	1.1572991071288714
8.31577422204041	6.665295640452182	0.4903775191927556	8.272529439808105	0.7554048390554211	0.5711240393281928	0.5006014986890277	0.18885452358775684	0.15016352040497485	0.4921061173508608	0.540706278674935	0.6801110962675384	0.46146927422780926	1.2801142690906488	1.1526728486660234
8.30257778211666	6.668455846728579	0.4848901175701571	8.784798729335073	0.7636430128352226	0.5386811318725292	0.4903634542705486	0.1953216522055049	0.14368043782043757	0.5058900467966425	0.5435479443735657	0.6835459595003024	0.4675764539378318	1.2572016951746983	1.138081816648891
8.33795718370482	6.550221630920803	0.4659420589807293	8.349117256873566	0.76766133145375	0.5644686500574861	0.5041625540285878	0.19094198311850977	0.1510021427108381	0.46838103084882093	0.5342408898818343	0.7119658271707887	0.4589389540749222	1.249160625072991	1.1510683901298628
8.273308708250203	6.670193503954889	0.4851272257344353	8.430920260090323	0.766599328871727	0.5724803023967378	0.5060012872286761	0.1996757622096081	0.14949136899622228	0.4959790328760884	0.552292134372838	0.6886854772270867	0.4392911587393523	1.2491253691746482	1.1965056886472971
8.301295880558765	6.706963029463478	0.4860350529687138	8.50691769748081	0.7724835649040945	0.5844239828041332	0.4927906977841631	0.19843089360497815	0.14945690609133067	0.48055423929202074	0.5595028646158202	0.6922241322984374	0.44819954005081564	1.2375500646012578	1.1698008902889505
8.240925875737286	6.684770945672915	0.4944325589588777	8.455921758150199	0.7650985893491231	0.5709162474012812	0.5059161635242538	0.1873951002566456	0.15269141699494182	0.4817346785530608	0.5327248906858802	0.6843822838614348	0.4601089423067347	1.2722872924911446	1.152354105707085
8.132834974294802	6.663323830540577	0.5003055513120468	8.520428352109175	0.7721654162094368	0.5551924642533034	0.5019929418985758	0.19266097601510562	0.15252180999531223	0.48782040698802887	0.5389449716315943	0.701943311950725	0.43017486504742375	1.2947831417204436	1.1633332032946986
8.275399009415606	6.559151372506742	0.4886792050481088	8.417913534272744	0.7777774030895609	0.5776583028480243	0.5090700975567121	0.20023589306643066	0.1475023581037778	0.47001806712330874	0.5476123404718254	0.6887302813433115	0.4346037723242695	1.303014982577458	1.1451743347824015
8.211960823902276	6.721053318510118	0.49477107727125014	8.61112071593911	0.7737892068784291	0.566623473477667	0.5119164230496537	0.19423376104418902	0.15547642376016416	0.475783420507401	0.536261954066039	0.6822456317167688	0.4599048547551291	1.2752469975227707	1.1760301747277202
8.139885264941674	6.572963060222873	0.5014709311186206	8.49383535440438	0.7668983868527351	0.5557753557264798	0.49755783871278764	0.19416331085276256	0.14436901415344197	0.5142708303665828	0.5575199124571378	0.7038387156543545	0.4465133375989718	1.292011281450884	1.1661757148600287
8.315461575033908	6.7821539412388745	0.5008735289615833	8.367325690891393	0.7699494876412584	0.5526048074470378	0.49785605256423676	0.19034601417551475	0.14649338379283183	0.4792333791323964	0.5454002427302442	0.7016300786321836	0.4744242066352243	1.29289369680288	1.186186710359527
8.302986866738184	6.719769448149066	0.48170073279565817	8.815222516393145	0.7781638729977853	0.5595944777398953	0.49065143736870576	0.19316577023103523	0.14634902734893857	0.48657560820134416	0.5585624850908145	0.6881821983066692	0.4421498947676985	1.264110130022991	1.1822275899840278
8.249284768270142	6.6082651788932525	0.5067316575499955	8.44382682884287	0.7830226498392524	0.5653617430802707	0.5087234910322427	0.199847366277835	0.15156374646051937	0.4774724196717824	0.5447886760119648	0.7064312931848322	0.4309699346827207	1.2684928150172752	1.2026959617135964
8.375765128277427	6.630934776095073	0.4756146559831149	8.511109666764249	0.7836263721246021	0.5458190080421065	0.502544662555082	0.1945214669344604	0.1549795846212076	0.4882601805074356	0.5387188369465152	0.681155537134404	0.42344011424185507	1.2857857477563284	1.1846894453584706
8.315549659796478	6.66226454467104	0.4893694183123836	8.853379763746462	0.7808216496816561	0.5678187932862581	0.4878474930422061	0.19311834912917966	0.14965085796161814	0.4981471068349267	0.5456366869462658	0.6973995381440754	0.41752789762240367	1.298330182383494	1.1761514559648332
8.28269449913838	6.6224079275801015	0.48494660170254494	8.45532304572063	0.7700225278668797	0.5499056738169782	0.48590755790495893	0.18950164341182513	0.14867964006256806	0.47787845850115585	0.5460170342665432	0.6925243305590577	0.42147115037355887	1.2927811598725112	1.1812349960082802
8.349051176703446	6.584806503032107	0.4758070498141759	8.37306867198832	0.7790527560863351	0.5803579586688545	0.48818177715673944	0.1880747020425977	0.1494282073666696	0.47780756145548897	0.542743820988016	0.6916165922357904	0.40409660503913464	1.2730792360876553	1.2013660545932814
8.225119970479362	6.709890820746701	0.474376945502179	8.565704642972175	0.7834251063478358	0.5758523714239722	0.4889889963084994	0.19238212061040386	0.15557183741080602	0.4714825946577212	0.5332389579246498	0.6904721193196275	0.4127409834782491	1.2674028138529922	1.205344833768709
8.230817424118545	6.61892155465833	0.4869083300437316	8.413082417307137	0.7750659608841602	0.5428384356862536	0.5003661698401757	0.19905598995816565	0.15096037910407253	0.4822869755367646	0.56429819245465	0.7033132185435758	0.4049849587796552	1.2729841524440793	1.2070171497425384
8.313441878983927	6.589606140611355	0.49020213328720674	8.810919474794785	0.7743037859716674	0.5684253205065861	0.5032870499429516	0.1911310597397137	0.15280884528178493	0.4810191749142757	0.5445438786073087	0.6936325782646444	0.4126898812768237	1.2566555917430433	1.1908965204999813
8.277366138196303	6.611134044061455	0.46604591112209337	8.757214043264312	0.7738444763940543	0.5681474914884657	0.5084642064288887	0.19454107570625367	0.14736787288989886	0.47692984053545356	0.5511567516271484	0.6894119985405014	0.4141186732666749	1.2552767802169529	1.1901180907179338
8.315249626958192	6.710984460525903	0.48040594489029737	8.546383426637739	0.7780045913468464	0.5575347313166444	0.4904772381412423	0.19079433350709685	0.15358625762975925	0.4946450604901697	0.5455479550790044	0.6809735345247225	0.41148348649058986	1.2369663806055404	1.1821705539324838
8.234596067365587	6.749985400047216	0.4835015033679604	8.607742384092012	0.7765257466489314	0.5666992805600485	0.4926549157525587	0.2017526373724145	0.15237791294908343	0.4906536378910589	0.5478868244336839	0.6836544383496372	0.41697045108018277	1.2255072006462815	1.1927992173188118
8.227168528721782	6.5375765309514415	0.48588949832529255	8.74096281358049	0.7731583799148217	0.5646912204173941	0.5096589100610711	0.20147135149637824	0.14794474843633804	0.4921532673969059	0.5540297851357731	0.69059571070975	0.39799739346644186	1.2302104658379855	1.1924343560624244
8.227791179489119	6.589003540209131	0.48200766076542784	8.962815355775144	0.7767044801611473	0.5688465596212612	0.4817564260202841	0.1968810268149122	0.1414167961483582	0.4947188206742462	0.5611384460441969	0.6978868068260536	0.36368593050809517	1.2430698001122007	1.1821622630345385
8.266011946847437	6.599531898497316	0.47318166968364034	8.542120815577322	0.7761752012679431	0.5767154841314421	0.5021803737133487	0.19764947772901723	0.1531205904642818	0.4887765166026054	0.5598983828328656	0.6957778027859662	0.36237879403252443	1.2555082349879816	1.1373374409469237
8.271545936925763	6.698158341000721	0.47726538571832455	8.906724690389742	0.7707651274337217	0.5742836455873962	0.5134846305903654	0.19938047333351452	0.1452625819243284	0.4715098222852778	0.5462213682581356	0.682362599551327	0.3649104323557721	1.243876977252275	1.203868779166369
8.212222260900825	6.624979140310617	0.4846157266727746	8.781584485916401	0.7760790943180474	0.5732109028287283	0.4917196480624833	0.18890809508325251	0.14737106357458174	0.4904224126080854	0.5450009365183788	0.6831623233242654	0.37758032004365333	1.244984047876016	1.1901458198404382
8.343859961402499	6.721887400046085	0.4766644304415378	8.819831560822061	0.7769756197077724	0.5821342993009309	0.4959641344848539	0.19649475367107658	0.15013950925453232	0.4807023944683061	0.5488605869007762	0.6988976994366581	0.3722418849912037	1.2011370934929948	1.1834286314333877
8.16305880055205	6.68821060806602	0.48968918346119267	8.890915682430991	0.7781841234270506	0.5549867743926631	0.49234101961911614	0.19301820880250087	0.1501337532626839	0.47233617353487334	0.5480567474134186	0.6975228995763748	0.35662324530093115	1.1981015103700672	1.1717261502107776
8.337881611460082	6.7153221518294774	0.4623713163057271	8.538108894719034	0.7812134673455237	0.5669148370701752	0.5009608508671464	0.19671270133848798	0.14584518484477457	0.4691390822472197	0.5572000593591916	0.6908004579731254	0.36629308245118103	1.191289349491815	1.1867734548203472
8.268606922482006	6.768031027971117	0.4857289808139782	8.875019272537749	0.7829949630276293	0.5773990244033391	0.4991849311926954	0.18704175394610761	0.15648718459309977	0.4851710445366627	0.5656619583662126	0.6878585646953174	0.363101709592597	1.2559229532676814	1.1938931253521328
8.13971459838063	6.558844021068886	0.493363625868427	8.75697405868523	0.7803989328137003	0.5559038590975144	0.5081441508752421	0.1834244719684965	0.15451906802310092	0.4841620128552755	0.531462994096907	0.695113001790141	0.34925996552156474	1.2424310409874226	1.2054279815638205
8.340439837027667	6.553375318816403	0.4841683069726084	8.69205541365366	0.7789365040699188	0.552083388021242	0.49326469182378574	0.19365534194958542	0.1467915303950821	0.5044677975646568	0.5590375933240477	0.6924362744628547	0.355316105420592	1.2249834693810515	1.1881291554447106
8.279688623564612	6.557531026045181	0.48332880755002783	8.646637647300595	0.7806100352140083	0.5792081287161766	0.5105939736826098	0.1880467453358636	0.15414202610193078	0.49505086326102177	0.544830626631658	0.691190356001332	0.3360054272188348	1.1875616080462947	1.2143029237916811
8.287191275611342	6.618827831856052	0.4636845903624003	9.000590516843559	0.7821395307663606	0.5504504301377052	0.5074397004969131	0.20552632836007245	0.15201019488081377	0.48700607423965714	0.5367405617939823	0.6920522400969467	0.33670679590118835	1.1963824210958904	1.2155417823531451
8.328220872286254	6.714990507270665	0.4990914809895729	8.988067194512702	0.7756668952245253	0.5589893777333093	0.5193673836897877	0.19581158096200033	0.14688774854055492	0.47943527640983047	0.5460389798314288	0.6979001314599215	0.3420077204916265	1.2174423475596	1.1975010511172168
8.130524859026801	6.660717875955012	0.4762466097074349	8.705256563820294	0.7854664768851531	0.5520053862460749	0.49996021410457003	0.19655066137243213	0.1615048267158662	0.4724050385676529	0.5593200882346105	0.70705602154025	0.3402174460833723	1.2114139560793136	1.2068880635778216
8.293725958031393	6.658815163203348	0.4726013033064125	8.814338570470413	0.7876932163773673	0.5614655757940815	0.5065558125055463	0.203832052540043	0.1457965003122456	0.5010510018488238	0.5537474248385916	0.6965346841062312	0.32830783781683376	1.2218397170193644	1.179023617880379
8.36045831551581	6.692205467304768	0.4801385026074904	9.099788977961905	0.7835182312330777	0.5574534663310768	0.5014792475681326	0.19799132522501128	0.1530427042942559	0.48327208748828304	0.5517479615957531	0.6930809339972606	0.3167152033043732	1.2122767544610875	1.1816199926358513
8.28375022099244	6.577989974640358	0.4893796033214857	8.666035022059502	0.7895913762635586	0.5579301500173245	0.5039590089278825	0.18163110042429723	0.14625879105725428	0.4888309185338339	0.5476668080573031	0.6851780949254059	0.32656695013236176	1.1961658371362205	1.161629289753698
8.207321966187067	6.626635567073077	0.48138515806641846	8.831367443294512	0.7851952342482282	0.5587057586060943	0.48564411302810706	0.19736572901857294	0.14156773784439888	0.4952720048959643	0.5535540915635686	0.6897132735008863	0.308849647458498	1.2168631788793918	1.168751504980461
8.282080558265223	6.776805494392255	0.4761677325390263	8.712522946582661	0.7813777820326596	0.5629867615112814	0.5089127248616461	0.2006460686775677	0.14061213700916134	0.47816289306257265	0.5435262869656815	0.694720790276615	0.30044057188996914	1.1906324203469643	1.1625708857783676
8.303604587108012	6.70353005857612	0.4896780713708989	8.703227057561028	0.7805702708127698	0.5579070323615517	0.49556789459381545	0.18751757135161398	0.1416707748999837	0.4885119723961427	0.5535233328354472	0.6902329703238903	0.2960251469612743	1.194562198430916	1.1695006789058648
8.265900097972242	6.749911344459638	0.49519830903401796	8.685785091430075	0.7894211272664139	0.5847540816485418	0.5066870676244575	0.18308574241956846	0.1445169358626324	0.4811193604581274	0.5584461917918654	0.6828645966460205	0.2941500803716595	1.2020892475262042	1.1957853740198174
8.24824888322871	6.7197531359093015	0.4900571409353054	8.761381082685872	0.7882630397097298	0.5668064716544844	0.510245563735424	0.17567568762922295	0.1511408320237609	0.495667141020435	0.5479602877313142	0.6929483709239765	0.2810770558734391	1.1891993326169075	1.1637975389266388
8.24637238150746	6.707071812790846	0.4796863672279861	8.721144947447726	0.786210037105716	0.5495921453129213	0.4940936780175629	0.18578280127948996	0.1468391706099147	0.5012314358997146	0.5407599021866634	0.7007613457837063	0.26625846166034206	1.1835315345558952	1.2164507294136129
8.137242139538909	6.5759995164198095	0.49047527559103193	8.72351220921432	0.7911159413009798	0.5494263656785556	0.5098439961441369	0.19423005674737281	0.14743475674587492	0.48636572524141697	0.5402756351442919	0.6860216603760858	0.2743752570445347	1.1758187601173669	1.2054905078531242
8.303238228274726	6.623513313042085	0.47652964114766383	9.07044076364864	0.7819340641660268	0.5733478789133776	0.48570872233512435	0.2022212427334724	0.15562628634233888	0.5055845417876405	0.5445875379280138	0.6966635054464142	0.26471337654453336	1.1503112237240036	1.168528883498173
8.25303244284116	6.545840244595727	0.4879488597789832	8.650201841327656	0.7768858429077193	0.5612678646782499	0.4794789865058863	0.19757228537553492	0.1435680867449465	0.49900260363569	0.563247110962602	0.6934327668096673	0.2609784297807625	1.1605122276539641	1.1974446443367275
8.288484811283276	6.6545301860165695	0.49485989537398567	8.63126588841289	0.7829724644887222	0.5548714305557237	0.4932979604826151	0.19790407729637183	0.14718661017496684	0.47499549505824223	0.5502814160017369	0.6799148284665032	0.25613244150232345	1.1703950731320512	1.1777406405804758
8.245900008697738	6.785651242070468	0.4842179323854625	8.877972119344356	0.7915493426523652	0.5530058405425609	0.5046812657748956	0.20235587355401494	0.15153572883778332	0.4893923826721104	0.5521272776983606	0.6933224961472098	0.2583088181620634	1.1667208716720046	1.2075647622472268
8.209888158535804	6.661559802432971	0.4705058889589027	8.747591180729232	0.7833408924643698	0.5486139563863831	0.48296341025054346	0.19683069102059808	0.15601656587405344	0.48086754895394673	0.5424215692563714	0.6908540924339688	0.2538067636668219	1.1507502027908734	1.1988981469286706
8.303185195528789	6.750133661503082	0.493821786059139	8.794975990119182	0.7953423353257679	0.5630686711369611	0.4811951284007201	0.20186355611629428	0.1563900852335267	0.4969965366812678	0.562806302708724	0.6813709965929445	0.2390136115196857	1.170720068105311	1.2163180784193326
8.232833265753642	6.543856770004272	0.4899566001044979	8.776096029414916	0.7872176572965368	0.5457462231045271	0.48910547594671244	0.19647414775307592	0.15055043970699275	0.4880148148651966	0.5514630672011595	0.6876872987756576	0.247230249263822	1.1521691127230176	1.179360801433582
8.287987409313203	6.549100605670479	0.4782420530992476	8.8632855902264	0.7890511586330549	0.5455089658137142	0.5090030838418648	0.1949233749726564	0.16054648139188454	0.48428819942926704	0.5479257505967913	0.6963060990261931	0.2429965011365717	1.1493652476794984	1.1990808923564686
8.29472220972633	6.639344508280171	0.479008410121165	8.71629311103138	0.7892857582551466	0.5747751297792829	0.5020426782628388	0.19649765595770738	0.14746736891953305	0.47778687987660806	0.5551104496624268	0.7005185137009985	0.22464422155930683	1.13736627235254	1.192208527194248
8.198618505830817	6.61428885189425	0.4779778625152713	8.81860335683933	0.7832255015886392	0.5687924908038807	0.49617041538645656	0.18420034789158488	0.14837950209904288	0.4824513969677863	0.5598086894837505	0.6796060329545535	0.22940697672573646	1.1725384014892162	1.193910022870719
8.242570806861874	6.668249680592612	0.4828204917218626	8.820806380025992	0.7829592864423208	0.5624823888793037	0.4889773675798835	0.19362999532924355	0.14347683868864583	0.48424036115826724	0.5445862435853136	0.6854451832037277	0.22675578224417506	1.164503373344228	1.1984380647607116
8.224383457420924	6.701374754068857	0.48576604043382104	8.788916091249597	0.7846227483469734	0.5757596761241387	0.47620235474195727	0.1911147817180473	0.15526411832153228	0.4774884895032823	0.5650563807749114	0.6962527970812507	0.2328290165610589	1.1670098377730889	1.1921546916440184
8.31700539117102	6.657643430587584	0.47131243897807185	8.747314203594998	0.7823722905399549	0.5624656039748112	0.47272357046694197	0.1942892336207083	0.1483620552086307	0.47637436756142343	0.545725062957827	0.6975220483052812	0.2179474940220966	1.1388106956715316	1.1786495231754899
8.354695252615743	6.716286813525541	0.4851955928518191	8.782552913250207	0.7825472372032213	0.5696665328673087	0.4848450811575194	0.1950125317399571	0.1494532789053494	0.47111983180319716	0.5501440097160407	0.6926536850348348	0.1976099043661577	1.1155619234104208	1.2027285172453293
8.248518225427048	6.613820721952101	0.4885022900516528	8.722537348229599	0.7789392910392786	0.5676796200009288	0.5080592170886989	0.1887433280505654	0.15122274845084735	0.4773936096333584	0.5407480167969297	0.6989049161116684	0.2283256084355693	1.1229070725119565	1.1759089364765196
8.237530214212246	6.612600625583062	0.4647574351012294	9.109217474412763	0.7880192897969973	0.5579048581204403	0.4955659178853353	0.19646056322875988	0.1520723920764141	0.4731446953110848	0.5424463387135574	0.6954866381832115	0.21159298273907667	1.1193117264240842	1.1884806547256541
8.199119696031847	6.531499994813172	0.4691809873692071	8.876332888820185	0.7849641441838158	0.5584937742891496	0.4961539997902924	0.18947235947629498	0.15070707645294001	0.4804391591613487	0.5501496365444717	0.6882016304598386	0.20267838862268775	1.1471095311316846	1.1787451973380638
8.372149160158983	6.53654196597079	0.48108016663358033	8.838458833106696	0.7915598558936751	0.5502968214974362	0.48742859762907076	0.19993446203881016	0.15206551721763872	0.48859030907352446	0.5380930791288374	0.6933433117549618	0.21000783845642207	1.1362347778422779	1.2110181717996613
8.275145738252025	6.659540487060915	0.4844376677274273	8.645307931298705	0.7854155998194987	0.563369596522331	0.5032936846518983	0.19256721513316463	0.14651108661097076	0.4886538571235273	0.5492702418739278	0.682340168905173	0.205770307937632	1.086754060378519	1.1960397073304192
8.433383401206656	6.737218185640256	0.4883719938895098	8.771425465301457	0.7867991816914157	0.57088914215072	0.5021314106817663	0.19359227195869463	0.14725076291763964	0.4873130042684078	0.5519990811537896	0.6916480548447145	0.21274349610802343	1.0723631935141635	1.2141496465073154
8.377059230133318	6.607028379538271	0.48039403039922984	8.974272985262118	0.7795844691003551	0.5654040554967693	0.4954918078083512	0.20093910147353472	0.13812659227776758	0.49181786300856223	0.5466374470575002	0.7024971005794939	0.20655990179393166	1.0956123714646213	1.2108679996328704
8.276631269178198	6.714687281251158	0.4811968206049445	8.765047789374242	0.7865182637339327	0.5804579063224753	0.4835058524059265	0.19225182407606223	0.14769863799651434	0.4798761682696179	0.5433627273787476	0.6848378185501266	0.19727835517509315	1.0898318763292307	1.2110616853581615
8.42683426366772	6.827630321338025	0.4792500718545811	8.893646294420385	0.7909420133411359	0.5605681175448679	0.504387165894588	0.19043157042497236	0.14138155276486733	0.47886035790014964	0.5511860943921694	0.6857696938604653	0.1983994422551947	1.0648196610252807	1.2214041828061943
8.0956793215403	6.729744310365023	0.49260455164548406	8.782033286591886	0.7840193123625006	0.5603486881796753	0.4974854338243582	0.18894880450853116	0.1482264364675681	0.49268798407785697	0.562716972577019	0.6836853453349416	0.19491511657789626	1.0790920443424554	1.2238705431040178
8.318660647580426	6.739090607135345	0.4799902075806743	8.788079525164147	0.7875891013108931	0.5460911198545977	0.5012993839852304	0.19471247372337905	0.14499699364449953	0.48876665605131075	0.5603245327657415	0.6874732154247346	0.1858481534952343	1.0968740208557275	1.2281022707314364
8.28455861523711	6.584584886912392	0.49661492454045336	8.80421000126057	0.7975717369168992	0.5588027996246093	0.4962919404352701	0.19825503151895912	0.13670662337070044	0.4739687158916397	0.5539439521591032	0.6887662733385852	0.1933036133197843	1.099265492347725	1.235224234273913
8.352311782893937	6.713247776163916	0.4846427918618197	8.760259912355968	0.7958197156850874	0.5333682138921572	0.5015026015793674	0.20353676197763673	0.1471925938064424	0.481197544616161	0.541729800347495	0.6807244486906279	0.19766686567944844	1.0552773632436936	1.2228471149675955
8.239509940830137	6.595837221539324	0.4840468114194021	8.76256376387927	0.7905893466426378	0.5720085236772369	0.4852904338634405	0.19734331044291747	0.1474270099819402	0.49748893192758087	0.5444373359547109	0.6906758209197706	0.1973050986145105	1.0385253112368218	1.1832449264350005
8.281269511748349	6.580524676060874	0.48668940574537817	8.89185531087631	0.7973549020865847	0.5509958608055776	0.48562423806999117	0.1960046682683899	0.14815995872369547	0.4791697142318055	0.552292090340753	0.6679517910083053	0.18530728243402123	1.0505564436964359	1.1844011038146245
8.243250521673541	6.47129288768978	0.4783997523281117	9.078825122333985	0.7867364290226363	0.5706133891009092	0.499160627628256	0.19712049170361112	0.1510691282856742	0.48932085955634874	0.542025946419548	0.6896634198288031	0.18808461834080684	1.0628943553015755	1.1999801157419014
8.257843006141456	6.622086674045973	0.474887584847046	8.758026149822067	0.795215750921717	0.5564676569168802	0.5085208021891744	0.19967699792043417	0.15546656500742406	0.4864407666820416	0.5505149750178006	0.6844333497506604	0.1853671316036039	1.0687157763202801	1.1933031557604428
8.331076576926716	6.610046075762841	0.4553588440140979	9.020566742438234	0.7856714570439061	0.550855000058455	0.5111211079551502	0.2064306897237002	0.14665239479063122	0.47598447439725083	0.5477893571327423	0.6964144718231202	0.18498742042975586	1.0391030462674125	1.16708863506692
8.18627831896051	6.7021623064541425	0.4820130357836244	8.984985372669538	0.7927656057070841	0.5382418329569508	0.5006584533436721	0.1949913644530499	0.1489098803845846	0.4945053053789973	0.5482389988227762	0.6889744286552558	0.1838353794748446	1.0592768377713242	1.197113820992888
8.224927132173315	6.790017834004529	0.5023403949414921	8.64152361325933	0.7920423847529245	0.5696237116936929	0.4842229776245317	0.19145498637242442	0.15063926753081613	0.4711081315549721	0.5425550120945479	0.6976934275178477	0.17894415644587688	1.0472037041608193	1.1703117025959182
8.224263119687762	6.759928993427331	0.48931606320803034	8.772937534832362	0.7872430738676554	0.5512381133215426	0.5117920081440025	0.19781080521558014	0.14869090783911354	0.4932883513395751	0.55820526690386	0.6863850389124804	0.18474000633464865	1.051211743031797	1.2057692644470257
8.320918143259794	6.50759984389137	0.4823703412168457	8.974282828498966	0.7931873436667344	0.548469110569022	0.4974551491637603	0.19641655546883222	0.15273884731006027	0.47351399441105896	0.5446763487935083	0.6961438152749365	0.18090391760515076	1.05405168340844	1.2009217704479374
8.223539743757417	6.610663266498033	0.47824795885381105	8.779906536200594	0.797785540067371	0.557840781007784	0.4854323048814119	0.19915250353427638	0.1427361962789905	0.4898092877278955	0.5490803537068903	0.7022369137416781	0.17425397838372705	1.036373911259833	1.1937232418025212
8.112501711076561	6.666117627299886	0.49108365829639367	8.86452462817031	0.7881037342609297	0.5543908708728696	0.5055919588030181	0.19353076855929122	0.14816538535737322	0.47788679165875275	0.5453523682091274	0.6957824979854916	0.17121680860404884	1.0495643696978736	1.1689315998673036
8.23174553184005	6.641716656751887	0.478798053748946	8.852903190520278	0.7978199952824697	0.5577840952632086	0.4960360423872102	0.20088374944665	0.15614356599076568	0.4889489551942196	0.5518672869542229	0.6851313854041743	0.1726046058986083	1.0254170049885436	1.1756069543817724
8.387878688649375	6.727904090898026	0.4695390673240404	8.69932332615186	0.7874353129080564	0.552049354686007	0.4933023205448013	0.1960225596152569	0.1583399400937908	0.4859899128226205	0.555633583868449	0.6688804550257927	0.17400543809296737	1.0372152655683966	1.2072499378094683
8.306167004313066	6.674559257317289	0.47161049526042903	8.678787105569427	0.7948416855532873	0.5501796657807247	0.49182548300849793	0.20892442828771604	0.14801557987424502	0.49512273267608203	0.5444926707475943	0.6851646121517406	0.1651859773217011	1.0292701456458506	1.162228448392742
