mass_1	mass_2	phase	time	distance	a_1	a_2	tilt_1	tilt_2	phi_12	phi_jl	theta_jn	psi	ra	dec
4.137956197001535	3.408160614756483	0.5123690989530775	8.114988157541454	6.075319211335847	0.5099838555906445	0.46593909834974834	1.3282091173568693	0.48343794817964186	0.5241603218826362	0.5503044072669184	0.5614944131427188	0.5368692174121922	2.9924661985551264	1.7904379707432776
4.08825536385345	3.6153448749996855	0.5025504007720316	8.183137702515213	5.996092713781519	0.5014424855259756	0.46475664857901894	1.330163525937296	0.45469438009418106	0.5211974927214875	0.5169203187402311	0.5411360916631446	0.5191434848393762	2.999799675260002	1.779524904444399
4.014664952740862	3.5998795093984657	0.5056313106453086	8.178812080766768	5.968737426929486	0.4971311353012074	0.45321374220474464	1.2294129261700866	0.46334116181158275	0.5176135941144708	0.5260394901463317	0.5551245637003148	0.5085086279056655	2.978083378107152	1.811964477731359
3.9976110001957954	3.5553581129596177	0.5196749960837537	8.226003460215498	5.974372334759516	0.48823293327380185	0.44962104339497383	1.2023101757779786	0.459102512394686	0.5131426208078554	0.5184004596395488	0.5421509894499471	0.5314196599041545	3.000000275541121	1.8297603143193608
4.035480893057308	3.6177035759539216	0.4956120004757017	8.110099084625823	5.991496640983339	0.49758295086898896	0.45852467352154797	1.2135401833417858	0.4482558886667306	0.5131423746659033	0.5279089255059541	0.5454650702032341	0.523452844122451	2.9787831977150026	1.8374052392339304
3.9860788366696975	3.5388849426324356	0.5148397488967761	8.116664883658355	6.0239673028878755	0.5026380189605367	0.4598846022372908	1.2702731656471702	0.4508796939253183	0.505683744611255	0.5269806126080679	0.5428830598473482	0.5060967587889738	2.9782003546530715	1.824808221839969
4.025639638782973	3.5555004621310387	0.5123526010459152	8.286869735354225	6.023709504958913	0.49367061361144343	0.46313867825257693	1.244646035981021	0.44736691889364927	0.5202803656805591	0.5261444194505067	0.5580459691061069	0.5239066610680029	3.0186837803464486	1.804867478916249
4.17145768348083	3.575980752095232	0.5143471089683789	8.337981390479849	6.0245966082173625	0.49102272194877	0.44500949829064	1.2320393428535463	0.44861418691718896	0.5262442444251242	0.5175656085599873	0.5451329525170712	0.5012791319410365	3.0069875431189947	1.822602927796033
4.181984284028109	3.5910930878375136	0.5086429839625644	8.34467554207775	6.022838971652243	0.4998445703051926	0.44216844806296984	1.2035970427618359	0.4604681361252663	0.5107701688107569	0.5151666256313605	0.5423337434215383	0.5108785815885788	2.96586015721528	1.849257865244705
4.217424655273453	3.605545337080576	0.5194583175365244	8.044688105005893	6.029565117869277	0.49420280003096506	0.45124973479580427	1.2490438107535466	0.45100293796306773	0.5287265949005362	0.5269770830830153	0.5509769809502486	0.5316842261336475	2.9632222887995443	1.7844570364666361
4.341033869968234	3.6211097350850943	0.5066320040707677	8.03670425500313	6.0291424961948845	0.4913096580862073	0.4496679207568893	1.2286010698278893	0.451109968115887	0.5180921435289423	0.5295393533507285	0.5705182750407116	0.5191770772463532	2.992171675127783	1.82457427139055
4.2942542831967785	3.606886763638628	0.4912846793622461	8.100417654402973	6.0351397632206	0.491414889852382	0.44694486527319194	1.251078616182304	0.456727284995982	0.5073850533758442	0.5366035229771585	0.5426267894048866	0.5076984928311438	2.995216432638947	1.8192766438758685
4.323409445264822	3.6632272750718675	0.48842780076014436	8.081521697531093	6.028696793200436	0.49522552168371364	0.4466549263703994	1.2487590958228552	0.45103707628992423	0.5193847935936658	0.5199505349415988	0.5538639702082667	0.5068545917258468	2.9764661375178525	1.822072153913985
4.274520483798269	3.597356810413202	0.5045244094085564	8.077814550482517	6.029327279698639	0.4856928248068581	0.4489943495292658	1.2389821758395931	0.4557296780412711	0.5179912805401113	0.5270798558155119	0.5497367111073947	0.5022504316306271	2.9753528895870147	1.8308409714498204
4.241894249284056	3.5944796698912986	0.5072411863534687	8.232043686534903	6.04811816789024	0.4840695483491775	0.45153409275213596	1.2306881238988183	0.4521984584142091	0.5171593341686985	0.5163110374700636	0.5579747965917335	0.5135517201433439	2.9931011039891353	1.8195457353443996
