mass_1	mass_2	phase	time	distance	a_1	a_2	tilt_1	tilt_2	phi_12	phi_jl	theta_jn	psi	ra	dec
12.252251814082282	11.63766614447974	0.525684557685652	9.070265895358572	6.093895874397877	0.9106832599277465	0.8115999229978136	1.2387765717889971	0.3314213393577235	0.5344414198326963	0.5004181855423224	0.9055641845649703	0.5261578568271932	1.012692026565565	0.6812520534561252
12.176939844855408	11.691236657015976	0.5089943091573514	9.006639502821868	6.583773249216313	0.8738196350641666	0.7899490173910471	1.2094274374459697	0.3066429790240484	0.5374058467404537	0.5094627878119036	0.853398343069247	0.5426677814649541	1.0551091402389206	0.6955979240469777
12.092382617667571	11.621831892815377	0.5268816916479304	9.072245544718736	6.958723433337274	0.8542447342917647	0.7996984424512475	1.1093136513524224	0.29026157512511397	0.5117761704120422	0.5117983960432975	0.858554294659665	0.5269047854488137	1.061576296858904	0.6964420920182973
12.085534812119507	11.548637687955914	0.5197175424675059	9.197798508937511	6.888492128604595	0.8507074139025056	0.7917859936940596	1.0967494460585765	0.2935856431556837	0.5256919843889047	0.506259384217763	0.8593002956885422	0.5270041644785577	1.0651935303599842	0.6874996319260487
12.234358046076789	11.773315667585374	0.519051743000119	8.938758469034475	6.702648015305996	0.846649884466056	0.7861190982866774	1.1011938352585735	0.2800597000698728	0.5261420804382819	0.5045687800696979	0.8759232408429536	0.51847473861104	1.0704720058372637	0.695923730402492
12.10255028405136	11.769381094835033	0.5085567553580661	8.860186166146747	6.563877022999197	0.8766135637625138	0.8031889589007307	1.1323585471889879	0.2801960386985049	0.5106420935860329	0.5043676319249727	0.8630702042905929	0.5156954654130064	1.0508582463561742	0.6915106790292331
12.218937215583667	11.654478573354993	0.5185566679371952	9.100013004530158	6.598647605839935	0.8522744027549656	0.7906509632834355	1.1363065191137707	0.2830297467120223	0.5329372560886558	0.5047553448447725	0.8698447539351952	0.5311687235748994	1.0628351285862248	0.6770518259918148
12.19960477292228	11.736869611852702	0.5282410809462851	9.050458228682341	6.668563643507528	0.8773055200705135	0.7800143007084874	1.10316280016833	0.2842798209737116	0.5172848346474266	0.522162347735351	0.8657239569213744	0.5289613326275256	1.0787628725195397	0.6818104582308883
12.055055161028003	11.510872741557021	0.5105150745880033	9.259210322289537	6.7006958026321195	0.8780387231765615	0.8016883477545967	1.120808987861958	0.29025330419786377	0.4980312293114976	0.5388704114556612	0.8613488603083665	0.5334962818391695	1.0862410357674697	0.6969368738547472
12.152336167356365	11.76644614797659	0.5235500056704756	8.893722088342804	6.732761103915233	0.9078800110606816	0.8312406560801544	1.139216524214796	0.2824497731589851	0.5050640773392632	0.5277584763689482	0.8621250344075145	0.5332868259631252	1.0496403743073575	0.6750839573206141
12.123292969358111	11.69345425112478	0.49930435249800215	8.946669410834932	6.6584887489141416	0.8970298505900824	0.8074647339998194	1.1271834423184945	0.2896498246636456	0.5235724638781973	0.5326763387527024	0.8691181219759117	0.5240607936318413	1.0586069273236645	0.6821767133689306
12.168032422884341	11.570294605241083	0.5167635383420083	8.872117988777042	6.692893351234158	0.8630965946730804	0.7943231094102053	1.1367227572599643	0.2712606158663243	0.5320348747930885	0.5270389753788001	0.8548589970804742	0.5195582989066644	1.0644658472818622	0.6802206014917906
12.11121798985458	11.526927669096711	0.4983886329308347	8.931777749882206	6.645024935395339	0.8857515271453117	0.8129049647507364	1.1393078605655313	0.2843849317137707	0.5178189421348264	0.5148285915638215	0.8639628165512908	0.5207586735959301	1.0596674541305136	0.6701751409361246
11.974649984018896	11.754068235570688	0.5159533689401214	9.046863461373839	6.661215330762494	0.8865027512492863	0.797046541348792	1.1521399011639526	0.2825125936211003	0.5374727519680566	0.5116668715008755	0.8622003587629707	0.522054603810867	1.0764231415497174	0.6959520717199198
11.928985379062162	11.502135965620393	0.5056205448153864	9.07684546375609	6.669350535190533	0.8852115458133467	0.7985544072000091	1.1142257148023347	0.289164392587232	0.522979264024657	0.5350711772025476	0.8528731885663764	0.5178252388414588	1.0529788708042334	0.6838789854258543
11.997319869155838	11.768230350485641	0.5247338040485466	9.166906680402517	6.624888925319296	0.8621628945839083	0.7921087920991038	1.1172645628968243	0.28703960948663315	0.5100219296906291	0.5127914504664711	0.8608149037187978	0.5067420056418238	1.0508355868359271	0.6848887749166449
11.958817463386941	11.684210710211053	0.5160914072360971	9.12321635654876	6.677096509770574	0.8655073956328909	0.8118972807049257	1.1413628251620442	0.2882305454620439	0.5145940488778034	0.504292513423023	0.8615622084451305	0.5296175208507228	1.0671779986652652	0.6879330195411918
12.074425171864812	11.500918969425612	0.5214820918052895	9.08218277579768	6.799221525484443	0.8739684623757388	0.7862507278173153	1.132353871439071	0.2900663594571374	0.5038062251241696	0.5036934019429471	0.8556030390737515	0.5089111085722491	1.0569789104819116	0.6865260678316346
11.865402053851232	11.449248532383539	0.5015511824580668	8.900849998716932	6.83495636919256	0.852928096638941	0.8142583991092825	1.1270425230775385	0.2843355212871594	0.5056650981237593	0.5163430683816905	0.8668540052553665	0.5138983247963853	1.0553970092439833	0.6911345114168743
11.9876382354268	11.512036435332279	0.5148877597476549	9.113501008188216	6.8050693342506845	0.8585747124362918	0.8040724550952222	1.1487299293860151	0.27899598612217646	0.5144722532951855	0.5266566553667001	0.8644148182447903	0.5041965906917523	1.0288192579954507	0.7044918397973892
11.928315879440651	11.619448817307577	0.5196114535539357	9.036943649355834	6.725016765494167	0.852064298168668	0.8103212272011361	1.1297562017626215	0.2905690067398921	0.5136980533606952	0.5253257124551136	0.8639697320671936	0.541984224323853	1.0371334475480183	0.6909428926554975
11.93259864006761	11.60002444932128	0.49179985662523096	9.092850911857973	6.759121722144896	0.8661178963032765	0.802859324336388	1.141586161529446	0.28144653348023496	0.49317584876988174	0.5138648761234732	0.8592026847166538	0.5390394445871307	1.0620029416871288	0.7109716434983846
11.888808239867169	11.400126528817038	0.4855471086142536	9.041919548479793	6.786339582125837	0.8862003606450475	0.8114613428503933	1.1568363739350642	0.28346216068910834	0.524313692511247	0.5001805356682415	0.8705368461303867	0.5130067947160475	1.0492968967173026	0.6925494250092211
11.987840895840183	11.650493993867874	0.5058468046809214	8.911030460089206	6.877014428106474	0.8688268601329818	0.791428788346903	1.1297267914647178	0.29267108182648477	0.513871309704617	0.521306682983183	0.8721801421360756	0.49533422597404225	1.0475083380093346	0.691897823625277
12.019829558772196	11.302346587711575	0.4957074450832778	9.10665306845427	6.708900323167647	0.8667287332418943	0.8098465262728617	1.1172472086325074	0.2690298927495701	0.5139407309415769	0.4937303325136263	0.8572440535223038	0.5289645883103207	1.054598946750168	0.6955912087161558
11.945319550903621	11.606956650369348	0.5182524353951453	8.967289323824978	6.6251708186940945	0.8910501536071426	0.8137055272615898	1.1424056045053637	0.29426587664939435	0.5288976658818436	0.5014746682957739	0.8563747919048446	0.5161507809186371	1.055824487496662	0.6769030117355709
11.83879060335472	11.616526413014535	0.48783446746464837	9.069625319163451	6.752929475022846	0.8560828141039721	0.7818643910853704	1.1275765258927732	0.28780030668507456	0.49761942796670156	0.49869394464599826	0.8578806098109564	0.51552269192903	1.03172034512766	0.6771336014597025
11.947817845065861	11.647615421375315	0.5000586126355372	8.840245857660879	6.7776565063631935	0.8871495264187146	0.7779168050539584	1.1457235207864513	0.28110895204570574	0.5136787694978496	0.5189538761882646	0.8747274090265197	0.5325000915354883	1.0726599703097006	0.7059541075946301
11.852845628109083	11.486443131133383	0.495933614335556	8.977847418725577	6.884201168359554	0.870313909019685	0.8108909322319853	1.148966489580544	0.2971192129189425	0.5137772629360023	0.5105733610431321	0.8726139617561423	0.5172267739971014	1.075291000477673	0.6984911759085493
11.98296463256977	11.36218857635715	0.5009193454904551	8.938236816225961	6.83370572906512	0.8979488677963906	0.8099147222799391	1.1227233368053136	0.28840964917194745	0.5077565702192423	0.5173296613384374	0.8638596717861304	0.5190025202292128	1.0640536846631126	0.7116384253516672
11.846608479162844	11.4461539938011	0.5061620963257438	9.232816311502493	6.819401048305064	0.8748124842061081	0.7843538481434471	1.1329326987109607	0.28475547686837205	0.49907494662209206	0.5246382032742933	0.8602126113545894	0.5042795590053322	1.043603061310838	0.7031641780549396
11.820991892391978	11.652698888941574	0.5088048135968838	9.13772804387911	6.8666435236943935	0.8843367903700254	0.7621859127827048	1.1327774930519428	0.2909147695641576	0.5011104877049259	0.503287112229403	0.8489552115149867	0.5029302000960146	1.066892333718267	0.6812455992935711
11.939517748302787	11.641888435031055	0.5075921693224372	9.084758324359614	6.941186590256109	0.8805718396997326	0.8070524221248647	1.1470145739711046	0.2864565801970411	0.5050458689298781	0.5141945067417067	0.8659485595496449	0.5106833760448252	1.0605481842711244	0.6847073280684516
11.848256620415013	11.618342128334827	0.47693226107407954	8.920417367621042	7.03975778308507	0.8888194024956458	0.8091384810151947	1.132988816209587	0.2783149248360379	0.5185262951904349	0.5126129013829791	0.8566089869425193	0.5081026836511848	1.0313335773610826	0.6833897038076596
11.872757134665564	11.405915148414868	0.5071291579777633	8.953101854067361	6.958853749613157	0.8944977763992314	0.7859662278260753	1.1420281745399818	0.2773395315412026	0.517490392021862	0.5292102800538625	0.8617575292946128	0.5062537749418853	1.053819141303331	0.7053430409511454
11.837162399831563	11.466120137296969	0.4925943168830126	8.959149684169157	6.921536843139341	0.887908249212456	0.7983177449536345	1.124892014125367	0.278364072116405	0.510492239905971	0.4981092626941453	0.8606362311459451	0.510733918229807	1.0536286948115208	0.6945985640623312
12.083283710252259	11.633707177272683	0.4853007739925146	8.869794604933665	6.88491735081547	0.8796004488243637	0.7721570189676252	1.1469125907635225	0.2809398578087927	0.5067846416797864	0.5026757325388638	0.8583896158287553	0.5184955872258992	1.0600336261605783	0.666933776868698
11.909978364433824	11.672131413428312	0.4929147159401939	8.822349496144179	7.027461823263025	0.8743033037173356	0.8036580282908607	1.1264103758972395	0.28183274582402335	0.4879279870819401	0.5073689145691525	0.8570184384000287	0.5150109454264608	1.040063685868974	0.6535336862369248
11.860633638934026	11.673734570957919	0.47638775085060914	9.104185407496674	7.024429809722229	0.8813735492613172	0.8064912051659292	1.145481815631367	0.28479922257327717	0.5150424095020232	0.5083586003711261	0.864640785747898	0.5264081562163744	1.087001736238052	0.6886037332128432
11.974288368634127	11.466090087150949	0.5150143543749556	8.965813496905715	7.026924011766873	0.8775755202878636	0.8078755230329159	1.145244633145226	0.2937951443989905	0.5010442745771136	0.5092363054919816	0.8534738405426736	0.5251525297713207	1.081316333609949	0.7008851904359144
11.905181204952449	11.604735341939097	0.49282329764399174	8.920815433201913	7.107488145364402	0.8661349925539811	0.7864779560076611	1.1348378127810692	0.282975267155107	0.5078891005280034	0.5057546981446227	0.8646464210117151	0.5216612485319101	1.046303532905476	0.7049681372329467
11.916973237433504	11.405050690205895	0.5125020816532472	8.866465100417285	7.094548886722664	0.8830044036505419	0.7830980158368566	1.1262550740117914	0.2910819803732546	0.5068740682856975	0.4818867448420591	0.8584129251918036	0.5090267665172137	1.0665394170677476	0.7157148280312262
12.043450139601934	11.646198081472027	0.4962162851091234	8.918728401237423	7.073443236416426	0.8945461705118463	0.8158352974043632	1.1100348754783123	0.29573658369578976	0.5124050487362316	0.5114238095124053	0.8606428213578018	0.5134257001756903	1.0691318553511548	0.6799267054562711
12.03059497134284	11.644447792377782	0.49345754956424	8.821125732091865	7.039548363524064	0.913077263157999	0.7947780507597612	1.115754195845592	0.29245247831565774	0.5157882733109386	0.5108773253200097	0.8636335566265687	0.5176471482415319	1.086152653143647	0.6843522447236356
12.104450135113037	11.531941610473597	0.48568050780021643	8.836198920506167	7.049606570736826	0.8591294591592743	0.785905357310866	1.1422475675787067	0.28346848691647436	0.5007182306341972	0.5063166397842083	0.8595127525105483	0.5068257605000706	1.055520426788514	0.6798600721895462
11.865811541568686	11.604769850044867	0.49477356465157896	8.870505571875137	7.111713444452799	0.894483905869043	0.7793463685923372	1.118908776653529	0.2851035155034571	0.5160985647249354	0.5025376257025658	0.858913265152463	0.5216113622107098	1.0478769113064133	0.6849078424167521
12.036574097236718	11.644348197571507	0.5024518988058506	8.878972921596729	7.081980395694528	0.8687560539340967	0.779041442737978	1.1408060746708693	0.27684698697623283	0.49793628673462764	0.5139693255240607	0.8604273759823552	0.5181907478812509	1.062405676834613	0.6783647859048961
11.862153261024213	11.491839897580833	0.5055556531490737	8.945080550882555	6.987620012269511	0.8672800163230531	0.8026301003104261	1.1366490841515606	0.28812531154352283	0.5220901039970521	0.4901315382681762	0.8703720912817411	0.5144005656517956	1.0876841734568043	0.6753612930252489
11.899131617679041	11.685707296149932	0.5067511624443204	9.068896506466576	6.955688012514507	0.9002706484688421	0.7765554832662989	1.126674312359456	0.28243559939446183	0.4934347940551524	0.49532072763708984	0.8694711292781933	0.5089780581484337	1.0685030359886447	0.6677792875044294
12.12584732228785	11.357780996667586	0.5110323934879908	9.027140282778472	7.025113985791197	0.8771151393788642	0.7790618454815355	1.144216629590196	0.2805764766576208	0.4969516086825711	0.5042646606715744	0.8720352834228274	0.5310938765941815	1.067553833659424	0.6851696101880814
11.91519577402164	11.721476651311422	0.49352560294456943	9.0892030698136	7.037471863788241	0.8830242253019238	0.7786068836483733	1.1492907699431631	0.2812054372280726	0.5012817279508106	0.515067918719375	0.8674670194936664	0.5119939558890169	1.061799569035155	0.6913280910462632
11.923457475459658	11.46085515970448	0.5081117096391007	8.856592343330933	7.047787445152675	0.8693010761425235	0.8203335280006077	1.1523157469269587	0.29054671231208723	0.5104491697720084	0.4883159272802725	0.851204590698273	0.5148166284761718	1.0358010227888355	0.6819551792871185
11.835175450306892	11.380840280190277	0.4921113774380897	8.777149126799355	7.074892038468092	0.9014925949419946	0.8155059294752547	1.1284945767156036	0.2722152029013738	0.5059293749617209	0.49745576639522665	0.8524578731963742	0.5283581654321423	1.0083574283268721	0.6684825313277221
11.905872863449252	11.48475107411869	0.4909117752994596	8.957832734201698	6.95969613554218	0.8813086803988456	0.8077335950700134	1.1296377989800948	0.2719388097107797	0.5007390275772804	0.4893522346673884	0.8627842714147447	0.5071477705621	1.054911503989965	0.6805111203622479
12.05846990786997	11.510065904801454	0.5039262804598612	8.914826974256565	6.894467897201295	0.8834738615680654	0.7871927297419633	1.1365920392298945	0.28836071687400927	0.4975560214058381	0.47971004348409324	0.8499162393485492	0.5199991756276822	1.069838394479285	0.6825161602459389
12.13392434400113	11.3915003106024	0.484901423980678	8.912382344045731	7.02856537412417	0.8881974687898553	0.8479120938060933	1.1472231764873304	0.2814332439107538	0.5167951355168152	0.5133069173022528	0.8619369266669276	0.5219633372424554	1.058011314326175	0.6895343665555763
11.87370855548781	11.645016142516814	0.485715566807366	8.80696974596211	7.09169893654607	0.9005920720721877	0.8122619383677947	1.139871759060359	0.2832328674596154	0.4983062713233987	0.4972222724312654	0.8731612390451825	0.5309933119782072	1.0763188692035308	0.704137293146263
11.967314789436491	11.590314437871788	0.4928202138699809	9.074176531687293	6.949634100802628	0.8422553297716561	0.7894008631397481	1.1348200409007332	0.2849604370881204	0.5098993679199108	0.4977435462066854	0.8486355192268702	0.5237907153577775	1.0570268924196506	0.6835514135575307
12.027966210699194	11.3935146154773	0.5162803416825377	8.897711632440487	6.911155113400764	0.886707672561395	0.8036632109068655	1.1281901480089773	0.28170481197372327	0.49811656111308855	0.49963474896536547	0.838804105593813	0.5192367338119472	1.0506308820001335	0.6746328047219253
11.93096650070531	11.514877311130093	0.49435761123749616	8.854033918448861	6.949875385800947	0.8601332789514056	0.7985805215908863	1.1060756026102687	0.2936026319274307	0.5063557466762312	0.4928286925920113	0.8674965234598467	0.5173170636367777	1.0716776267198371	0.6824569761458184
12.025895161917928	11.510615745657761	0.49736651370695745	9.064460534220176	7.043173365655324	0.8776829872090723	0.8131265360676904	1.1256032761335522	0.27931442927888006	0.49894370276223493	0.4810200011420892	0.8693920350453768	0.5024215957252791	1.0552327605741645	0.678640895664801
11.918782062324539	11.682784663578376	0.4824931710647199	9.023857790857273	6.978711740949014	0.8524649086973192	0.8172755397384969	1.1189775412716612	0.2723303552210479	0.4959538896740933	0.48716251937855215	0.8681979057589889	0.5261584438043646	1.0621642082909317	0.6771925511506076
11.952720847786285	11.813212941504995	0.4864780207302398	8.939396431310868	6.85234055710296	0.8746375604795293	0.7806027210701877	1.1226099680805612	0.2853099235893204	0.5064275445536397	0.505107135293861	0.8700181605948133	0.5160373698409361	1.0836992744042502	0.6829870582310453
12.084894555964555	11.690738019201543	0.4966461805295982	8.916778046394176	6.854454645725499	0.8738847386470007	0.796710909279819	1.139438999372474	0.27060354364934613	0.4920786128571523	0.5069863706735039	0.8574011054286488	0.5207783089249092	1.0575209036481765	0.7021259892066949
12.020631450208617	11.516182718726176	0.4840672891766516	9.003609805020545	6.871303803429813	0.8612846292832996	0.7964888962463544	1.1209038689415114	0.28794550484062864	0.5036409664370669	0.4964479860722072	0.8631769909097691	0.5239134125448806	1.0867708136365473	0.6965058369778291
12.072240891152342	11.679157182369321	0.4842291500970581	8.908292488606392	6.830456774524976	0.8728163449659064	0.8035771066885737	1.1398217074717214	0.2834082288318705	0.5011082268954694	0.4980709271899917	0.8710879847225508	0.5056879922891127	1.0516753650786832	0.6955990621313912
11.966503088886382	11.529113017791003	0.49699801077497835	8.920675359595728	6.837138334695218	0.8840286236270788	0.798298958924457	1.1478813017777558	0.2780843148576809	0.49107276559478874	0.5019926376907622	0.8507806903868441	0.5060500775011039	1.0367138886643184	0.6902752689427789
11.949870123801288	11.664957682755482	0.4827763285554962	9.067221006172375	6.953623397972556	0.8722377619400897	0.7898799424578709	1.129049874867649	0.2792578883865725	0.4917325849450377	0.496051715643984	0.8628472933025922	0.5307312308709827	1.0619490469296287	0.7021487450571341
11.84643897482977	11.608195709052358	0.5027982349952308	8.901466833969954	6.860873712696309	0.884867933850901	0.8013330478386276	1.1318085361691939	0.2781941356473138	0.5054999299897275	0.4838905461810683	0.8556916814661731	0.49899935165184356	1.0283973465247485	0.7029843455999438
11.891261438418661	11.695992404638806	0.49343007656206145	8.911621190272589	6.810524500885218	0.8529809208724246	0.7627181326217167	1.1241001708574851	0.28966821942561605	0.5065285572387515	0.4684251072652097	0.861326471327429	0.5113940754520352	1.0439019481550573	0.6668013767584146
12.009658986369582	11.481622386409244	0.5163894144530163	8.759914473478387	6.884036679585672	0.8606921683515676	0.796067290502104	1.127280482917148	0.27765859376247415	0.5208736069892466	0.4960903130295568	0.8753785109980803	0.5257919320803237	1.047491065280402	0.6903316832761234
11.894376574679145	11.812508680817132	0.481762280405603	8.848249529366988	6.869336710132922	0.8841597172327756	0.8036295402061392	1.1452293339715007	0.2745741232874042	0.49411331749574977	0.4963456091479992	0.8648213676259049	0.5273993088260436	1.0735196337900677	0.6779446560118891
11.812362573818449	11.648385080359137	0.497076538313942	8.969662102782966	6.879484458928212	0.8577815114841242	0.8131463426737471	1.130731014161153	0.27978339628552357	0.5024122032861702	0.5002717823403259	0.8583087849992375	0.5080589650994507	1.0656964330862417	0.6732234229534121
12.092603904100605	11.656997672081737	0.4814334646860441	8.931228365400527	6.901777478060165	0.8583775125990102	0.7871005130779242	1.1256348379729022	0.29032912367819297	0.509135279108989	0.5076373274018608	0.8472917552470176	0.5160363715210414	1.0389671220532626	0.6828799335811827
11.98364191061072	11.54310257509279	0.4856017363331932	9.043639459918841	6.8295590255127685	0.8706064838955745	0.7988504356063814	1.1554720034599144	0.2836924395475982	0.5019936929552762	0.4930571174619673	0.8823769810884298	0.5220083022622498	1.0553616485955524	0.6927889725889499
11.900335520229053	11.485158404831214	0.49948812870194226	9.186901154456699	6.800278644785536	0.8509917954766724	0.7827093479291424	1.1124189125857071	0.28901840078207447	0.4953844929595089	0.48771619137313416	0.8621397440870509	0.5081239327087863	1.0520244560720442	0.6921811851998825
11.977025477998687	11.696379298317424	0.495436487917427	8.908085149909446	6.8273797660416005	0.8659574077650724	0.7954320576182007	1.1393586806515084	0.29049693024224427	0.5029617943165547	0.47975155900209726	0.8650267885760984	0.4950944620635536	1.0633345438689321	0.685578261716285
11.88719876994151	11.417279575242384	0.5005262544730682	8.877795233482914	6.822426258041145	0.8732381349097554	0.8046887505324221	1.1256050416928072	0.28595060851783394	0.489397751102401	0.5074975125300674	0.8573084913960664	0.5127633478042758	1.0814400715417407	0.7075676769628345
11.883473647968188	11.523693648017879	0.4756916882777697	9.003498752071923	6.808558707787305	0.8586754409509938	0.8090482526106234	1.1353925819401085	0.28350900635845516	0.49508544088852413	0.5017386858820869	0.8734479777338098	0.527583553743837	1.0729413433113268	0.6795839116462475
11.933066461876978	11.40217726875707	0.4769074735819411	8.897513780208051	6.876597530038462	0.8718524563660328	0.8143082647121593	1.155682776194305	0.2889941590960777	0.49673015542473303	0.5113539145974217	0.8628248572622559	0.5158756209961213	1.0722742806300132	0.6680122445149733
11.868263599411812	11.619661982076341	0.49482241034257984	8.77208935445197	6.7826723050576545	0.8348387754434735	0.7932969433232309	1.1572365147185895	0.28577489939408407	0.49817873793401557	0.47264908315455073	0.8670791186281084	0.5041326774745728	1.0602897074336797	0.6698085477210294
11.866281996799195	11.743592443502138	0.4914149012722378	8.918613535799322	6.778159888293863	0.8876441762088296	0.7627143197379738	1.1474108816472306	0.2877896888523099	0.5019318126854718	0.4814351033017617	0.8714092215141706	0.4971824478549339	1.0566366753243408	0.6847870445121647
11.97480935004288	11.396377913688454	0.48554568401312953	8.957966358605914	6.768300306965796	0.8610353049292985	0.7884291027061809	1.124932900457195	0.2868057211328678	0.4922318772370327	0.4879835567376397	0.8724754859556816	0.5237245115985865	1.0562420545062832	0.6859310336014887
11.874528893192485	11.488998919538925	0.4692598105335899	8.909191387783418	6.751208365305689	0.8801261267656771	0.7686398552079754	1.1351656498404459	0.2803571134552859	0.48378893537674283	0.4616574446017553	0.8516366784703318	0.5132614115575178	1.045623292269303	0.6778573133666013
11.939377816570397	11.739890661787232	0.5069531039034711	8.88623969944804	6.702981374275289	0.8689200555126949	0.7672527327983178	1.150372045688035	0.2838460896905103	0.4907157880155098	0.4887691358626789	0.8581901676119836	0.49167074391215715	1.0387963939084273	0.6984505307901616
12.07156333379261	11.657210424044907	0.4789857133580884	8.994536683219327	6.774191522436195	0.8624634344066656	0.7968129945439439	1.1428608961490792	0.281623071793237	0.49551414946967853	0.48341592358210217	0.8430996701650478	0.5021009255632167	1.0475705651827756	0.689464565482817
12.023461461978522	11.610698107541193	0.48450711696431215	8.8358782718877	6.806051170722379	0.8503208066009399	0.8069909278625943	1.1424096428536206	0.28921135800236963	0.4806321885266339	0.47604378649712514	0.838764984723901	0.5043778722122471	1.031719379918364	0.6887863473840858
12.042475513886531	11.718232395599761	0.5025509815519946	9.167090071709422	6.803433646551421	0.8505023114619378	0.789600867892647	1.132839771182942	0.27936734147750386	0.489663485407687	0.4944294169505377	0.862834914297153	0.5150804121816728	1.0738221641190462	0.6754865838713675
11.867423691686941	11.799195777225583	0.49234938448569016	8.857594578037238	6.794179507704699	0.873563597877015	0.8113825600388799	1.1345920273844414	0.2831358872159284	0.4894225713157296	0.47919589760492837	0.8565063507307727	0.5067581486531223	1.0720080350313546	0.6765394949126005
11.827969272574197	11.530449104265294	0.49980419444595914	8.958232686433584	6.757599052885144	0.8612140991521487	0.766716797436137	1.1310793370213224	0.28173944502730586	0.48354800968978073	0.4813911857485899	0.8601534875162302	0.5115903123686596	1.0709735472155308	0.6781256597667998
11.855682685910766	11.746173531917666	0.5080150429837196	9.074217040701239	6.744633974479961	0.8592991789857979	0.8076850287358028	1.1408847028564912	0.292640488197406	0.5009612070307268	0.492549692139703	0.857623905098178	0.5166587852226117	1.042213935294169	0.6770057288929573
11.968456994884614	11.549068996115466	0.49970627334631984	9.089764397710349	6.733821765746429	0.8890427636929377	0.8018659021974435	1.1395180073127464	0.27533535001299797	0.5000476897872337	0.47708539927762555	0.8664458461452111	0.5156362211888625	1.0527039621146799	0.6576599981342418
11.891987455048898	11.592212672243896	0.4932121285242258	8.976461331179937	6.7517272529279335	0.8809731535966021	0.8023065558431376	1.1326471972786016	0.2948904736542075	0.4975171697366059	0.49865974293053145	0.8640139311769544	0.4975767082883336	1.04394119952253	0.6804472433491263
11.903265731984211	11.501608838561578	0.5048218377703629	8.76075211001056	6.7400369466071455	0.8389869034815786	0.8005788694178219	1.143886113047249	0.27856208562701473	0.4995268247686488	0.4873735892393903	0.8496572661373581	0.4986049959491398	1.0315810770011442	0.6782773781124355
12.013102806368694	11.60059486427807	0.49280853742756137	8.80066145824457	6.639510493536007	0.8691363533661867	0.7770581478436297	1.1433163134333313	0.2886601007182868	0.4920359894604308	0.4936219924719979	0.8607619906342902	0.4777385726286558	1.0376761550339084	0.6905265340010691
11.898746520725155	11.544575192513218	0.4907162765704254	8.877969651864499	6.634370203024413	0.8602121155521152	0.7951991197368314	1.1399653695916283	0.2882918055027846	0.49388016253761824	0.47187700968734414	0.8644985697827352	0.48346106693594915	1.0495068060201025	0.6819472035764086
11.987889838597356	11.533529898352285	0.5095972739784507	9.014509317132042	6.747272672371416	0.8488590064494369	0.8047353970750446	1.1438329112975034	0.2926757633688603	0.4918577197866082	0.4981011857850886	0.8600625704482656	0.49260612117563696	1.0420395314034459	0.6729340679620182
11.904436198930986	11.531170647584261	0.4926825950610494	9.002713153941546	6.772093185934176	0.8582128171613072	0.7712731162204206	1.1252204076061585	0.30051604276268284	0.4983334139659643	0.48197735739155995	0.8535611157695352	0.49083916829734625	1.0684997146089574	0.689304399386399
12.033525651114553	11.754649275520265	0.50054112287318	8.815744236268207	6.715706647715364	0.896689359894957	0.8112009411827183	1.1209721416571332	0.28861751556751764	0.48705332131911777	0.48754852704424867	0.8685668497706277	0.5047638978784759	1.027250249689309	0.692455038360428
12.05095864161842	11.533501321978994	0.4841466526823194	8.891550654062954	6.810449359857154	0.864180490858471	0.785487748588802	1.132059409993539	0.28667791971615314	0.5006722993326754	0.4792026443488633	0.846814023095031	0.49533937727918603	1.0316188910645985	0.6958969055925402
12.040708465333317	11.61042004726301	0.47507305554296575	8.977690458229874	6.681622849336588	0.8700339496687677	0.7900884628147403	1.1506377210746561	0.2840638754158886	0.49168900152092176	0.48895992558579077	0.8800795580081997	0.48034975276160524	1.0483129552942791	0.6667789855089695
11.949538882799459	11.577690738323284	0.5013607443385355	9.14803160084034	6.653206882028844	0.8641652961229817	0.7993329608818206	1.1501305517916274	0.28289560052080304	0.5046478634631585	0.5013699930641776	0.8519017754296249	0.47889450231653646	1.0571462464486674	0.6870560470257833
11.873772490328527	11.478937241526568	0.4853381139600225	8.987719975133718	6.852584199967984	0.847935370194218	0.7725549804055496	1.1332726667625175	0.29353230749444054	0.4838522522300344	0.49542600218011096	0.8577775728803834	0.47896800882715873	1.0329069552462686	0.694073996009631
11.877748519976413	11.39089026081767	0.4787218129463743	9.033600612517551	6.753368531185986	0.8897246835821844	0.7678967138019376	1.1279704950801128	0.2882133562865931	0.501316950554082	0.4960940595031798	0.8425507582497607	0.47659154627771105	1.0338509378323635	0.6819303004208958
11.848783509455272	11.678539339248095	0.4939112902320555	8.946774351290292	6.67320881476215	0.8773957188843763	0.7914468953663948	1.132831040878202	0.2800142557325689	0.5003056014744709	0.4802822352606797	0.8680851271531052	0.4955487176775241	1.0202188472707245	0.6757000942749699
11.849418512179268	11.615662431435151	0.4889563850264003	8.927555985443103	6.626027224271303	0.8636817587867821	0.7953026759130879	1.1219343788797806	0.28377735385571473	0.5067384275042686	0.4869884792649672	0.8623203199155223	0.49657633693522324	1.050417522930909	0.6938568325485538
11.846317423776082	11.580703546874553	0.5146272778310121	8.961525300709773	6.6441449973282	0.8517130015807823	0.7855285625111985	1.137591207687833	0.2888074797805554	0.49349961992438157	0.49260372872487623	0.8642216391408286	0.48311331557739495	1.0430794999215032	0.7035534302474732
11.885953318761013	11.633418422869118	0.48395478152539206	8.874581796201113	6.612098060373552	0.8874054111750485	0.7752140855629758	1.1550217472053612	0.28066794147944507	0.46807288413873255	0.4907998032142975	0.862654001843038	0.5069133779988142	1.0491873814441388	0.6931464394580851
12.027466350139452	11.52887254917853	0.5026055380638874	8.982997968506801	6.674585813378706	0.8514616307152546	0.7807881425318162	1.125430573546584	0.2879209081874747	0.4974983578490722	0.4913963652525028	0.8626449412070063	0.5164119224169369	1.032207695970722	0.704081757352269
11.91156196286362	11.721309520904276	0.494162973523445	9.078227519118524	6.672809146368917	0.8423596146406152	0.7966499993714434	1.1073037676328776	0.271524403151867	0.4862946950328454	0.4896162076871073	0.8767415795769863	0.49685907465487344	1.0488093372637468	0.6936358253735694
11.897104441130566	11.73852694599378	0.48044950131750797	8.859734516655607	6.802433729933386	0.8725267014171003	0.7931334256881729	1.1280067477088231	0.29249027569175123	0.49692124697072276	0.49360621182703346	0.8425530212553021	0.5061920492582621	1.0489017807274048	0.6926016310155504
11.837672729155308	11.714987278370431	0.4799868449072418	8.80353723510508	6.765134750419804	0.8846797829806196	0.7737550725679794	1.1449228782152476	0.28888408089700474	0.488599916329328	0.4826854304729685	0.8719924298083807	0.500511116434122	1.045204992710785	0.6758702925182641
12.06154099817134	11.469788748325499	0.497212250197997	8.997525567015407	6.730917947992897	0.8777493670183432	0.7925260202063767	1.1331097466105853	0.2920136606383225	0.5055184824705046	0.4823407067643077	0.8599924477510414	0.4997204622269714	1.050745944030222	0.698689477982996
11.904969250998215	11.658745072753671	0.5063491035715669	8.889240750906584	6.646862378345069	0.8888452600434718	0.7572419942111681	1.124190572863386	0.28393322394690784	0.4801373434373792	0.47659379841957306	0.8426661131901978	0.4983697844243483	1.0368531003705568	0.6886453021335132
11.870629426192782	11.74877220623834	0.4949173374802889	8.822747597560646	6.6271111375246	0.8778399176919253	0.7863929676373248	1.150605381292324	0.27718288473239144	0.48376151485335134	0.49799688456309654	0.8598796970587848	0.4881170957280098	1.0149094226487338	0.6685033065897357
11.991040107108642	11.698697430138301	0.48665019764667006	8.918382526415561	6.671241886625911	0.8481105909715178	0.7717622890519825	1.1249089759051316	0.277097054945868	0.5012989142010769	0.4786553174499782	0.8723251375673682	0.48872074913961566	1.0447671298238326	0.6811842681214457
11.920247838553557	11.732273958407644	0.4886210440512092	8.815716539314614	6.682878289302557	0.8739486027620506	0.7770736182477811	1.1265854023912796	0.28160198682720194	0.4887477815003632	0.5049260008798925	0.8568370412818344	0.48037495164877553	1.0361302125098106	0.6794844032434444
11.904943680741864	11.577353738037312	0.4782447160683556	8.856658690395964	6.6976855048041735	0.843168763828804	0.7875632645469672	1.1380763596253027	0.2855511772802827	0.4869322632685624	0.48089454315025626	0.8558795712401507	0.4765157116613903	1.0404586808704142	0.6916488095017957
11.974656903699637	11.715763694626288	0.4889916741598001	8.851807928253631	6.710709816640138	0.841700331731822	0.7870942580791972	1.1186852399083531	0.28597422612590717	0.4849790781233701	0.4727926093989209	0.8824378438923073	0.47411127202362213	1.0346669073869916	0.681240405738504
11.94868540230503	11.518479477017074	0.4926444448807833	8.767521001232922	6.582180402911498	0.8656498377979186	0.7627705894797606	1.139755903579134	0.2848096465751703	0.4908997683190485	0.4828552393422357	0.8555795274404153	0.4855434598500772	1.0159654949100076	0.7098963789794751
11.929750337146983	11.711274822551482	0.49196327068483325	8.93907903364247	6.6449239772608735	0.8727661308455551	0.7898850204920044	1.1262793758035627	0.2939064464929083	0.48833003061334146	0.4884786413759832	0.8772482773417177	0.48783465967538436	1.0343229061597325	0.7235018693564043
11.915735981061442	11.557961390814818	0.493051810095625	9.066407336331611	6.762359395062778	0.8444009580793783	0.7913354023463117	1.129915988607853	0.2897753805141305	0.4784409443082487	0.4794911388236337	0.8690721505425072	0.4687980242041443	1.0090116523918282	0.7011694032801937
12.04755031995079	11.53587598182647	0.4765743220339342	8.818221252036688	6.788686965280178	0.8463230674172033	0.7949216448860804	1.142550597415118	0.27943362875746797	0.49950053904598235	0.4884856197940698	0.8630270276590644	0.4769008597909206	1.0125909329739013	0.703118607064843
12.05212917470772	11.671497255261706	0.48147754366701145	8.833329549299021	6.629152732426223	0.863839495375235	0.7607449781201091	1.1341550338054387	0.28007223306017287	0.489080920446085	0.4851346720965253	0.8722215906586765	0.4737219762646477	1.0322478419226342	0.6788382688677963
11.929774012608027	11.722744855505663	0.4778785413191671	8.897680620584683	6.659433326910361	0.8591086170934199	0.778605571492424	1.1205468574202193	0.292202964792735	0.48103049130663655	0.4756559420331475	0.8587978525043928	0.5131614980689123	1.025938205530782	0.6918861268891858
11.996476185981571	11.69918627569283	0.48327007672273187	9.104934944850719	6.695574268977153	0.8595334736067176	0.7634917523582054	1.109186865173265	0.28481511358386746	0.4898447916388996	0.4679283647976819	0.8643239310531465	0.4812624925549898	1.0220777597286148	0.6959226414239397
11.90666981105769	11.661316448262044	0.47194437151132296	8.911841427290836	6.71173479464294	0.852775064033341	0.7758364665809024	1.1411052864017857	0.2835841402565261	0.49184982411990663	0.5053969892610765	0.8584097334701304	0.48052669429496975	1.0337059262753203	0.6924087519452318
11.928479624869162	11.758921506928145	0.49533316745574507	8.73484805929891	6.641733432939138	0.8684961839627381	0.789984577932755	1.1459084296220727	0.29646309020955786	0.48319616787098546	0.47762822328080407	0.8568837968407463	0.4780271455832365	1.0267476528654484	0.6919924841483068
11.85575197421376	11.574536975355715	0.4814818977337248	8.90775910389352	6.655534642991321	0.848377188354441	0.761211836535508	1.1542253045055642	0.29482108080084557	0.49956709697653245	0.4971841964047433	0.8680707090946311	0.47064616247332774	1.0090715613903014	0.7117172028790719
11.905949331580919	11.473760319172905	0.5044672980670281	8.917825335898472	6.715802619886853	0.8708341946974061	0.7684505352638781	1.1288877705186047	0.2914875147158178	0.49127590346192396	0.4793100982305589	0.8697949059834583	0.46324833289736456	1.027886712869391	0.6857423432324263
12.035925571648619	11.660227363380173	0.4881072408441617	8.953034507150889	6.70755215997026	0.8268615837369899	0.7713861337385938	1.1188419970268895	0.2795469989672382	0.49253544084853057	0.47634925634769754	0.8547179241588196	0.47416249284417844	1.01057546087671	0.6629712042213678
11.963251128721105	11.669682496193074	0.49713429923006863	8.718821413937947	6.7065751393985185	0.8714593378974277	0.7791456405086555	1.1191172050511893	0.2911656533837742	0.4837278068216847	0.49071356325542975	0.8653163969709475	0.47493937935398806	1.0344451814208	0.6864739805388482
11.907092162909484	11.576546460611794	0.5009711569513629	8.775868533844053	6.624399953843908	0.8932573219255071	0.7542585997041263	1.1223804683652665	0.28278542760558073	0.5023148856859303	0.515696730426061	0.8805948610253828	0.4707027139729792	1.0522572883910337	0.689452390040905
11.952312514068302	11.62876589471103	0.4868487676991276	9.08738545117354	6.728684010457584	0.8564825458050204	0.7984164461669572	1.1484815680330724	0.2934903627474072	0.4960437408894417	0.4879168384134783	0.8544658978013856	0.4608659904293605	1.021966484149564	0.6873137182600123
11.955425288175258	11.615040544329174	0.4890317209333607	8.878031131876705	6.645519637735861	0.8651077689850518	0.8083831559706505	1.1286582258258084	0.2858023439317026	0.4829480276816566	0.4811110020224585	0.8480094691197694	0.4634685284302575	1.0394143433459384	0.7064047264512673
11.900615120788686	11.592048089691541	0.48879667749293	9.111240355285783	6.5950279610763625	0.8817542512758508	0.7544952972473395	1.1285537781603983	0.2914469228565843	0.4985843387573689	0.47200780357854294	0.8765225097484378	0.47639283298996615	1.0571861964553655	0.6957568227992997
12.091055253307385	11.547203203004011	0.496007771849143	8.93233141550881	6.628071758191981	0.8564803670753379	0.7831509669580361	1.1314997069721713	0.281498360449199	0.4828857674606467	0.49847738899400473	0.8678088247733591	0.465138784872353	1.0088798575693536	0.7003821997014903
11.965346320952088	11.525685905777848	0.47530704887271896	8.71147474792805	6.733730027989271	0.8152244185873666	0.7660245986500831	1.1194337877795717	0.2880120261856713	0.4877404061041752	0.4786090879959902	0.8649994675300428	0.47569903892805293	1.0125203772846676	0.6965286705583041
11.906549409685276	11.686823990264257	0.4943155266712528	8.690685544735171	6.631904485967312	0.8666810755869719	0.7763943075295129	1.1460948742706618	0.2802302098011258	0.47668665232219076	0.4912921210839171	0.8489681481689282	0.48069470594919816	1.0099414075634703	0.6709509262581742
11.864841861213753	11.775587587721665	0.48264157805655433	8.691144805272932	6.706371332376331	0.8327942972858607	0.7816988615093164	1.1435195380290457	0.2956239948901958	0.502859150006947	0.47337299950962003	0.8618557072279643	0.47007275844456187	1.034233797237164	0.7009716271056438
12.049110013964855	11.69942777235387	0.5001927931685269	8.80979237708998	6.591050973882938	0.8433842180443131	0.7806834587038718	1.131885946216441	0.27171500408940663	0.49791306398641716	0.48512040981303545	0.8612448594885118	0.48382574864510053	1.023343946149572	0.6982888365002875
11.925006258915376	11.537087701005422	0.492081054414154	8.9292775406889	6.7305192946011605	0.8393627127112013	0.7748990281095501	1.1305645543800293	0.2871029179033537	0.48862200864386773	0.4940838003349591	0.8730529678268901	0.4710792511770997	1.0435761494449614	0.7044785814630302
11.934148648928677	11.740118010529974	0.4780412007532175	8.951849636798855	6.707565039177266	0.8613651477102419	0.7903340974870646	1.1318936475145476	0.30103445271979584	0.49079378126956436	0.49107596236410206	0.8596862730532074	0.46308785932859725	1.0086292425532697	0.7010539823093127
12.053014097046468	11.768465551140984	0.48516708732748787	8.920873035037907	6.634233648954915	0.8617653809144006	0.7872820915585159	1.1213738916770666	0.27571252626704995	0.49747100663578625	0.5035558337468409	0.8611622941078048	0.451219546629474	1.0122540607230333	0.6646103501570434
12.11249198346985	11.695211646275688	0.486077520343383	8.865133093912613	6.534923109274429	0.8656952782729804	0.7786057354743431	1.1250997845322408	0.2784754500224339	0.5065077990330058	0.4877517780385979	0.8640201527295339	0.45989612683743025	0.9767753192067405	0.6878425792870448
11.933651702223182	11.801764208567452	0.4893690243406701	8.639420337769183	6.75868537333951	0.8532838579607734	0.7786793345876752	1.1464349009861974	0.28473275334902326	0.47905864434249473	0.4844258617101008	0.8744643228542903	0.45159363040495976	0.9811742895918286	0.672981603462026
12.057362640644751	11.421222605486143	0.49070898069898994	8.825137349101874	6.820336119952737	0.878189953643034	0.7845193391827989	1.1282637059461214	0.28511458210952145	0.4890079778994638	0.5027504297943513	0.8565536647893126	0.43227802479446537	0.9913079622337567	0.6763720994767198
12.049694614248391	11.709112234685476	0.4990910024950281	8.784758811208773	6.714711749523836	0.8637674330856072	0.7916867861975517	1.1329000930345552	0.2889611204474098	0.4967784115660739	0.48847713156598355	0.8604783431127391	0.4355878120302475	0.9961366240067406	0.6915946215957641
12.106771771046198	11.789082725857142	0.48316374037175935	8.967374668382597	6.6718088143603405	0.8637165714458368	0.764560002776141	1.129899574644663	0.28629189792626	0.5037306398105798	0.4802936309426367	0.8564661948424261	0.43940751748047835	0.9867780755785103	0.6980980860882638
11.874596615553537	11.530876981003892	0.5014872240700835	8.80012615142902	6.601865737247806	0.8487507233597815	0.7810327305678418	1.107862591773185	0.2911835545033443	0.48786621959204585	0.46965209516633744	0.8658429964008206	0.4439647126793532	0.9887761827143234	0.6786466161850747
12.103203233587303	11.808455142563664	0.48489558264122357	8.876844159591679	6.706231639070242	0.8254542097374328	0.7929441912839783	1.1443331143641295	0.2803279373845948	0.4786126559870104	0.49671071348876333	0.8787189141567942	0.47604375614068645	0.9928659063640232	0.6837901661919116
11.922630917044314	11.725795880051395	0.4836097128059851	9.045301443210173	6.645169501377872	0.8402741028346375	0.7640727847128664	1.1479796855046545	0.2883212263810425	0.4868011066753105	0.4772975270476589	0.8693065911585078	0.42634708697327395	0.9887074740267711	0.7011273331849969
11.944742738637592	11.56783858624673	0.487106913742211	9.002793817728504	6.628252136097151	0.8527365719205302	0.7885927686286607	1.1571533384217458	0.28180951541190097	0.48749606370578	0.4864121936333925	0.8558109810470046	0.4493580102524647	0.966632940085664	0.6848528674796179
12.1799627461635	11.730400641958619	0.48277431649382674	9.094452343622669	6.655904713507782	0.8607234966036739	0.7666194667169702	1.1512691454618942	0.2881414809581606	0.4951175193577361	0.5107048238171088	0.8682612270990038	0.4737220505311749	0.9696584330484974	0.6843425242291229
12.115564745320631	11.616856523466726	0.48347868865946797	8.889305755035107	6.613938919232673	0.8399628823600088	0.778733578831321	1.1092275880870468	0.29115179385663437	0.4844182053865832	0.4928082618678358	0.870977685439159	0.44454574284347764	0.9805325921837376	0.6763136241413
11.945313109450097	11.56481296939849	0.49967656268690297	8.776599219990265	6.7513083462726	0.8445374774150713	0.7810891160864262	1.124412066284794	0.29117925868657424	0.4999139918441476	0.4840301052004368	0.8604638525306082	0.427987999908109	0.9831264847829059	0.6852701684096651
12.050877178823908	11.573887356562635	0.5013731690266329	8.821736893844882	6.8152219069179605	0.8551699326335261	0.7637980011294244	1.1116524049371468	0.287105718049375	0.48499328281025933	0.49867585871568254	0.8508422905400285	0.4275649280701807	0.9774705457220446	0.6872577403952765
12.010576684366303	11.50461478821104	0.4960335959290482	8.862624773446287	6.576093757601205	0.8598626770105715	0.7659538881656304	1.1405169354671685	0.2793977573407042	0.48773730714022573	0.4896450441721286	0.8674030413526755	0.4016853767275776	1.0020321839321193	0.7002180332655028
11.985943941816064	11.563474209170595	0.5019205049843233	8.997656306677428	6.680750040412016	0.8422535305950526	0.765744330002341	1.1665099289833178	0.28463671740471097	0.4894618318234679	0.48831544595296733	0.8673183643554616	0.4152402936094969	0.9815129913612701	0.6715521415307669
12.042016250743153	11.596891713281426	0.48324189229619097	9.028570429066878	6.7275127868717295	0.8533074031877461	0.7797073608631011	1.15170927239799	0.29694002258299784	0.48295667661733427	0.4879895114111597	0.8679389129570886	0.4098335314890073	1.0059233024742888	0.682569914059136
12.070092823574448	11.543861514094027	0.48023746410730367	9.063054617390554	6.669762574277232	0.8691541478499315	0.7757942376273831	1.1114055933681104	0.2976248701237272	0.49308831858188756	0.48933056174344847	0.8730833452489123	0.41109876881676216	0.9923277540612848	0.6882019029867233
12.032423349795947	11.684134619254538	0.48187981446965733	8.679050700657521	6.6807177646155385	0.8794826739670603	0.7903634423047533	1.1086099283639679	0.27877873309726287	0.482617873806499	0.4861680107651479	0.8565535918324036	0.40807400940177735	0.9795030917881551	0.6947276582651701
12.080398826111244	11.607944867360313	0.49300033424542977	8.83142401509174	6.73217972966711	0.8509431383246746	0.7840711462572575	1.1495701794651076	0.277791952178066	0.4994454655550001	0.46743548696197557	0.8683639513387702	0.39545831656963526	0.9840592489296505	0.7002665863929146
12.080085931335734	11.83790404688645	0.47683499790479705	9.0578020377637	6.863122021815073	0.8528820380500804	0.786745106298862	1.1457406959264405	0.27838601356653103	0.47875261274413233	0.5015855498236367	0.8537436113828464	0.412138501282618	0.9503578904562865	0.6938710310562566
11.958662863766126	11.526462197721857	0.4946803728224093	8.825208838236343	6.742786569533733	0.8689249564840602	0.7797471482072665	1.1472179648560057	0.28422452816717636	0.48017883122449073	0.5138576126913663	0.8741486799476148	0.41127429705392704	0.9701516538560492	0.6975369074283206
11.895424479873794	11.741674840917698	0.4793753291312274	9.11831552976911	6.732901965960512	0.8658120340995171	0.7813290404655343	1.130085424803346	0.29096907435202746	0.48238707448963036	0.48816546938878647	0.8513209116177803	0.3800256258549724	0.963211815886355	0.6915463765630557
11.938670513340021	11.84561355610614	0.49568955280655924	8.764382653143327	6.714484911414403	0.8633451462547206	0.8034422020933099	1.1196701398341287	0.2896813115241967	0.47778929826244526	0.496978304759638	0.8671602701620005	0.3973909978871015	0.9355656208376552	0.6829276062887452
11.998253524869634	11.749810910932728	0.48458317188062666	9.135545528076166	6.763928962558276	0.8471075822079103	0.7670371440276463	1.137097931855086	0.28864723808001186	0.48463231090319026	0.4913492429334397	0.8863291698460904	0.3702302385497577	0.930193391660112	0.6774774515129164
12.0624126534903	11.681431335810114	0.48608047684898453	9.039437457112554	6.791161166744327	0.849161996099343	0.7848914076229677	1.1295414809388735	0.2723202120489696	0.48731075949132663	0.5131031938931201	0.8540644624855565	0.36653712030285535	0.9261120713939237	0.660795308064449
11.932537925286292	11.611526063063478	0.4730478965269526	9.083218123394644	6.704609819398106	0.8572048078967431	0.7597984940186874	1.1121487487987305	0.2858905430167193	0.48763043865759326	0.4972057709282493	0.8664232886507852	0.35754574493234104	0.9294005448312905	0.6948551543276247
11.934085337584134	11.748858577699675	0.49478672141903357	9.069234609848612	6.692437145554899	0.8367778651766263	0.7726543594404343	1.1335540744688197	0.286702465299438	0.47657019055219135	0.4762166309778715	0.8631654843786922	0.36707918943454443	0.9246420398477601	0.7028045028686456
12.092054021610451	11.822484366964698	0.475898270484263	9.118037592613222	6.710168846191036	0.8633472926226554	0.787811019691787	1.1279800188800995	0.2871614277010129	0.4923654424821245	0.49934979645464905	0.8729841433588291	0.35127117174953604	0.9220565939455568	0.7006156586937696
12.084344947980018	11.57301094345921	0.4949767013914778	8.769734272013473	6.8113865936399876	0.8728908021093398	0.7750669771909459	1.1399625158723603	0.276555655379268	0.49149064565862693	0.48761890590798324	0.8599231259580123	0.3628911877011986	0.9167948997333523	0.6709327800059541
11.922823532016938	11.784764241180364	0.48396083883183416	8.898484115170119	6.818625728995144	0.8288159441610821	0.7652616236719616	1.1356633644282943	0.27081262122723143	0.5000951396698095	0.4859024490406572	0.8647403606772854	0.348915345739389	0.9102478897638497	0.6811674274427473
12.019953074044627	11.743687226403736	0.47211816354963365	9.008764588720195	6.705403340429157	0.8417217575892492	0.7828529223890665	1.1062673674251318	0.2868547749109625	0.5033909024437089	0.4714322740140752	0.8695438326055462	0.3494544895324598	0.9044824499287465	0.701363005670976
12.143077878060781	11.58864880095876	0.4916329374537753	8.866623703129454	6.721260221551741	0.8366986976356865	0.7673532960209749	1.1255959579704957	0.2778108397104088	0.47182440314865276	0.4757349737003181	0.8589732011246937	0.3476870242692597	0.9071041987905176	0.6908558965775655
12.10640923419522	11.800604648153579	0.4935812628605526	8.90663323022418	6.69297718570167	0.8742141809196275	0.7764627495769024	1.1175824658367899	0.2913198478672676	0.4989133525549104	0.5017503573800056	0.8568271581538901	0.34906491035468823	0.9111650149921158	0.7022670350582726
12.036516821723003	11.649044175180128	0.47342148645352344	8.982103979526206	6.669559803382952	0.8467533182292171	0.7724069895018102	1.1374274095324184	0.2815289760233267	0.48419453668182216	0.5041943826816191	0.8742921751140003	0.3352170219660762	0.898664523281771	0.691827689386901
12.030832351602278	11.740641489968075	0.4880296573989115	8.855697159402519	6.752904644294633	0.8520279158585276	0.7714016333352244	1.1367426322804428	0.2808176030802065	0.4850134618054483	0.4856706654728856	0.8569554066656113	0.3424687656866162	0.8894601453538086	0.6888275583522592
11.996446955111628	11.56798737748745	0.48508106051168787	8.863945814253437	6.736225824975202	0.8521199656689374	0.7694500295253756	1.1365986627109137	0.28915352076963774	0.4918589180527225	0.4988986548541839	0.8617756720832626	0.31497891465976063	0.906220219395381	0.6700611595122985
11.961273990491499	11.686172579887248	0.48693375040967324	8.944598252350398	6.6208855707785705	0.8392613124432742	0.8021996362606703	1.1260807232798002	0.2823312631009253	0.4811577555261856	0.516260061734463	0.8673250018444237	0.3189263085668139	0.8808800833271898	0.6849249983333517
12.061508041583416	11.774074687031183	0.49481241821309446	8.960037826456485	6.809665167965306	0.8507152627573352	0.7842850660636421	1.1246216381379164	0.28027090913322045	0.5041040224715748	0.5004030471300643	0.8656474343811852	0.3066868465307108	0.8856077795759326	0.6902984544625684
12.004233955416469	11.592413332573635	0.4839847046054328	8.896108307883653	6.836437972785525	0.8332617393581673	0.7666213569229122	1.1312283203735618	0.2948750780130645	0.4791749671679153	0.5045420856281022	0.8592068406348687	0.31816670857841367	0.9235763091251042	0.6711082400996269
12.13290293804023	11.747678261073363	0.4853658018593875	8.97069856943001	6.698836836416265	0.8209232688220416	0.793514852938192	1.120963598910193	0.2863881688841314	0.4566068563291011	0.48717200211283446	0.8695384092532343	0.30515817048222205	0.9041666134906189	0.6871447782671519
11.97641526629961	11.805191587158948	0.4816259850147378	8.929853485629405	6.610637926643626	0.8889357941081469	0.7636778588870587	1.144925211460478	0.2806330883222055	0.4811054629838469	0.5085578035372514	0.8608901672765406	0.2943471139976359	0.9065673916368424	0.6822121438226587
11.992787494872836	11.661835256292617	0.4853800964532988	8.947270030068612	6.723990383869144	0.8371923592087562	0.7664505162383294	1.1327580652608151	0.2729638355876683	0.469455479529058	0.4978902757173729	0.875644712672053	0.29668797922425366	0.9029832029647935	0.6801712219443775
12.010600184144453	11.793513032276014	0.4828048395462245	9.094317011256917	6.780203361815625	0.824255344931971	0.7822471434347786	1.1113558438923201	0.28509987821493665	0.5021541370384915	0.4885391563675125	0.853211192084352	0.27810951593992256	0.878294022480688	0.686815908290945
12.035501073473585	11.453937128716513	0.4770290750498123	9.243761734526101	6.707088488336499	0.8891286996644259	0.7436824367911032	1.1119598794094803	0.28582917962308807	0.4730490897541168	0.5062259187223455	0.8656598231976459	0.2917294292480663	0.8720759115214977	0.6713967742221874
11.951120475280423	11.644975660850799	0.47929572270282333	9.068207149173958	6.788138576764883	0.8394276984808035	0.7705614678098762	1.132250138851458	0.2884250223849591	0.4689907724606792	0.4885239855591554	0.8519911194412098	0.2666175901585518	0.8716029179852886	0.6766237978509271
12.054236146965325	11.730285658424044	0.493993690177475	8.9311723780632	6.796309681859566	0.8663761201411817	0.7678415680091032	1.14426776489529	0.2941501023497857	0.4762211165902041	0.5015505166802724	0.8709602311269277	0.25770462149333656	0.858357939111562	0.700459215557437
12.001142332725621	11.53123702393582	0.4935928285729201	8.940117481022652	6.735737772491376	0.8563210991239163	0.7697984295839908	1.1368867999161185	0.2885202878434216	0.47205801836808575	0.4835217197394468	0.8678995154276887	0.2666872064116071	0.8461344528864722	0.6762920575217458
11.959323556619893	11.65121679358114	0.48964007007740235	8.932276724841712	6.6308338529887845	0.8649774756772666	0.7936036106490894	1.13308354537329	0.27964142639684103	0.48156325852264753	0.4867978642101512	0.8749270644791757	0.25360515075942786	0.876961833697668	0.6942200470087873
12.037799782123805	11.62566375229554	0.48148830353455935	8.954350064202957	6.683697163129236	0.8465921027933815	0.7808166715120214	1.1219579354531939	0.2859228793707554	0.4817308706273967	0.4830253334200817	0.8485856534861674	0.26343528055951215	0.846913014968497	0.7004690697317965
12.01071940764869	11.748199424435166	0.4977415896358555	9.029349236539204	6.683145364356294	0.8517278535978889	0.7674702049828604	1.1168509235986792	0.28142922987968017	0.48227304915971136	0.49891060093045747	0.8704615440502737	0.24908479563529207	0.8491014854288206	0.6991578488329625
12.007353481573851	11.534552154565292	0.48254432691223315	8.941897055670987	6.67099919774424	0.8404576691017299	0.7740854158020951	1.1245072960306994	0.2943042743714022	0.48108443671543244	0.4935331185400188	0.869373994131996	0.24967231502146717	0.8513212291962495	0.699431843331264
12.134301381451696	11.712321170181882	0.5001964765794178	8.847763838956682	6.703812588742112	0.8711246161313495	0.7711257671350986	1.1408507823340026	0.28958827712490515	0.4788869696260325	0.48287401754121423	0.8527362782039508	0.2433312382951089	0.8409454987368422	0.6840549369325682
11.98662032211618	11.605564818219037	0.4883635324609742	9.131573292314995	6.751848136089245	0.857236178378887	0.7681503111990946	1.1393831160230057	0.27728777055841586	0.4700525180833158	0.5018809735514731	0.871028126989213	0.2335308465475749	0.8521913264208812	0.6886157037394142
11.989416049174086	11.792438101311642	0.47581309093859836	8.990113246262101	6.738199512266626	0.8691588309612415	0.7693182923744953	1.137598602648845	0.2886429112778413	0.4853465446981875	0.48695258806227604	0.8774471795250609	0.24919134454673242	0.8387698310396425	0.680901568297631
12.085853340535117	11.731224907206323	0.4717049594938425	9.105443900718983	6.768264481246745	0.8420047753237667	0.7710191960477472	1.160484209477756	0.2896722589240794	0.4985942108437189	0.4771460355822398	0.8700441418118686	0.23472120909502792	0.8502498554014832	0.6869624118683121
12.028874833666803	11.766983628768916	0.5029027908982503	9.170647843183843	6.752473730014065	0.8370384382727264	0.7738126158835513	1.1356842138273577	0.2786041770167649	0.4852099932189381	0.5030702515208623	0.8615631843786486	0.2320380293586908	0.8125269080242277	0.6852395698884909
12.088915379340497	11.72106492644957	0.4892097005226647	8.992408892260437	6.739748530251184	0.8666074538755192	0.755577624625795	1.1216503244445049	0.2867607191416738	0.4876467753519397	0.5054406806484786	0.8672935183993158	0.227630080029852	0.8348945576151557	0.6843930932918065
12.105719840991725	11.496660460919655	0.4892936761262076	8.995885159673396	6.751410477296546	0.8513504308352671	0.7587027358532026	1.1437768815449791	0.2951417557998513	0.47785395508498374	0.49186604851369503	0.8499089399474071	0.21631545311667694	0.8477618623112502	0.6790471468060699
11.982363594833991	11.777900484533884	0.4836117234366759	9.237380484824444	6.670839360528075	0.8383259441593274	0.774596267605892	1.1296931315614394	0.28140863883198536	0.4838170797907422	0.4954110043716169	0.864058397668036	0.21805014174874163	0.8238371791749564	0.6920622935707542
12.024617530451385	11.619607159700019	0.48376376034656055	8.964561169328146	6.689167671679368	0.8571297283389645	0.7571226905884009	1.1268957779865714	0.2785502943439244	0.4894843192007885	0.47546701870727165	0.8590225528251421	0.20280626228770013	0.8102378703604307	0.6808739707306564
12.028975897641683	11.658385242760625	0.48689523336356355	8.926425586959056	6.7966561581150025	0.84599051829435	0.7750074256811808	1.129235205477803	0.2824493756490294	0.47611583736326	0.48780402187726346	0.865942019283875	0.2049380471978266	0.8221725114056889	0.6702062296883134
12.025869775813034	11.719309552844795	0.49160032684526983	9.174035779252787	6.6699382302383246	0.8522393170782463	0.7839864356005665	1.123979366494618	0.2847778519817704	0.4846638114015129	0.4993774756204977	0.854247209734884	0.21217220925046087	0.8182596392407508	0.6742215464174053
12.023352208787715	11.586034676756473	0.49777007392433464	9.138842244939376	6.718406671761852	0.8555740469387563	0.7950607778621869	1.1189271296296477	0.29096867997623294	0.4849748501001986	0.48491579722616956	0.8711598034957629	0.2195086596383075	0.8333781561111153	0.6781663715214692
12.102964316073978	11.822154625086725	0.4771983783285214	9.153389546018387	6.760543556227211	0.8605428954032969	0.7827244569898675	1.1203305942879063	0.290494119882224	0.4682943060227109	0.48820117356749254	0.8598684099535696	0.20760124805618832	0.8363111969227492	0.6737234626408283
11.966740395001118	11.698642152855026	0.4916104756087049	9.19719052611332	6.7689054220784595	0.8366544761979796	0.7723171186401481	1.1268817997704248	0.28947905904223414	0.4744675915167325	0.4824236237647627	0.853511786156333	0.19890697320788378	0.8236842304367427	0.6901962877455706
12.125300885312663	11.514068647781281	0.4861771157836811	9.203951556069757	6.67489151101008	0.8471488063651765	0.7539142199918141	1.1188647400180833	0.2844385810019052	0.4924908623123675	0.4962675060399963	0.8698435901540075	0.19399434417784417	0.8000924536885792	0.6998715850022708
12.052618691721074	11.771639327638718	0.49553598448872016	9.06870220441836	6.708140134218337	0.8611134392823684	0.7851625048931504	1.1156199830576126	0.2837904615871809	0.48916296054432773	0.4970826941250499	0.8550468305989264	0.20138229526542348	0.8011934195573074	0.6600769914623811
12.090663550703791	11.815343417509972	0.49504956878566225	8.964675492623075	6.794703908266044	0.848102258066045	0.769489312636895	1.1278011640248973	0.3024006207746572	0.4850830680858047	0.4850750778942915	0.8727551879098	0.19907624357805692	0.7912272649157709	0.6821404775914935
12.026394831910459	11.654608739166948	0.5036404288181495	9.061552485523409	6.82267349808421	0.8656267411950824	0.7816145060077351	1.131528656126859	0.2842683420505418	0.508809187549826	0.495381634317889	0.862984921625643	0.1999423509639361	0.7952441476688143	0.6721555383233988
11.964413743237449	11.59604206727977	0.4887144391581832	9.015914744662991	6.759852543418479	0.843836800430074	0.7802017568098978	1.1531170185211854	0.29247321079456273	0.4857826165451058	0.49663598631366895	0.8607590184647369	0.18720868345097344	0.7781645269358084	0.6795219022860944
11.982032506797399	11.639687047745676	0.48643559495160305	9.10598853018699	6.713360908751826	0.8247506497745869	0.7948944211905434	1.1383572750265485	0.2834726338198978	0.4886265706103697	0.4810082145362997	0.8614913608233263	0.18225427271622024	0.7672983531119838	0.6948475171709125
12.012759413769112	11.806871540214516	0.48814631140444387	9.068420750065588	6.645521280631281	0.8340311188408787	0.7911543046702222	1.1244703471411788	0.27907618400137824	0.4741557166290407	0.5150459650022958	0.856458045062602	0.1909197102420717	0.7865331016106378	0.6623378709708757
11.959529087205073	11.624143120696251	0.495375341457688	8.955594318898406	6.791754721977475	0.8669956576203578	0.7990404098560415	1.129553855313171	0.2894190705484465	0.48593927220696254	0.4799376490799167	0.8735404592975776	0.19245353426989673	0.7810113685499374	0.6988983618683503
12.115460840760578	11.809431800219985	0.4807399634279507	9.178043055832969	6.759436535541774	0.8516825124446419	0.7757853431104753	1.115455052200519	0.29499465764464844	0.478714567554932	0.49090214560593676	0.8633963658022289	0.17744873156561697	0.7629376471121699	0.7090287742230695
12.10479304158102	11.565313163096668	0.47709986916820263	8.979865348550707	6.763675567032431	0.870864978853329	0.7868810965170941	1.1147045897363688	0.28851617111378997	0.49113578830043225	0.4903960240286655	0.8562208176749865	0.18545157681049906	0.7510498805004246	0.6903188245648494
11.98254199019595	11.75904196202646	0.47106277418136866	8.944162542285728	6.693657663748359	0.8542042416652973	0.7782389152903175	1.1481870790277704	0.29234734554305714	0.49085642420151254	0.4881701024032891	0.8604369557565132	0.1870419374400184	0.7380993481111618	0.6801364163436335
12.031811608322203	11.811132849995262	0.48254459685817686	8.881552562234518	6.819113515665395	0.8435745622089974	0.7604348678984378	1.1257007961268184	0.27866542319990495	0.4720574055759509	0.4878992376003468	0.8637584743879898	0.1704141367605189	0.7219661497099618	0.688453490311265
12.082962956190379	11.755499017966015	0.48739301666033974	9.026592470541345	6.830665301246046	0.8650618219490896	0.7660101472194405	1.1079565217729725	0.282084878048456	0.46775600918799853	0.4992207517706886	0.8534597633282061	0.17998024963673712	0.7061859693184943	0.6794933513955168
11.95636190405524	11.577281073530038	0.4907144332966266	9.126243891432019	6.754820540613281	0.8650301853604107	0.7730342089332561	1.1267909121379727	0.27947691867024643	0.49419014778722675	0.4925639982883839	0.8679786416658877	0.17478862534119763	0.734446860469447	0.6763673607932632
12.058506731698548	11.765309812110159	0.4822481177185661	9.331732478459697	6.715634287276776	0.8452346898594513	0.7939662847820148	1.1306829496645345	0.2816437357215828	0.48865234736849417	0.48495574754858056	0.8736737098828897	0.18897762988669872	0.7514792656962939	0.6690087220166107
11.97329731041301	11.747389090282939	0.48728216511675215	9.256473364527691	6.7184777878544235	0.8544043679341958	0.7661139985676668	1.124286008863358	0.28459064715647764	0.47198167079125963	0.4740758990069986	0.8635840263125875	0.1650700865415785	0.7599205929862072	0.6643905459816488
11.983366140718982	11.509465225073276	0.47742835776300907	8.996026835364244	6.864571674749844	0.8839894892696161	0.7690980378952135	1.1274668169855184	0.27635880805920554	0.48917460584832084	0.502155678516101	0.8378765504889765	0.17052655936107539	0.7243783246733019	0.6837639674828094
12.036365112440267	11.763074380318223	0.4972682908073611	8.914891186794373	6.81131452038532	0.8443560913634691	0.768757438779075	1.1324574435617	0.29465654639721567	0.4859902981084653	0.48179551997441383	0.8657728967644633	0.16607683077247232	0.7213468719844172	0.6936399432236954
11.968069470530544	11.70582995002059	0.47793805721155763	9.149783804377343	6.773573777539851	0.8464950663466047	0.7756800287212945	1.13603419105575	0.2940054528935809	0.47302103983638505	0.506894076812401	0.869026099703536	0.16992820365951938	0.7217492632278136	0.6890190684413883
12.089915516792006	11.669693548938433	0.49183312644396593	9.091600319329034	6.8141630667946345	0.8440126691989597	0.7678878042765508	1.1188493401525308	0.2780837165074882	0.47393336831032595	0.4657695360485801	0.8566456418605243	0.1690331759104724	0.7221476258930769	0.6996965661230371
12.124727459036993	11.541971106649196	0.4979417717328561	9.16684925556532	6.751948537575345	0.8161912099700561	0.774163703163992	1.1490601732682775	0.28716345838732715	0.4897624992428079	0.47877614385721085	0.8508373152993131	0.16833726216418007	0.7392840388360449	0.6892835252265073
12.027507964629045	11.852516970818133	0.4826629445833739	9.173139072403936	6.790560394598761	0.8789612654989966	0.7643818269674474	1.1269982884274794	0.2927125006266473	0.49921800753827694	0.47530429439955574	0.8532410895522491	0.16590284555022713	0.7203434717541475	0.7199426750754623
12.09127986357325	11.645044632474537	0.47684272675861794	9.081671191906386	6.760025754108921	0.8528562284916124	0.7676716119049122	1.1189438826569824	0.28268196462072237	0.4810658109009155	0.5001875514928525	0.8588928418789855	0.1634131298135663	0.7142614947983356	0.708196107762535
