mass_1	mass_2	phase	time	distance	a_1	a_2	tilt_1	tilt_2	phi_12	phi_jl	theta_jn	psi	ra	dec
6.413684818833146	6.049382767034	0.5128186865368701	10.30335829554556	1.254823001170355	0.5684199997366458	0.5469993379092676	0.2985682680224507	0.2121049822375836	0.5219135791729701	1.5192468811529647	3.7622478481351096	0.5098470398945215	9.486205043278844	7.843131296112951
6.493415801075027	6.133329793502199	0.5136151990997665	10.267033732580611	1.208388903552935	0.5338906968761633	0.5193180606743418	0.32576137662837185	0.22196578597012867	0.5162549592180202	1.4854181255744514	3.660563151293988	0.5081758351162552	9.953285984968915	7.612750503611935
6.713327694148286	6.153499163573128	0.5063576991767149	9.976068441002456	1.1835699043360395	0.5325448628787606	0.5226970724537107	0.3281025071406046	0.2278624704562201	0.5092875787725077	1.5113786992873335	3.6693776190285954	0.523300557932711	10.18650826030848	7.382796869812736
6.661951303244677	6.158506974734813	0.507289466741712	10.02000040032232	1.1784578379242334	0.5263493426227863	0.5147729687464913	0.3375352917924494	0.2285259707995334	0.5032433659641656	1.4984822960468103	3.6514693699865193	0.5345033238418456	10.407231100790217	7.434616993824642
6.749161995790896	6.078998871480879	0.5064753893407092	9.921926526154557	1.1899763409113364	0.5200241164766425	0.5216113400035942	0.32148571558702155	0.228087127898256	0.5150498433664888	1.501430945905088	3.666033139161964	0.5040952734331177	9.901409645649418	7.29865602605036
6.784146195251975	6.232134049219287	0.5070277403798177	10.024924537621004	1.231115814897196	0.5215317582684029	0.5158361634321278	0.3183790063154191	0.22863631252781466	0.510759902701886	1.5246727256053199	3.639241733648434	0.5229542662384158	9.893686764126535	7.410932875426816
6.810787743687944	6.2236915709864	0.5234329946998475	10.096689193077175	1.2306676055556032	0.5306762636720772	0.5102312615590354	0.3197125994784299	0.2262058488809521	0.5145859441913918	1.493618559610753	3.615956256829891	0.5088365679716058	9.452793363500412	7.551396704094603
6.727926801677128	6.333824986864961	0.5070259115205762	9.714479460291429	1.2352458475039436	0.5258031730925363	0.5142626151046225	0.32193237891142296	0.21283162627211527	0.500091905829639	1.5328530769151434	3.636410039410745	0.5103180147826442	10.33282676327858	7.630209134955103
6.7601701407027175	6.4583392413202985	0.4981491157948433	9.829085775991501	1.2105917373784105	0.5275057270782417	0.5121539358994985	0.32372411929240946	0.22360630795534767	0.5153966093319038	1.5130665330704356	3.6925387046905715	0.5202846353772407	9.647906663898569	7.6406911141490355
6.64439818297384	6.541800586787288	0.5197937099815114	10.121746106700787	1.2331518256246232	0.5450477837146712	0.5331939113229943	0.30308975003505634	0.22813129082902636	0.5181355884086394	1.5594920695150138	3.6528197103082145	0.519586875978595	9.689883263097173	7.708166306823186
6.615938212625683	6.55851345482113	0.5189647416667282	10.150600758439646	1.2333345475027175	0.5359753644340983	0.5206826948486174	0.3141975414930436	0.2203553938310529	0.5052132820697711	1.5387857307536943	3.687254965885502	0.5283464977877853	9.609799609793747	7.669911303726207
6.611541479489487	6.491733151572984	0.5123382702357758	9.987954850267347	1.251325402079544	0.5447325509045239	0.5164724639084842	0.3147150709573001	0.2212719082324478	0.49678466421701767	1.5047944124930113	3.657724425273277	0.5266046692707843	10.269114711462148	7.636089092244109
6.607286479862883	6.54029364080108	0.49654939671782283	10.05408793197809	1.2469268142638132	0.5412039616974242	0.4989702257688169	0.3070999767739984	0.21897895025085123	0.5304132332872566	1.4907033779805985	3.652544558826434	0.5051118544014536	10.334405432794512	7.695984922199847
6.6921115137648775	6.551976092775947	0.5143095198082303	10.143612764852364	1.2411280914206768	0.5246120650294651	0.5341853587816227	0.30940659163542955	0.2130470550651384	0.4863798525998155	1.5152530521013425	3.6861551647572393	0.5003045306796678	10.013503101928745	7.330164922151276
6.787033548194829	6.593744023104946	0.5143545868466699	9.751059243709372	1.248136796464295	0.5408021461411536	0.5226552129381172	0.3180681925520361	0.21666451031469033	0.521115129106441	1.5143513136335762	3.6170358025859777	0.5088150177680126	9.482309980891898	7.88546651571239
