mass_1	mass_2	phase	time	distance	a_1	a_2	tilt_1	tilt_2	phi_12	phi_jl	theta_jn	psi	ra	dec
6.195221976538984	6.417836502951379	0.5271442837302449	9.701892087872356	0.7732174946672544	0.6083776296657681	0.5420121869668739	0.25888609982660243	0.17143276255848008	0.5194119342538659	0.7006287984230439	3.0744397180842755	0.5249918490285004	10.43391219044239	7.223400429045978
6.4007143574785	6.36676992715963	0.5304983379858635	9.759201490046205	0.7246801820187503	0.6215628444555708	0.5134576366704481	0.25368914546815896	0.15770915532503588	0.5042493220311297	0.6911338012602488	3.039499507208242	0.5374629191224739	10.534829304317539	7.229107633738308
6.595069713820168	6.325525048060673	0.5035540022410694	9.795228544198974	0.7152828083001428	0.6477932782698076	0.5371000079014334	0.21819632543478998	0.14850296348170353	0.5191610390952043	0.7118036500270813	3.0614013235616433	0.5183851237747892	10.804678562718454	7.335369339342507
6.620727886982826	6.30438642537631	0.5117174292625706	9.75278699627764	0.7103620175185845	0.6148616584963766	0.5537280944069357	0.2221016336268691	0.15814501221568075	0.5171444115548508	0.7073760790133873	3.0694808101011595	0.5284022537145229	10.378817522303764	7.404509288307381
6.618308166087802	6.350637308585185	0.5311170126008073	9.652717986839656	0.7376977099660148	0.6155974878647161	0.5394648984812092	0.21607254303062895	0.1483502823423424	0.5219465785742612	0.6900112243645977	3.052552444479452	0.5085235879211392	10.474917672466287	7.53043955116251
6.613531281592753	6.460478285218208	0.5002870275086226	9.60394277612945	0.7349348613649415	0.6086878797898646	0.5298895916225861	0.23097255107862466	0.14979599951564868	0.5105192549611024	0.7031745180630818	3.0493073697802675	0.5250087118391488	10.483697100876224	7.264627052437444
6.674316006010759	6.459334620157051	0.5292370346427718	9.642426807520813	0.7400866575341473	0.6301177262669659	0.5462732866745043	0.23529078644895646	0.15641072520575644	0.5153061379262708	0.7297762237031858	3.0188420993752842	0.5268430005774174	10.490936073407472	7.310592641047425
6.590937568884838	6.52479432761446	0.5239406040926656	9.720052979385716	0.7346893007435562	0.6209242223056765	0.5370190634808305	0.2214748568904527	0.15313911099183755	0.520937022610148	0.7159523302070244	3.04846935378559	0.5411805928060721	10.914305605792071	7.408290439059019
6.6568326986764275	6.7075030557159	0.49464092857060576	9.965053997768841	0.7400369191881101	0.6198250705947119	0.5407254625063608	0.2244832597770729	0.14652347355494683	0.5137535210899874	0.7258729463518557	3.097038433612929	0.5398861138688881	10.503760034119887	7.454643300598443
6.536895874497201	6.707562871672654	0.5187494719056773	9.619568969576259	0.7508743047554304	0.6200589718777123	0.522689209269315	0.22298366270903722	0.14002664235124088	0.49805068975459055	0.7108323974125963	3.0575745968087165	0.5337721015484044	10.56327844837209	7.224070485317659
6.508322402917452	6.772912046118638	0.5186199991932009	10.190814340714063	0.7487973501183876	0.61070362591	0.5232281300725451	0.22118698151272656	0.1540174468047654	0.5199748432233673	0.7306572470671336	3.051375716291284	0.531033036087007	10.514967887522298	7.3133279670641365
6.5422201488305936	6.795891153994891	0.518037539835902	10.180801537802957	0.7604106567501677	0.6418021836116599	0.5300616564519015	0.22080423009835606	0.15501397443261647	0.519666527407287	0.7036105276454496	3.061347452845068	0.5205060116852063	10.395197867404953	7.382410729604169
6.5573768792507225	6.744862685261126	0.5107632937866055	9.58643546114384	0.7500971861764035	0.6373885800638842	0.513531439099815	0.2242696472764311	0.15512685957573605	0.5415317285208067	0.7013206913493466	3.0529606989598292	0.5226465079213473	10.981284669550188	7.3100317366589245
6.61000701662663	6.880240013387175	0.5115941895044135	9.421175724080921	0.7631091056134888	0.6274096580733599	0.5386770452239107	0.2253913177681214	0.14761984479351672	0.5181924715612118	0.711441548049811	3.07564407566815	0.5177261346440998	10.788410880369469	7.358378061600922
6.623541597128556	6.854584001496019	0.5100429915723009	9.841693034506928	0.7604518230071503	0.626461373185439	0.5294186251481803	0.22465277778758105	0.15753008446867064	0.5260116475093627	0.7050818583802553	3.0703076428449703	0.5072702287555553	10.582366402962249	7.392734737719586
6.741228489371743	6.793441857641769	0.5029988141467833	9.465920545638467	0.7539813376511536	0.6231792015026041	0.5550972513741932	0.2295362139114256	0.15232630338611322	0.5071862082413631	0.7207523070174737	3.0687793320859087	0.5110897448704608	10.494937624178913	7.379588220947763
7.058168940415917	6.834621671234909	0.511317155635596	9.462130121916724	0.7510720124662374	0.6101177234535483	0.5260254899521246	0.21936033284031917	0.15387330107042094	0.5228614171415982	0.7155031892511531	3.0707457798830955	0.5176834744690804	10.488081640262838	7.2524345358407185
7.064533414346676	6.713884799676518	0.4894986789252595	9.932013174986643	0.7559434532272721	0.6246701423437113	0.5260866249275871	0.2311442382391636	0.1485956631451073	0.49042039654866537	0.695193297660904	3.0222722884459894	0.5316337225741918	10.570634872279367	7.259618280252766
6.927294007103119	6.631541978395154	0.5033099858758391	9.460837361455338	0.7513488056469275	0.6393287429338147	0.5540042991355839	0.2249375212579001	0.1423633938313326	0.49853761459146584	0.7221351604194186	3.0883383767269104	0.5299486734394432	11.114532244844595	7.540973373439893
6.712837632674606	6.666498978269164	0.5003596179031117	9.794839999100352	0.7563127931938002	0.6315942061237297	0.5379257386880623	0.22883290507845527	0.15164179121079188	0.5126151709961198	0.7061155262530598	3.0624029736784286	0.512834162664852	11.102731454549925	7.4065733699439775
6.674405600450108	6.558998322210083	0.4957337782039165	9.767672018227694	0.7686453605617093	0.626160600152218	0.5369339033384002	0.22621864190413768	0.1505530715792954	0.5146827057283496	0.7005943936822228	3.0761315615267364	0.5157645625042503	10.427844571275855	7.2132747443577125
6.7019803423107565	6.728531072227392	0.4965682589110049	10.44699639983174	0.7696635647769035	0.6433452867834292	0.5315749396941605	0.22529546564588943	0.15177388119617438	0.522777373012858	0.7016451318282972	3.061790425886941	0.5398592199222025	10.488325607830614	7.178724079085471
6.802700733335798	6.672813768764727	0.50148389098302	9.787971772302082	0.758504623288287	0.6411714165214296	0.5418266345953173	0.23528147247346362	0.1503685084070933	0.5148138121550906	0.681665179754061	3.0615746545795957	0.5258518343273504	10.510472045136313	7.207861344475481
6.629613532809174	6.626597842064191	0.49021290016225616	9.726784556186502	0.7515353640266649	0.632516441060833	0.5275029142964691	0.22383564837416223	0.14951846474021602	0.5229020168156928	0.7271005533843002	3.06916957932605	0.5337589332753927	10.649554048885348	7.223247216085413
6.6874709177450855	6.808329553991378	0.49579883426207494	9.48545398814492	0.7536989652591882	0.6437791439822036	0.5247702347012889	0.2198508792638912	0.15116615506398962	0.5165030043034566	0.6909492030781239	3.067162035527091	0.5344120930722404	10.854616175711522	7.277571731453502
6.674383828053718	6.864295377769129	0.5162959418607049	9.567211812136986	0.7670731697001705	0.639397386430857	0.5178850142239333	0.2222437585518802	0.149216367412908	0.5219968610314599	0.707709664942505	3.0845332752258625	0.5193152348252287	10.420766098500541	7.29849117547011
6.729382151983532	6.6468495790086495	0.4981848935519369	9.536222119787997	0.7514285216831673	0.6421128242582306	0.5198918212152275	0.22084041963438827	0.14887650632602897	0.5244583469430105	0.7158350715343633	3.0337818820448357	0.5355512030653419	10.403496573283894	7.282131711407318
6.713064154523686	6.730817710544799	0.5040549695945088	9.533442178731267	0.7596570960466639	0.6273402542333308	0.5420503551266365	0.22965170309967933	0.14899045006235645	0.5234352103528513	0.6867487463713589	3.0602543520182066	0.5169530553459141	10.493798258401164	7.318308900870632
6.651662573446614	6.796848053630782	0.4760501221232729	9.813014244920023	0.762739323778677	0.6339448708845679	0.5389563769435416	0.2302514090740747	0.1522962161360913	0.5044734632719886	0.7239084480051966	3.059154514964941	0.5440427530069096	10.441403974091452	7.316576394912193
6.731897373289717	6.627583678184426	0.49736929939376995	9.603000169259222	0.7784587116351448	0.6388429293668286	0.5464859418721473	0.21985556290189007	0.1461000665428935	0.4879012480717846	0.6910827981089737	3.0667724994802787	0.518295555990585	10.438173614874975	7.277938129180643
6.664921088909096	6.767767099976162	0.4892134815617506	9.747883088682737	0.7683587635886256	0.6258440033606135	0.5349565710975398	0.21677283258382832	0.1475012041140339	0.5051806542659891	0.6915019846350943	3.0523666910893468	0.5145211724234124	10.725606582919688	7.282052768463289
6.636201320995256	6.783980460611962	0.49175868985699517	10.166582466727483	0.7491052699546853	0.6248529798210553	0.5275839715026969	0.2312523317928571	0.15182241050989617	0.49252568494974447	0.7050883335378888	3.0346293532288904	0.5212928768826672	10.469260629954622	7.356037687773835
6.8082999210532185	6.574618869289697	0.4960370263844117	9.498231080471923	0.7544202920653508	0.652341135482181	0.5535832405236149	0.2239039441323439	0.15361655509385033	0.5114657953616887	0.7082379552163146	3.0555220700467225	0.5322885781985076	10.828233212628565	7.395920825674804
6.68602974734209	6.61524475146964	0.4937636843193514	9.532743024667283	0.7565350188930969	0.6321116881238102	0.5337547537461848	0.21998461869708757	0.1505833353454848	0.5145421580786255	0.7047291209763167	3.049009204181375	0.5226898717800089	11.055012450142609	7.321279594460584
6.599054127928968	6.719556810883177	0.5029299441260292	9.425075827992424	0.7469657176545167	0.6515797921333158	0.5300574654546348	0.22245707069034204	0.1520612449194648	0.511461623416714	0.7096509789844349	3.0191357181547542	0.5145579067236532	10.41448879160979	7.315372404946932
6.6343022753172205	6.673535080092862	0.498685381073045	9.40027641359164	0.7713633461754357	0.6337101876564226	0.5277995255456951	0.2219911639050335	0.15207623257710853	0.5079987832678681	0.6982931455948466	3.0731662506697957	0.5005906157187281	10.422588852798462	7.296858764853374
6.700027095387671	6.768195604752293	0.5020581440887104	9.524748234906534	0.7559256833131068	0.6430894972867635	0.5363710120957725	0.23591896618003447	0.15477117887753736	0.5111921913268674	0.6876049842254308	3.04371262431314	0.5256519231903966	10.459112074725192	7.182405785760284
6.767055130304897	6.5613941910218845	0.4997667665511236	9.518214273826082	0.748868238370652	0.61131205974075	0.5331676522701109	0.21885727386280573	0.14526512479644685	0.522827026440912	0.6949806626030843	3.065866464058612	0.5047271145873619	10.80589395767794	7.277026737960743
6.736883870595704	6.561787922547844	0.49234844621856566	9.41003464047419	0.7486063814389751	0.6173982852094207	0.5157640583997333	0.22303554069515705	0.15337358301567883	0.49513941056931166	0.7110342272794969	3.086313042149189	0.5246775233774849	10.422786245499601	7.285631661008733
6.788111972730297	6.379443168949294	0.49747325967215433	9.430198535313053	0.7442167668985408	0.6259442927071622	0.5218626802883439	0.2162354572321513	0.14888029448621698	0.49438738921323366	0.7106677853847371	3.0463020447168483	0.4911161987334477	10.427247021778248	7.327368373686175
6.7897977343334635	6.552012031190978	0.5120182804666157	9.84437413454271	0.7419757113721556	0.6265146816045798	0.5372926906129329	0.2189303306420608	0.13887712442954592	0.5131491829111577	0.6968240138773213	3.080692263768038	0.511579675965606	10.392537995831374	7.320133885540828
6.7954252727654065	6.585057274760213	0.5084178440646451	10.118704203002357	0.7463993285542676	0.6035484703185832	0.532236415523447	0.2359210479674751	0.14429753856833605	0.5095160679606253	0.6941717898758824	3.0608020178068185	0.5060894451891437	10.394456732820125	7.228211903659631
6.701659900955681	6.609106915853812	0.4983846053067606	9.747631283527765	0.7538384715358779	0.6371599014732903	0.5127705530654539	0.2294160637354808	0.1426445627911694	0.5043813014710895	0.6803458894790855	3.1019401603886108	0.5224711894924791	10.40384498516801	7.23075129773735
6.879831489255225	6.618897854349879	0.49063145782228884	9.675517266703672	0.7636041720288254	0.6165042448004995	0.5299474698615266	0.23110655090268387	0.14906564756826401	0.5133539354634129	0.703940063201464	3.0319528035711723	0.5086739679083643	10.983893272713734	7.3351496510032215
6.7800627691306445	6.6051049749047746	0.5062111286684905	9.528546675506085	0.7578717849049695	0.6388389062934968	0.5284852271224796	0.22148932425300386	0.15772998986173914	0.4950993434055485	0.6942914407360709	3.0804258354494403	0.503462170924752	10.953027835031348	7.375800707245889
