mass_1	mass_2	phase	time	distance	a_1	a_2	tilt_1	tilt_2	phi_12	phi_jl	theta_jn	psi	ra	dec
11.986992912883101	11.053122809840428	0.549908619910055	9.936990824675377	12.124799827936041	1.042605538551246	0.859062808108779	0.35305347031884016	0.19557636696252834	0.5096147339370337	0.5465824499549314	1.4910458985304194	0.514878202598749	8.243430591851086	6.039231406547871
11.777914696914388	11.309589663496862	0.5091084926853141	10.157363618613461	12.129967505746095	1.077954115864955	0.8532879191979571	0.3311868483593936	0.19099760078001987	0.5399211643503996	0.5029064434939953	1.4393622045570953	0.5308974700113145	8.142271652786075	5.9245351637814085
11.715918116174663	11.526622832189052	0.5221799760522585	10.196449120919372	12.158246976376752	1.0979607292396738	0.8710527538158518	0.3013136830829553	0.17514366915830223	0.5037239010167941	0.5111207949991101	1.4267611324028793	0.5169822707694112	8.011726965310283	5.822803040234936
11.963489376916359	11.575561016568322	0.5157372896198553	9.8566679828616	12.193587305693745	1.0995761270904998	0.9006168808618684	0.28772900348372116	0.20126249684772052	0.5260010652322947	0.5355695199115095	1.42154974145566	0.5354968318149165	8.117760481702867	5.772429312995059
11.747133338966512	11.190662296547403	0.5299209564065066	10.443322126051058	12.194082537985736	1.0938942017316642	0.8954711595109848	0.2765615675077265	0.1865543438139297	0.5248582312373147	0.5116351389111405	1.4367305014655	0.5208936603233014	8.130313977827976	5.73309085358698
11.937813197891476	11.312334446418397	0.5138863020109028	10.11423310637027	12.131746947969763	1.0724853330401114	0.8763903197327942	0.30482713112474025	0.1699772879265532	0.520651356944697	0.5158694118827942	1.4300792894864272	0.5115697954367822	8.249395671521622	5.886074084759838
11.923493752268062	11.349419844286357	0.5049792903902763	9.761129561518732	12.122710488152524	1.0716994657633874	0.8708628260448666	0.30818524104667133	0.18638797814962063	0.5251460300831727	0.5212834690687579	1.421441530888147	0.5198027164323494	8.236391847417998	5.929038164634966
11.825447780760145	11.411968078897269	0.519311988485543	10.070214204207991	12.115345841963599	1.0854252130839321	0.8778389582771668	0.28979099460700375	0.17767118092436945	0.5129128630555991	0.5151986750007701	1.434866844835087	0.5305449744044618	8.174108643387289	5.79702843468594
11.879613736054926	11.597308883401373	0.5148686298099684	10.156562602815642	12.11231925985671	1.08793270167447	0.8564403556080301	0.2923024295436472	0.18281351794724732	0.5332641780954118	0.5345312855614514	1.4356390833848134	0.5529296571154404	8.384123755921738	5.795864162322908
11.804241675511738	11.446854292965485	0.5156043172905767	9.716288429318245	12.083853407814852	1.0906489434133497	0.8743370611284187	0.29258867531962834	0.1790296438850077	0.5166078898708402	0.5426433507432131	1.4525187579117111	0.5282460035367067	8.144047763061998	6.020419001628261
11.783488548954695	11.56732800824902	0.5386842434521467	10.118707216747934	12.051919966281599	1.0874787551340461	0.8570228246904308	0.2894751461483203	0.19390321420239814	0.52004896040699	0.5364985494434931	1.4518204370899328	0.5057806148527105	8.275104773308174	5.994732613731788
11.726763608278906	11.45388720552353	0.5118618803170624	9.977420338700519	12.041410044051476	1.073044804842945	0.8493518142213419	0.3002296044619274	0.17267511160067714	0.5147530975935057	0.5276035347281379	1.42560988016355	0.5327437237980007	8.337849643040602	5.856860519111257
11.674805480135173	11.240101639727545	0.5140651567335653	10.176249427393403	12.0399176838841	1.1031473265617597	0.8806756033743285	0.2969045032231186	0.18102266340348164	0.5174528877655318	0.5259039377566728	1.4281459761808548	0.5110424911652668	8.052759448248409	5.8621640087883415
12.10403930636922	11.419086462196969	0.5001183962172495	10.142255017327866	12.09216430471806	1.1023474481125521	0.8789886378114176	0.2969461207008132	0.17931761425924153	0.5169190738217596	0.523880264075737	1.4367736290133128	0.525628280045433	8.299231355066311	5.87060760860413
11.710613498600853	11.51163539491969	0.526958006691455	9.841720280775892	12.065438810780956	1.1201963643322757	0.8838502129445089	0.3062188011361097	0.18593148313755542	0.5140483903462519	0.5327914855777728	1.4218299045380627	0.5137843310415567	8.078226682096405	5.831521308712559
11.717605057168468	11.064636245413377	0.5127313203682871	10.215778525024161	12.098732353490327	1.094166810130206	0.8666797051579436	0.3040442445918456	0.18816838596419955	0.5137946918834954	0.5208560038494517	1.4249655615681796	0.5027215111353903	7.988571632361611	5.873869937572856
