mass_1	mass_2	phase	time	distance	a_1	a_2	tilt_1	tilt_2	phi_12	phi_jl	theta_jn	psi	ra	dec
9.276947653438805	7.836949820720506	0.5424878892188864	9.806313198106341	2.2257949244572757	0.5176616003877029	0.5203423124504776	0.36726489260926526	0.18578265835206512	0.538158376368557	0.9216459846670245	1.2424711820332697	0.54239291134721	10.50811778490791	7.666108934309825
9.107094245547856	7.9366229509281405	0.5102200497940422	10.316079766963606	2.49478912008668	0.5135434112754108	0.5028252583192653	0.3587140402188404	0.1708368959187274	0.5200984832504327	0.9047400358080783	1.233802010569549	0.5322486265542021	10.510981045851915	7.7447303852863465
9.21947729271702	7.8742703732708685	0.5267328873833864	9.769786220714956	2.6168493163163964	0.516249947878665	0.5178557710779772	0.31213669452565923	0.17508763672406857	0.5029391651473312	0.8757262472199994	1.2447138644660174	0.5280235717860196	10.998664860102469	7.766849729126916
9.21389062905703	7.869132107153975	0.5146886809226455	9.726398249381328	2.6274433618603843	0.5348396883965437	0.5265656712074895	0.2847063851296381	0.17413306330097567	0.5056976814746799	0.8972804515085483	1.2407871826732966	0.5207335318402773	11.118611565282253	7.8404884424712815
9.32312189052697	7.910252995775968	0.5130817658074157	10.017687447041444	2.517751521325539	0.5131788907845087	0.5339879307572785	0.29716958400065163	0.16315277986138302	0.5222780353078045	0.8879798075646279	1.2281716838261758	0.5297664744894358	10.520622111731054	7.871378741578866
9.365552192069515	8.063882093664251	0.5402022639818583	9.984193419369264	2.446571864187335	0.5130707126453768	0.5273707707245994	0.30463350426300634	0.16021012060415774	0.5085495272420832	0.8847530043180467	1.2497145121814992	0.5090636436868333	10.46004372772463	7.735069991368059
9.449254308566799	8.04521068640232	0.5198841121396693	10.0326286985917	2.470329602382703	0.5127771158322548	0.5210517723456044	0.30004620163232215	0.1614850189391233	0.5295332515829925	0.8863114755177355	1.2285017625295767	0.5192414376184293	10.40044441036927	7.753383369247078
9.140509836406496	8.01654866009451	0.5264713355297912	9.767580297263878	2.5114120182976274	0.5118703301374561	0.5241083272649164	0.3172614896134786	0.16475042697156714	0.5200061454623944	0.8963838000945364	1.2435921366023077	0.529185151489288	10.476016145088165	7.798187524019973
9.250259881675799	8.21734373717835	0.5202064705353941	9.873486187799129	2.5100184199405087	0.5330028513910777	0.5199830048953082	0.2979226538379849	0.15773738431593995	0.5317241850291516	0.9024543749121103	1.2348397274960279	0.5478810585832338	10.675249403925996	7.807859733455949
9.24382067256013	8.108792798027277	0.5236475080670642	10.029144921878807	2.4951784020983947	0.5160877395419642	0.5015193359350412	0.3107795602487379	0.16545746599130864	0.5184918296949349	0.8904681857493564	1.2413562777916585	0.5332306020497571	10.648040072491304	7.679984927405491
9.12864624511157	8.184316661933371	0.5254206651801566	9.676273217139109	2.491141888477389	0.5094209862371322	0.542438253636809	0.30670252472265613	0.16884168338254535	0.5205476916810527	0.9072917546107081	1.2467052160400085	0.5416226087684799	10.668018393203207	7.7624964084502786
8.937511033205793	8.207502811280198	0.5099560079245931	9.899437265587466	2.4688498314956915	0.5221994896644909	0.5264550552539743	0.30647955164175106	0.15526141831944396	0.5110367194366555	0.9006177838543726	1.2196298823962277	0.5364349393755075	10.617331159780438	7.759316818256386
9.158524549292226	8.066746970972629	0.52145836515301	9.982226694473335	2.4704545050486075	0.5091468708502929	0.5128857523566286	0.3046783562755081	0.1713076493961102	0.49555126287474055	0.8964514040950962	1.228527425767147	0.5342118505004168	10.785545283795162	7.745729938080483
8.993011656415074	8.271315002794076	0.507409386817938	10.063280616885484	2.496322527775481	0.5183542322017671	0.5161059651986275	0.3132046279561318	0.16494340112884598	0.5109265881753386	0.8927591421981395	1.2199423792464241	0.5161200584377034	10.660019541705537	7.834473875644041
9.059593005270171	8.193536884201949	0.5076329446852251	9.973933890607524	2.4670792970764945	0.5202519233823937	0.5220818039018432	0.30020464065506575	0.1610628472564958	0.507810019381777	0.8730957657660912	1.2246888657240025	0.5268542794336437	10.642231751014199	7.770995692469621
9.335500081567895	8.234642244408777	0.5081210849088718	9.896988161809954	2.508451079286616	0.5153164383880079	0.5288172363044633	0.3095460271846722	0.16126270352733452	0.5220203089719945	0.8874189654642584	1.2429075359015032	0.5544917448561543	10.921968358090872	7.763017672740732
9.556414176146939	8.273283516784062	0.5102119926349851	9.999353417078284	2.4995278682392104	0.5008529407745073	0.5319222076978798	0.2972433400221928	0.1636190065453945	0.5129996647254602	0.9010145512826727	1.216683151534961	0.523678436928111	10.651894481689157	7.722739775234342
9.627945315562476	8.260207677150644	0.5153971468737512	9.777480358848191	2.53199240244678	0.5267426200211152	0.5169433085958768	0.31056044924747167	0.17636279829367946	0.510254393931798	0.8950737674311096	1.2333847230765973	0.5358038504917075	10.428348578422234	7.697599462715178
9.51924444887056	8.120684279073078	0.49977958895336916	10.20111394516628	2.540607699271202	0.5201329431041749	0.5275235392446398	0.3052944300711641	0.15335961221197372	0.5225407853964893	0.8781776984754204	1.2201103594188512	0.5291421210042885	10.86447943379146	7.804632602149044
9.213881095110619	8.122713036060782	0.5085972939299138	9.96752274739638	2.5607547164170885	0.5262510161940332	0.5345365769468094	0.3233720586062231	0.15814987322470136	0.5072096422313527	0.882673525247964	1.2325469132892979	0.538697448549519	11.154906526667963	7.954885357999938
9.253945637338353	8.013700470656278	0.5090663820837544	9.658895767029987	2.5026496533107108	0.5043307468851179	0.5291678320644913	0.3195337523720692	0.1627875426148419	0.5197892837904317	0.8875291058403846	1.230036217948596	0.5307762369706085	10.972995619004152	7.620339050401456
9.099253196489576	8.197939627253968	0.5018711636796968	9.948736697164197	2.5110362488039506	0.5074396707757199	0.5044876662005653	0.31751804570324527	0.16401750780624205	0.5288637837675246	0.8782071787339585	1.2312745427233753	0.5511556290961486	10.636622439151017	7.644416066126674
9.48491826004875	8.16461648894763	0.5021157101809351	9.834754470718943	2.5114199895406704	0.5210287788584183	0.5233349012211183	0.304950711426363	0.15817622889577873	0.5181289301859575	0.8853349568762894	1.2290785436628022	0.5487638754325954	10.936102878499204	7.621145956870653
9.20370731093874	8.062802198283181	0.5012609925760421	9.728677541168674	2.5815777670906304	0.5258346371007446	0.5346891448569004	0.30746871745197263	0.15352561516522784	0.5108842086317118	0.8909017127691835	1.2266913339188148	0.5214382842013292	10.493811736673228	7.749009017790483
9.30446532219401	8.188990763080955	0.5151724384482602	9.972113049491469	2.514723117046384	0.5050284565650844	0.530137775630705	0.30343366846198455	0.15373574060158676	0.514461328661102	0.8962944527407357	1.2330213375236732	0.5298405427091116	10.66081736015829	7.824254770155396
9.175897904500985	8.28168310080635	0.49036221839684924	9.976593149578676	2.459238755921412	0.5322715022776495	0.5156374178564536	0.31004242788105113	0.15337031012037666	0.5165010830947429	0.8867458834731878	1.2347105328701642	0.5303750555689222	10.442137079944702	7.781660739708741
9.363467620573209	8.173206774705418	0.5035336922390953	10.000585221999613	2.508458016608592	0.5018619015127482	0.5175532093829955	0.3072140429333647	0.1574980121564139	0.5147636123790578	0.8858030117212273	1.2339150234699505	0.5292711168196558	10.49480586505106	7.773462817122308
9.204539929385847	8.161682188581377	0.48563593279915146	9.68808755328683	2.5543128865752993	0.5354817702306989	0.5375596793862727	0.313394291481248	0.17179269298992741	0.5161215955155685	0.878038572054944	1.230694046294422	0.542386695365339	10.611676013384017	7.783067467885352
9.299584720573344	8.20499008310737	0.4978097098548397	9.755579106603538	2.572861976910287	0.5145456363685706	0.5292740840794455	0.3076827842818655	0.17208918206340937	0.5060054743180842	0.8854211458563209	1.224635985977993	0.5470148769532932	10.631498272735278	7.91019883199667
9.206956890757183	8.119315807503956	0.501900603901191	9.984702902628095	2.542532206027338	0.5184488200254204	0.5084334340326697	0.3135377356266635	0.16755362564862042	0.5155184473478874	0.8799054484002503	1.2280795487712945	0.5338371847843081	10.708830989597931	7.683063512748536
9.190614500412062	8.169257515878368	0.5071767385489647	9.681551242302296	2.509629273500602	0.5293437026249364	0.5367201149312312	0.3154347034239766	0.15810264148845513	0.504902412431202	0.8840509074803452	1.217266787641288	0.5203423149954611	11.144869093949957	7.748741840540209
9.304322675978392	8.177099075182127	0.49214745826653744	9.840519135094391	2.570121558418773	0.5231920616027412	0.522357373557806	0.31745972786415766	0.16184582576131237	0.5002090172913221	0.8744243562881092	1.2314461543452973	0.5269256259456281	10.690755720212636	7.842336985856746
9.230958261016454	8.060381283639906	0.5073690355431133	9.695372961021484	2.611252162016642	0.5473518354963531	0.5053524057142572	0.3115575785613431	0.15986412218445764	0.4969760480856007	0.8877811421819706	1.240418494928953	0.510232487086284	10.640103864160011	7.7935834021127866
9.222494881693768	8.108404991445063	0.48295036871192515	9.606213931763444	2.644519003393089	0.5348643908994005	0.48550890064665203	0.30669952745749285	0.1612485705053858	0.5248654046771316	0.8807280354049206	1.2370544820970126	0.5154801634680922	10.754435417337287	7.781713571417588
9.182142857245056	8.172394183738398	0.48227753467494155	10.058684206887484	2.632148138002694	0.529180755307003	0.502679233145921	0.3086912058227283	0.14805695307502062	0.5072898650410951	0.8712762902137241	1.2329467707438848	0.5181285453121606	10.421198100622266	7.734417581476845
9.235044091060104	8.254836809446072	0.482885899922728	9.764252442968406	2.59870794864352	0.5049665638689519	0.5294949936816238	0.30124361790912074	0.15038094780280065	0.5081836541406134	0.8937557330043588	1.2336657772574429	0.5247893771803999	10.635271674914565	7.74656451925877
9.184536854788478	8.11870153896787	0.48941712316520686	9.73682353051051	2.5840961883306717	0.5431601775193583	0.511590329900529	0.3049165653532043	0.16278665988717483	0.4909693876494835	0.882369714317611	1.2300602054800207	0.5187033866599222	10.441379625840296	7.716433878620271
9.339433799638234	7.972819261443845	0.4999842367233744	9.662032043492102	2.622634644836072	0.5191172261483726	0.5077695045440529	0.30764532100421826	0.163246039023758	0.5225542211811457	0.8913072104573313	1.2352353473029847	0.5352824193490666	10.460498704105776	7.775795821831238
9.22117013436784	8.001988558385284	0.5109101390188786	9.779951807098819	2.6308426639789446	0.5239446562915498	0.5160340728114242	0.3076008723576123	0.16556205806657662	0.5067459404698988	0.8667847241994412	1.232356218556763	0.5386837790426285	10.813382685268717	7.765260832584628
9.312284167106428	7.842497659094318	0.5059789957203098	9.987708445949215	2.6331495747952594	0.5233115412831522	0.500136990891505	0.3102402190136603	0.1553191130921361	0.5026607155693577	0.8861215312676383	1.2286269782267207	0.5658986311653819	10.694243763153503	7.8141794210280535
9.31887478524546	8.085759682567732	0.49961226875557385	9.948880090496333	2.6912236061280517	0.525113829205342	0.5049545416174355	0.31895261298926486	0.1572369263549466	0.4995200682847368	0.8811042304076425	1.2217485164625284	0.5230885996082054	10.623771371848708	7.737189146061388
9.426194450265957	7.977481969405021	0.4874407649427018	9.635973784450636	2.659175367383207	0.5398322363223499	0.5207217928695508	0.3153532269896069	0.16916280564147965	0.5072935527157456	0.8876494312262012	1.210725500193981	0.5241601140553865	10.473727649872886	7.739940013192074
9.183641921294187	8.05743342592541	0.5197010389852489	9.626249285171449	2.6553416527269724	0.52275034030621	0.5033214022145265	0.3068461290183316	0.16542687196273198	0.5131248072627266	0.8882554327623726	1.2444507102235178	0.5314415369228962	10.590817993593735	7.704026721942281
9.287171187377602	7.938930435315883	0.48660341537703683	10.014233926524236	2.6551904873063727	0.5094684101176031	0.5153485368686894	0.3108604098468824	0.1610074863916867	0.5092845472082994	0.8806372155055278	1.2394399344041005	0.5567619662420622	10.67431959816855	7.7256344750006285
9.248866785220724	8.040729166589534	0.5218286010447196	9.589366304617966	2.6245637403060473	0.5215736806818165	0.53337824670675	0.3305176925586466	0.15350540943830784	0.5031204316470922	0.864761667441138	1.223951913529422	0.5148845524534227	10.657949706624771	7.822154740342137
9.306711211484595	8.007739765697176	0.5074761719013756	9.80866361233009	2.688073759714179	0.5122820548621889	0.5255963531062858	0.3118733819680902	0.16401769934738614	0.515972693150681	0.8728774757734528	1.2271566859651184	0.5269973188136315	10.45471647632329	7.844157261491718
9.417390669263925	7.828342109657978	0.5068662138534179	10.00279495506332	2.6084507911426154	0.5404558070035669	0.5116709308662662	0.3218204398473889	0.15218421400161503	0.5071193157888575	0.8747669035526933	1.2236479177713255	0.5266417542342774	10.645037191907234	7.828080666179779
9.41443203766405	8.001065110631544	0.5090309432008853	10.003570146228796	2.6193395035676583	0.519208974171493	0.5147738920627799	0.32055682678607206	0.15666569667519034	0.5069421948117636	0.8597350661565095	1.2370414522034079	0.5145029753549635	10.79312097347065	7.799030978165335
9.483845645645394	7.710487475009977	0.4852625890127553	10.148388324121106	2.6208531331760576	0.5193268525206008	0.5218399593832658	0.3128120101596701	0.16106115673717428	0.49452477488555463	0.8917157282083714	1.2342865785827941	0.5226777030183325	11.004290671433221	7.866243072199646
9.314766616794117	8.004322339865562	0.47889973463991303	9.822954393178662	2.5986440905086265	0.5220951057558556	0.5005633096534801	0.31848063976511	0.16084790766863455	0.5045358466065487	0.8738750886239331	1.2286227249615818	0.5285016688135986	11.10556783373236	7.762922062879647
9.462356261821089	7.817789950238289	0.49930980050691604	9.954996579789658	2.6188676451270854	0.5183367365925737	0.5250112620836338	0.3116535197208425	0.15715482789130777	0.5188233875238056	0.8812502654745984	1.235078046253059	0.5302780474637149	10.503119312157997	7.763356482684842
9.398414710314691	7.82420262511596	0.4962524978475215	9.771085225734327	2.6165298306808102	0.5240581628162291	0.5051448877909556	0.316875005061787	0.1659837371213329	0.4986850431736361	0.877095618183761	1.2182040355564934	0.513576728243372	10.890583075737752	7.714213055148655
9.40790866381357	7.955334203155919	0.5091629344697437	9.73886787422021	2.6057161100540576	0.5373150147866113	0.5224777425789717	0.3050685073522059	0.1584538616735361	0.5055620792453692	0.8858970780986489	1.2395388952348603	0.5512362550682046	10.978726924373822	7.719785707786417
9.582569387177553	7.982148858902332	0.49736178261030106	10.034220615395586	2.5720810203676705	0.5116534558020883	0.5277199825359801	0.31610494295863684	0.16782670295296157	0.5150802614344556	0.8951270552080418	1.2332788954171212	0.5460192573450972	10.432780799243547	7.708288781085581
9.300954698416177	7.942313922758519	0.4882930401831298	10.005913374756151	2.5475527235866804	0.5243217774774264	0.5132059766663707	0.3207307184542469	0.15778972271449956	0.4975893071566254	0.8866629383395358	1.2141607213188879	0.5380596230812058	10.614427714993882	7.810286512553986
9.481525030500869	7.819425383224154	0.4802192384015078	9.779425346508848	2.5812272492814308	0.5367051046842299	0.5026585105905396	0.31167775772231604	0.16270844042979343	0.5072102435742728	0.8817394503060646	1.2230470867519032	0.5414806331579702	11.423586316009155	7.732996309781332
9.562378999771267	7.963650417050301	0.4868242577796569	9.721423831613668	2.542052028628908	0.5075210287849049	0.5106312851802388	0.30631215435811776	0.152631773047038	0.5048409334149169	0.8887969120720393	1.2162610689487376	0.5613619350170852	10.413658792036628	7.6965189724751
9.226658626008938	7.98973303323266	0.5051543679075927	10.132220473533545	2.5078325497174845	0.5259518166089956	0.5173749194195872	0.30591071025232475	0.15441374230076407	0.5079018095513483	0.8967881634670636	1.2263941574523753	0.5158256565259681	11.157430865267706	7.659277375611694
9.389126378794177	7.896272034928761	0.5099919877035217	9.99224991908539	2.497069120800615	0.5193757366452669	0.513343437263775	0.30498837812319757	0.15660599828358474	0.49199003294881305	0.873728206166638	1.2328589946470032	0.548625795448489	11.01261025502025	7.753640578066219
9.459021049162903	8.107591709703975	0.49690726827412457	10.141383089141835	2.5470022903938974	0.5176307505958729	0.5017253334078466	0.30728662575374593	0.15973577011628912	0.5042293072428967	0.8668140891697452	1.2233666308438973	0.5224672111181106	11.123419433868275	7.732312357284476
9.405200852852003	7.896308808421646	0.4921081580910279	10.294655485459904	2.56629843868779	0.5198611969173688	0.5060228149772913	0.3266513659739448	0.1598727876813439	0.5305348759770279	0.8634134380414312	1.2273311280125618	0.5285576966417084	10.42339276941648	7.717351930485766
9.270879235780992	8.058808688925785	0.4821226592491267	10.020998610708967	2.5334723153590484	0.5208645014690898	0.5136266635241505	0.29986028085143124	0.16238301663474872	0.4940834486394178	0.8756867175352826	1.2312113466659402	0.5415189795780435	10.484809866860436	7.705742177682644
9.41799392028838	8.0173363289724	0.4905656951145958	10.480478182543235	2.490861204499374	0.5151877219214673	0.5067722110776189	0.298260686594294	0.16070178178450947	0.49882760010544225	0.8721891110355757	1.2254123534021184	0.5087221003336425	10.662918890133197	7.778836553542232
9.712356046016803	7.786522374599674	0.4875559800729397	9.764070467948384	2.538254713168979	0.5119679800442498	0.5058654471420788	0.30564863150122573	0.15585464163110702	0.5039387142264081	0.8681113269561167	1.2197516693134882	0.5028259986932414	10.732131223933974	7.790394332015798
9.443928249006232	7.92274195492783	0.4855107711355114	9.760738050147408	2.4892420852545323	0.5228212472504472	0.5068245576791073	0.32370447443581074	0.16180179402876352	0.4930668100093836	0.8681987653140181	1.2446521483569548	0.5251745782458953	10.475070523193091	7.848349607366468
9.357862390851027	8.070710220877052	0.49815344139688633	9.876560159170667	2.46164406010948	0.49498144980200637	0.5397543596514921	0.31271215716589695	0.16777572579208302	0.5012860640791389	0.8770210279116734	1.2377426961528522	0.5328550250707308	10.669829832737985	7.817212848015849
9.531128938155693	7.899158682229957	0.4905283454453752	9.974177371634266	2.484497373111239	0.5275789752088256	0.5067350706970061	0.3153119396628397	0.1590218189043916	0.4881831618207953	0.8767722327980203	1.2283371389681768	0.5298996153123543	10.499684331831416	7.675606090636106
9.402551505531303	8.029962964750188	0.5011820985473178	9.949872733219376	2.523107334167179	0.5124378427992662	0.5194484004220593	0.2886627702877169	0.1627231157369455	0.5089813773946723	0.8798682797469419	1.2336596077786566	0.5185785072179904	10.447782881361876	7.763206897783369
9.302702511447873	8.147285003510966	0.4964588222475592	9.727454339855	2.485983191018775	0.5131357289778178	0.5058883083706763	0.32165711442393813	0.1534867058048771	0.4768494088557526	0.8722303208647932	1.2309372903316917	0.5164333163762176	10.611162994416892	7.76375958589548
9.504466894542775	7.985974338718361	0.47845817147947883	9.68975350653665	2.454291320959472	0.5078067452594456	0.4983748112521064	0.30588450436277886	0.16300662580335123	0.505978115901517	0.8641442348374893	1.2183627363079863	0.5334166511396503	10.445855419725369	7.796204544196265
9.504529055792714	7.980104430835816	0.48947402019810676	9.923888336072398	2.4745630461227903	0.5277004199679816	0.5022625201610402	0.31028173676840876	0.16013331640761438	0.5025037230690421	0.8699572947951766	1.2228483092560056	0.5280088478912922	10.808307686108478	7.815760606499697
9.376404662976187	8.041214569509455	0.4631964822379523	9.96942330514445	2.4816338375607745	0.5232850535284554	0.48973477035682184	0.30950144177198	0.1627311647082856	0.5060738843371453	0.8796580782388526	1.2326609110113997	0.5431385298847844	10.661807976795428	7.809168480794139
9.432193244252481	7.930231200579155	0.4896081880806541	9.763869395299416	2.5057767668513833	0.5054540764951146	0.507519518830318	0.32578602216609626	0.1531841701726608	0.4859801645210969	0.8692536873156232	1.2372550233358988	0.510576910848581	10.498180310258691	7.708364919836982
9.482377342911894	8.07428326028509	0.49639733890591503	9.69701250290003	2.502293759411723	0.5045588611568228	0.4969442713599706	0.31086546540192844	0.15577444198620236	0.5014930554018525	0.8657486917659958	1.2258846615741477	0.5100617271938744	10.51292627730557	7.7727203841979255
9.344817980404715	8.058949057115411	0.48025968463791935	9.889498273881307	2.4634660024932065	0.49934706644118004	0.5044577879306906	0.31076359254186386	0.16668050912872884	0.5052997088182889	0.8858699203493366	1.2233769568860229	0.517639232666804	10.460225567877488	7.747786834520571
9.301358940529564	8.021642597732262	0.5115641289130363	9.717960729708482	2.4863742916003813	0.5104043317441687	0.5087477318773609	0.30979382661716315	0.16427700053559777	0.49468862982138456	0.8783628362620483	1.2538619054409468	0.5169380908320592	10.624918412608626	7.838369656762386
9.323449836285604	7.994228087924093	0.49194755657382394	9.966398879739923	2.439543095002298	0.517237872605865	0.5159805078259155	0.319474927572973	0.15334761423707544	0.5020038622592642	0.8680994071479481	1.2307403477988486	0.5122659821564108	10.848840324632405	7.740540645019721
9.565835843107186	8.013193000736875	0.4877144080026604	9.971455033179899	2.4124973790172297	0.5046914091840685	0.5241744969867764	0.3106367248705049	0.15471651744651246	0.49741075122242445	0.8863176693395559	1.2376945149098377	0.5223504086047778	10.499239260646169	7.751505785188504
9.478311457002366	8.088752393134074	0.4935979540642956	10.254410902310505	2.4573063699603805	0.5219309777860105	0.5123302568078381	0.3035701096197654	0.16395649911496965	0.5098809638535696	0.8718767245598936	1.2194757731554637	0.523151437078661	10.608640503860071	7.8207305863203755
9.398505126414555	7.913886264428478	0.4855598023844973	9.727932719300314	2.477407551763827	0.5003942871086006	0.5155840856928707	0.3054827495943423	0.15956909140930767	0.4973198885901722	0.8568961135991957	1.2255999174637058	0.5299021432236071	10.671491834732956	7.758320893032144
9.476854856185927	7.919012470985132	0.4875573656552618	9.85445778762634	2.4608827825549935	0.5345390660985144	0.5078260667428878	0.3178104069563465	0.16261016820877622	0.5107059376222457	0.870159329008966	1.222210372739876	0.5405656517296424	10.431889243160455	7.704924469749896
9.300255780382855	7.938122372133469	0.4809961954617544	9.884604230016615	2.427021064064879	0.5076031472939629	0.5138592124739007	0.30750523390765383	0.15390275003009848	0.49083518865557746	0.8521259265441229	1.2426409252986619	0.5188062793600254	11.040439486380365	7.695040080370075
9.488949467588855	7.914192651545259	0.48488717943468507	9.981776118658255	2.4481328240023723	0.530912402711823	0.5174032366587483	0.3100372372302776	0.16068580791690243	0.5066097432631259	0.8666114881212845	1.230884875400971	0.5404305659899721	10.66802409876132	7.674015847338083
9.513854959196523	7.988919022066887	0.4781406475962192	9.940826500055692	2.3812034306409973	0.5124047316726518	0.510389791578418	0.3123945808705972	0.1564490630034813	0.5100193908951355	0.8683596932670523	1.2254638045478754	0.5233924377138234	10.656295026590756	7.715496245281623
9.302369348253158	7.958337382964093	0.5089410142067842	9.809583055280733	2.433433073607341	0.4881291959000718	0.5019379733062341	0.3264598176932126	0.16446461770000337	0.4997019720538807	0.8617635883273362	1.217158530005359	0.5374801975538246	10.445846275253777	7.71848097681287
9.288812291962348	7.987473653050328	0.4813292393381298	9.821506122366493	2.4529837818337494	0.5140383661631298	0.5152564533308123	0.3029806466434712	0.16094490333521516	0.4789958522266148	0.8828806229057992	1.21199175107946	0.5240394143017529	10.678426008896476	7.802119511978514
9.317802486878659	7.974857360806933	0.4797445833543658	9.821198111476477	2.4578916691317425	0.49303956086706513	0.5115337465872714	0.3075452003199793	0.1674608827247764	0.4921855379399189	0.8665606894961648	1.227591307456906	0.5228547202362384	10.364216975735465	7.768600969341541
9.564676506612157	7.8708200616059925	0.47087553630943824	9.772473578399799	2.446214008328123	0.5239337982495504	0.5055288749096019	0.3042625761816738	0.15721197609517318	0.504039204410669	0.858921704554457	1.2362796317253129	0.5366813022842963	11.19048545209335	7.775056597257425
9.68775733982918	8.00514660627878	0.4826215204309684	9.996254153653611	2.431979403010045	0.5130957003289802	0.5164615275530436	0.3141765194529923	0.14455360327435365	0.49340339277412015	0.8517943915981164	1.227065522254331	0.5262889521833628	10.910100173303945	7.806661469502197
9.296637337125858	7.936197919097818	0.48515972031557236	10.355197806668812	2.4582903981293724	0.51592327611226	0.4932131956060686	0.30840679098301343	0.16050648417101634	0.49033085434424223	0.8436121149959949	1.2239275685223678	0.5137295855807952	10.657027380880955	7.810172599572863
9.499498624651137	7.862953587866639	0.49090699441493185	9.948462969706856	2.4240394481307064	0.5069696051719074	0.5122424634377379	0.31030538326451756	0.16168435960846084	0.5085591084584717	0.8658124505411333	1.218636552589598	0.5333385040168237	10.540566198615874	7.803390027162512
9.359325822607016	7.9043017775656175	0.49784073025339365	10.017773870332007	2.408628371097049	0.5083278298695172	0.5008882342293828	0.3083904273704127	0.15757972237425244	0.49605830253898864	0.8487844940410789	1.2325133941342374	0.5338739223392347	11.261900193238716	7.744493339269478
9.35173468981033	7.8177878745114	0.49603610451049374	9.783858107217997	2.4233285255183725	0.5094741304976056	0.5190551875983794	0.3159534715649774	0.16107113076279814	0.4890948657127574	0.867606977373948	1.2270373296632622	0.5242183523211292	10.678601633968821	7.686250284230521
9.332654214927556	7.936771261262708	0.5102503609623893	9.699352600608067	2.398436686510588	0.4967886473785951	0.5046029677673441	0.3074154281712583	0.16178282825624113	0.506242068689161	0.8489464792792503	1.2350499781183855	0.5238645818475766	10.440076544827672	7.70407630582683
9.317543137873793	7.944431680172291	0.5059742492423908	9.785730944426847	2.430985164300933	0.4958122469962477	0.5197830334408	0.31174363523734805	0.15425421690695995	0.486912821515096	0.8681838754497321	1.2253236694095742	0.49473491121791685	10.760123559522498	7.743361222937461
9.340278749680225	7.891053292903186	0.48146336190939565	10.25749762344303	2.3633681759498795	0.5228564767283962	0.518484390098729	0.3147393893224126	0.15783717023901755	0.5212111206136649	0.8681014482920199	1.2324698927080775	0.5212564870517967	10.886040362218791	7.792973882495882
9.260622098774551	7.931786070918336	0.49353675140768977	9.833721840586247	2.3746631846997923	0.5060060104519575	0.5004694132261228	0.31579860439953217	0.16321410366811867	0.5025872158550422	0.8632431071003489	1.2222837897947085	0.5139530784601117	10.880249601979175	7.862288798245484
9.4495982231688	7.880999012550097	0.47541888037751273	9.993779043975445	2.4363307944885104	0.5080984225579953	0.5017638352244278	0.29652278546527816	0.16315749248908218	0.48572448925986733	0.8635260520756014	1.2302363245981958	0.5174181324038393	10.606114055717823	7.766088844468993
9.547461712210753	8.039676287625724	0.47952895897055164	9.893531930358145	2.436705235052803	0.5025660594040623	0.5107407748216637	0.311073822971548	0.1608529416901864	0.5097146837266625	0.868507132807992	1.23738161643722	0.5143491913127209	10.616060549443535	7.726028394380255
9.308841734289635	8.020524000695874	0.5038983749561943	10.378511283850314	2.454569212828045	0.5137630058179291	0.5172796723463922	0.30306566802970314	0.1635672095266121	0.4912983775860159	0.864952587890823	1.2511696360053033	0.5204997904088535	10.5203888633028	7.806585483573081
9.323998649532234	7.854677210335676	0.48893677111511363	9.972043719654442	2.401215251209041	0.4981039057137187	0.5158175704979764	0.30204716017108174	0.15463442851214537	0.5021092472354467	0.8548207617385811	1.2186901748166008	0.5073744843123745	10.414559727694382	7.806952669293891
9.353813162818161	8.053510455182542	0.49292954273795403	9.853645687041368	2.3897743057331287	0.5178025976335667	0.5141310577683295	0.31462312364138223	0.17468952212737687	0.48464150322957705	0.8450582286329194	1.235280075605997	0.4842517209216792	10.432780684581529	7.789208720195622
9.530227136991705	7.96930015812774	0.4868057253503505	9.89104172823552	2.4640300057572255	0.5177986158872672	0.5240637400973105	0.3215588862163548	0.16371181871099746	0.5058783692069424	0.8735059687928456	1.2215403754284804	0.5194026621007928	10.436540130898079	7.838419019220561
9.373269995537182	8.035133213962508	0.4893753768361838	9.684015994486463	2.431512968963961	0.5092467337030265	0.4959925551956164	0.29766685315848845	0.16826846469221432	0.47644448189295047	0.8660436329234837	1.2449741500461218	0.5229470319490686	10.91202047647034	7.705271689972952
9.3799162658904	7.996997822328972	0.4749767821172128	9.956515303539819	2.379374313486112	0.5208225330380971	0.5066854060191347	0.303544896097838	0.16836347545247912	0.4945933125289255	0.8540942258728503	1.2283505865823696	0.5092915241824988	10.701533255041225	7.7236299550502245
9.338610058606776	8.027904962089655	0.4880611008176019	9.709405619438222	2.347364611179144	0.5080280290121281	0.513470878313451	0.3033544607976664	0.1636647726812614	0.5026351818200306	0.8625329142726118	1.2388216539408274	0.5235986289720426	10.531520583357754	7.833782084156104
9.290006589940909	7.932473769287186	0.49159378605437415	9.786616756605607	2.407822450885467	0.5258576214668336	0.5061477036664374	0.30997106185865597	0.16265975334229882	0.4954944100681766	0.8740637420981419	1.2323230299179917	0.512526165076057	10.398326742545665	7.744440539236004
9.657372507129688	7.994356857827503	0.48457847683874955	10.341033586586281	2.3969789609787457	0.5085706375477494	0.5185734880032857	0.3128685191346083	0.15841515781643337	0.5068119475930345	0.8564833690685875	1.2334115375715367	0.5087194395392518	10.48724707883519	7.694716360263325
9.25698315608173	7.933881862474464	0.48953993409554497	9.89515303423724	2.3751367764233913	0.5152816783928647	0.5126763841917867	0.313536265131982	0.16523613758616423	0.4999312129597605	0.8663330897480561	1.2309565735476942	0.5284155452417761	10.969700374199839	7.733293107875171
9.462555971324726	7.932423887624883	0.4812720745452708	9.75392128563153	2.3939883136266764	0.5119252946719515	0.5120522757603505	0.30905997206302627	0.158970179536675	0.5036443612272447	0.8644971120596261	1.2319694894801583	0.5211393803595185	10.63119124856799	7.764714889415854
9.46461477422731	7.84339954498548	0.48456551142962156	9.747540703563157	2.4378183718480453	0.5149371625548079	0.5047494961155878	0.30822985171798856	0.15342150751230288	0.5051620263767637	0.8822233689802043	1.2223629740633097	0.5310907917912884	10.471686560024736	7.820973443104888
9.446871717916702	8.055841297703633	0.48444165731797945	10.02375186279613	2.434045183438205	0.5258749503910651	0.49945377450812267	0.3143748326809654	0.17242377714799234	0.49786095649346157	0.8489967732173394	1.238446342008869	0.496111204455344	10.663826497641917	7.836109300296926
9.448388538357248	8.009635765927145	0.4846315202840245	9.953097962260433	2.3970577737786383	0.5140199501602414	0.49099217280045004	0.31808489885560115	0.15618906859698128	0.5057192068591193	0.8670572011143969	1.2265106302676123	0.5013186933751609	10.463190168376528	7.740632927204447
9.314257456862174	7.991414815066617	0.4866407501534127	10.419551769521965	2.395069935129503	0.5180672468896862	0.48864325249354695	0.3007743955731505	0.1577706658233348	0.49304068513233357	0.8614946948907904	1.2297936878961195	0.516339175381037	11.137949868817037	7.756379082513611
9.475938766363157	7.921449111099797	0.48131972019282576	9.96395179628267	2.376202527623166	0.5107392889270669	0.5025774452774634	0.31876195086648046	0.1601392098587634	0.5017882685040455	0.8773121433828625	1.2229756949165054	0.5213179779316048	10.540916647892335	7.793845264879376
9.396088573990392	7.913681898635299	0.4944344436144797	10.400076375767771	2.357190726664082	0.5010451030499715	0.5016012145045926	0.30121377850443176	0.16540192637624196	0.49380770125967327	0.8710775952269023	1.2287614527404975	0.5233220838396232	10.669661360849036	7.89674260000818
9.277548909082217	8.003971105835094	0.5160106760710548	10.004465176060629	2.4232004248681394	0.4886315770766559	0.5118996172842771	0.2963267424532711	0.16273205150105893	0.4830916689257479	0.8610396582983448	1.228167803965755	0.5042979798725008	10.408654456588243	7.70273443850721
9.30169667119122	8.002894933690273	0.47943543824476365	10.064988472212377	2.4006852997309633	0.5118428842096797	0.5161507688026774	0.3076537497247172	0.15699584462713145	0.47803351630724544	0.8678580576248285	1.2360399417860546	0.4840674898106551	10.381195152871607	7.810553994941708
9.572990769817647	8.06571885496751	0.4745071325962427	9.704401405179379	2.399314521324136	0.510175221038063	0.5165936049513598	0.30810018978953774	0.16443766584746158	0.50765889703904	0.8613438068346725	1.2358260727016384	0.4910971224935302	10.358554833864886	7.765822312756352
9.472823405001776	7.906639557837838	0.47279749065409626	9.872241553247179	2.380292863939698	0.506814157067332	0.4930594967415783	0.30767382576634117	0.15158201176457436	0.48803768382984125	0.8452707319341491	1.2393627857414806	0.48654328130165214	10.664074751844192	7.800945273059218
9.39267717099751	8.015959770382468	0.47477609724635333	10.129404408101497	2.378988397331012	0.501898787596209	0.49105417002944707	0.31336275541067415	0.16650074196106204	0.4848154005420919	0.8446848558032267	1.2453953214829279	0.48366346551671513	10.766166138388854	7.792609463811317
9.300346044454573	7.922687856764847	0.47827640123680126	10.019691954335403	2.429411905313065	0.520215945930567	0.5010375166405502	0.31247556438282353	0.15734763022195217	0.5017872108572436	0.8754212995664982	1.2273087242863057	0.4800325098470492	10.626662446279903	7.788317367345994
9.390827538760538	8.05169855999734	0.48181435273467643	9.72410229135771	2.441026211322461	0.5012272260827417	0.5020875462813252	0.3044470088173585	0.16205664167730136	0.49152191202108353	0.8527429655491607	1.2328792247326688	0.48909796234684966	10.436918046675762	7.762242912229425
9.56786291707346	7.98859386504171	0.5029117124536376	9.764932080132759	2.3918609457495448	0.5057872218191981	0.4971655144878353	0.3048513227218281	0.15904822054300624	0.48809523179384373	0.8592109204893361	1.2386843337947742	0.507859960487078	10.375101886988087	7.746939214849378
9.464384786487832	7.919717483087694	0.462026047553713	9.738333092527048	2.3578815574979566	0.5159268959513711	0.4923502823578752	0.30496132917768404	0.15164744763170035	0.49902576139682225	0.8525691507742403	1.2357002821681518	0.49842995302979887	10.404184384601997	7.788972397839279
9.317697072107865	7.832267891415215	0.49966487131287984	9.837585894070502	2.3979671385358072	0.4951272674567293	0.4980789507687887	0.30897480382885156	0.16256371890035567	0.48910933991169736	0.8617249133175356	1.2352195845496907	0.5095557350662634	10.920022528878084	7.7493718198084105
9.523397398877128	8.136259332709225	0.4744393416645347	10.069867123597929	2.405269416433114	0.5198039132866058	0.5061232200286729	0.30872344986769473	0.1577652489034492	0.5076038021273321	0.8589160494776303	1.2301834894612635	0.5107614989256103	10.359616474021585	7.713344530963243
9.34317076727001	8.036247655008657	0.47240179632672696	9.978481679332535	2.36880261799551	0.5199672192987851	0.485942614001416	0.302784096100149	0.16331129126394442	0.4867243259836558	0.8544609611232298	1.2565819082212677	0.48545323857636535	10.51803122352122	7.7795724284105745
9.43886816866397	8.025752950064259	0.48283243729159603	9.742774056229901	2.3532380724156985	0.5061460519800188	0.5160847771740625	0.3067417223673754	0.1652316270678599	0.4911490499294898	0.878684298227659	1.2334705019271262	0.4952019598213667	10.618389478654002	7.74312617842306
9.375456084919643	7.980626478275214	0.48425693969754613	9.793295528577058	2.3948766346691426	0.5045581691274553	0.47956977374465254	0.31046450915518814	0.1653910024669631	0.48269995666210896	0.86812794459292	1.241950980166027	0.48236887071096435	10.807452694976535	7.789806376491022
9.362231308380268	7.930475674177913	0.4880109857263185	9.826091430463656	2.3858519944926244	0.4947142167786988	0.5052323334488428	0.3157869987643347	0.1655733325221713	0.4949565512546396	0.8734724340220196	1.242282489015455	0.4759768007583503	10.572331413375604	7.762471544249487
9.384182907161719	7.94903582205465	0.4874200858237391	10.003426476837104	2.378364199256067	0.5010680319410196	0.5100684403901348	0.3065441681545153	0.16775279429262555	0.46998201566397363	0.8752199190667979	1.2374942810389558	0.4927493925914892	10.536769567417211	7.810729676643385
9.53354803966268	8.029294215214293	0.4960766274494564	9.891786603233228	2.4095816582757266	0.49858995248905424	0.5041118327692926	0.3153781935398805	0.16698245888787763	0.48504537381481594	0.8522014124261208	1.2353683034832068	0.47105504203429643	10.515572677079737	7.919154373242605
9.379915623385978	8.010137910815134	0.4645269720112142	10.046761756368182	2.4108001407155166	0.5140100638813592	0.511284899833276	0.3240797450452041	0.15452936708217907	0.4863371236354278	0.8562008920549606	1.22589599733086	0.4845879013617881	10.48813421195282	7.873580384869555
9.590417882878237	8.020708518454152	0.4693996821955748	9.820619088071451	2.3562499148853413	0.5217740453120113	0.49867866020855856	0.3160443491726097	0.15890161448933515	0.48222296975322504	0.8519206898522309	1.2331592152909194	0.48293806884980767	10.457913159653994	7.8387906712309725
9.307920810455867	7.937055330476075	0.48278529238053813	10.369818971666854	2.3569030906884616	0.5104914508232336	0.5151429465678392	0.31238746573223886	0.15686572442067162	0.4959141668701271	0.8697126665797175	1.2355578608516347	0.47021680735801735	10.362024349338348	7.774697184551173
9.283587808622729	7.962007804964216	0.48887583133335405	9.77293552933727	2.35742935107857	0.5080147497360396	0.4929153172529426	0.312430116654946	0.1573982190776335	0.4945715801603164	0.873612546587117	1.229647370079599	0.4914524175670245	10.654414394324254	7.893116431937949
9.405994455375703	8.045751134148324	0.46835239095473086	9.888865768974812	2.4096764109454445	0.511264183814299	0.4962274002343997	0.3129844404677184	0.16024620486356878	0.476694995181586	0.8485837655274227	1.233177018983044	0.4872632084168228	10.348779120841193	7.793333073175541
9.374886037022657	7.939977195934432	0.4713356158366537	9.965937885789709	2.382279632654052	0.5149010810615089	0.4846538983068908	0.30404199111826036	0.15360753847662578	0.4971465556013256	0.868355311902138	1.2265039371781175	0.4862366043545098	10.434387425552346	7.841134217537472
9.486144055487166	8.022976756002093	0.4704546600385231	9.787075919600191	2.391583984954519	0.5030225667115912	0.5111836913114925	0.31251515399811913	0.15340410330576035	0.4852906271015069	0.8653826449719966	1.2342055076977416	0.4851103553269148	10.412721110901654	7.856190355958727
9.427254788057892	8.056312431305518	0.4954868683860569	10.03113400997504	2.3744897330338195	0.5211451371455187	0.5079325029023685	0.3110374817335729	0.15902486238728228	0.4863288498817188	0.8735469084989963	1.2378418333015213	0.4729968943061148	10.47142310881043	7.867000873910701
9.331596785305637	8.043974161493892	0.5061320340045431	9.779493696109288	2.3856894496825736	0.49170863156904204	0.4838052264378142	0.3054546526759852	0.15742672260927212	0.49261009303677783	0.8709786666232938	1.23239558667118	0.47381290499641626	10.944510202956913	7.734354433290296
9.42361879252091	7.999281093163956	0.48849338405359194	10.108480356099449	2.3956152856518313	0.5082052377019612	0.5152617601358352	0.31509162918580313	0.15835417872767651	0.4890300163129004	0.8535486788805692	1.233428182557566	0.48334725794465394	10.525272307338573	7.801577860181661
9.534021825223014	7.8588145951974955	0.48406839222447423	10.032968048509114	2.372685268191784	0.49927183619285864	0.4889861962013013	0.3116988476982924	0.15715226568663407	0.5057536506490934	0.8630274554438383	1.235519611853422	0.4651334836201502	10.249384059988666	7.8668932841465145
9.459255855779865	7.8414149703383575	0.47965716784022155	9.798846080295297	2.3370610157005456	0.5043117128836336	0.4869265968048838	0.3046572026481731	0.15835989420496346	0.4997398827446731	0.8652964033687588	1.2159043734587736	0.4827659354090716	10.588154249207378	7.845177383986678
9.569404250999964	7.853539451498021	0.4835082864570521	9.726251996240926	2.4171013407226143	0.4967461492094567	0.5139281333772957	0.3275259684018273	0.15987873066679323	0.48961893982307914	0.8720871528054093	1.2445992778806276	0.44456318049596055	10.486462244311006	7.765096341692455
9.366019923800453	7.913606446890404	0.48121539097858707	10.508090290854398	2.4897654054544174	0.4986819601196411	0.5233688207159367	0.3097986325385262	0.17142479801451163	0.4909035872123227	0.8753834199722714	1.2348904852345417	0.4633318201007681	10.465487700360594	7.693811183421204
9.550304983894401	8.104672269092575	0.4886134847447233	10.087167102707786	2.416677151461852	0.5276819158831597	0.5152634227298134	0.3122225567694319	0.1570730213510477	0.49052191885716095	0.8491627246325678	1.2282071136943566	0.4527841362709018	10.477554245475876	7.749672923295383
9.410194499255411	7.994575427798192	0.49125035026486086	9.980124681821852	2.3891371304347033	0.49644412759125445	0.5051700717820992	0.30142819416544825	0.15088198973346179	0.4939972732587654	0.8514122744247709	1.225623493084507	0.44841144617991774	10.311998704188305	7.841776612701458
9.479154937594906	7.934843664046296	0.487406005606512	9.761334542174172	2.4018092173633643	0.5159534930217322	0.521771831475615	0.2900770569783504	0.1618785088971598	0.5065297551059126	0.8607394782638454	1.2229607575622912	0.46108384932975194	11.02678859559773	7.8167371907843
9.569392523956921	7.926444761753383	0.4893154753299499	9.874461612290535	2.4236293947926733	0.5032579957932602	0.4959279967015876	0.3168774774415916	0.15401064202484685	0.4940653516828523	0.8534065354467592	1.239381271491238	0.45629629300485836	10.35156235126851	7.814039033948173
9.50089160494774	8.080523120145761	0.4915472198866701	10.019388730329554	2.3718196933932996	0.5100774887362134	0.49756511879270926	0.302044669999028	0.16487506292481086	0.49356928332692634	0.8749888995441828	1.2333143894812995	0.44032140757942895	10.416885993312308	7.721911371650876
9.388964920578754	7.922871661296414	0.48625018159634487	10.027297361757572	2.3873679472331433	0.5215184576667814	0.5033650147522467	0.30529791883372087	0.16052096050656064	0.4946095151843034	0.869709502933131	1.2185019369513779	0.47334063120913283	10.823519371729283	7.777936009079573
9.364319270099605	8.1151786169534	0.47119832604130496	10.053796983649033	2.3942079778792174	0.5157971360220345	0.5098804310908468	0.3117046967920352	0.16403441496536994	0.5018829319205506	0.8702041734969178	1.2395679153942862	0.44914400058676274	10.220326764377454	7.72987960969133
9.438731022157622	7.956095587368301	0.4892823377378142	9.8690378446492	2.3967544712846687	0.4942523607503908	0.5187026490849794	0.2994619112910742	0.16278408844621162	0.4783293411842585	0.8608319992850807	1.2217417315449737	0.44104822369004915	10.442279500983423	7.7547701771845325
9.501481065857384	7.938136303250846	0.47447700758068234	9.888425488964819	2.4260588087561223	0.5312384543283755	0.499085806299978	0.3061504861025394	0.1680939185383835	0.4841778498485247	0.8560107529430602	1.235827032224177	0.4273381211235841	10.388617039209734	7.732372330365289
9.62618688592518	7.898414414984065	0.4843043357679406	10.065882927706665	2.4479691378481867	0.5117710050384515	0.46896345552231705	0.29821983692964915	0.15517919641492062	0.4862518850253611	0.8446262367528816	1.2139565996421697	0.4427526000347755	10.572735541399007	7.767087500495153
9.47183460019878	8.084576751765525	0.503707924334891	9.971850504216025	2.3985750909541528	0.5002065318788351	0.49783798992384587	0.3167087453836925	0.16462315467110875	0.4982740502503673	0.8551875285565039	1.2361655587717695	0.4120358816594286	10.232269843510668	7.90173376824878
9.470508380414808	7.936152053270163	0.47938848332957473	10.071569207621978	2.413792787868538	0.49191991697808446	0.4934090652757969	0.31946740822368974	0.1579134790473593	0.4888902734645791	0.8604113990190323	1.2285045193738606	0.41618947445440063	10.25194412261293	7.777845289111709
9.480563708938137	8.086496694364799	0.48466225313019484	9.994538353389192	2.4418711737937038	0.5042125651681992	0.4998778081199484	0.3136429588049631	0.16547719097100227	0.4836413537969	0.8649301860745825	1.241966224954028	0.39317845489813913	10.22916462528332	7.669883238032001
9.54319948824623	8.097802035946362	0.48373806401010905	10.297757054766821	2.385099429749	0.5152897292262412	0.47988054318987666	0.3031443282017079	0.16575188472497177	0.47771115949795184	0.863311335166029	1.231867843703608	0.4092573967279001	10.49422390313132	7.683087246127429
9.407861814556098	7.8863832375863865	0.4997484316347012	10.406153994861347	2.3969558465623377	0.5079763151891836	0.4940431747190705	0.31789216827074884	0.17336859674979557	0.4792312903110965	0.8625153426352444	1.2302384837078117	0.4055826388232132	10.729197323379106	7.713018729226575
9.47051092392294	8.127537799730595	0.48460161198290286	10.203305937742057	2.417759761696472	0.5018397538615388	0.516988362051757	0.323367745901737	0.155831649806274	0.49046100528429	0.8514245752431724	1.2237315470016272	0.4030548596068604	10.414006237099176	7.681603460792284
9.501404264759561	7.988642613607314	0.4861971302442851	9.96434934815599	2.45187579890812	0.5253851941319753	0.49296760152715624	0.30382426309590527	0.16225734682271167	0.5028399126665446	0.8565149791680887	1.2414130607731813	0.40379476516749835	10.625222221850434	7.7419504143893025
9.414266496339039	7.98788136769477	0.48837297098671323	9.979104165737185	2.4613104193419626	0.49727260887967456	0.5110181064397252	0.31471094793243604	0.15723304207821606	0.48532547590501945	0.8628330849013426	1.2180544801563606	0.4128078962647925	10.403372737733108	7.776790900190253
9.38169234423582	8.079259528762933	0.4887514592903466	9.99464437797495	2.446849911601207	0.5077665838785083	0.5064088264710808	0.30956409077072955	0.15735012405943283	0.4880429459605834	0.8469328786928849	1.225435043924779	0.40157417026996645	10.289549751738228	7.793279924149239
9.276534443112904	7.906767197914133	0.49180250385046526	10.085901245992664	2.4130259256899	0.49977892095936705	0.5187113423498788	0.29654433934453045	0.1656335750544718	0.4862942613191698	0.8701996217973023	1.2361101882710472	0.3929644013995389	10.372375156671096	7.718299454497206
9.432602273513892	7.891777024705429	0.47932590215805887	9.89820907268667	2.4406876452802386	0.49735259503234286	0.5081766381611236	0.2975058595479742	0.16451732001152006	0.47591892162677396	0.8652602189964883	1.2376920823928472	0.3640945978478523	10.294889909511937	7.808300383499173
9.49105163861022	8.019138422822223	0.5043212099055179	9.93837631569443	2.4087878211765705	0.5116681374772908	0.5048338098724082	0.3094724797143258	0.169624358180678	0.49808617588883386	0.8675287853597753	1.228838091881364	0.36383980692768536	10.342182635473	7.82035161400814
9.40261939293723	8.048684922700387	0.4913774648981523	9.8352430590642	2.4052434300264007	0.495207122205279	0.5099572817413259	0.3131537467934254	0.17188551762484636	0.48814012351000835	0.8702610208803528	1.2375622693754154	0.353399558458222	10.20378727573547	7.744006294362538
9.520788539631647	8.00994287546738	0.4945584376436956	9.905182514814083	2.395582324926952	0.5077856872508454	0.49254380827358046	0.3126663124507806	0.16992012176411822	0.48326909913760097	0.8655255427446963	1.226248262583081	0.35351731600697067	10.272110113418881	7.722725287507012
9.544344998277484	8.13588901591864	0.4858113179362335	10.1002635617181	2.4379863217766	0.48744923928738065	0.5031726674705223	0.30715532981727395	0.1564321603449699	0.5077492051959441	0.8557256574597489	1.2483868211236626	0.36033577945331685	10.211879471352326	7.864312450905212
9.381605352140678	8.048687078854222	0.4672220579522083	10.019632804343102	2.42927904014078	0.48489106625282286	0.49748184102942106	0.30654733266647477	0.15469929893944395	0.5021544776687619	0.8589053210011828	1.2368380299129067	0.36601000002551665	10.599228510851866	7.742925891763897
9.496171935043858	7.990460111527965	0.502010136318316	9.94893465357496	2.4265233680656464	0.5022095395205067	0.5029815688966405	0.3101524714426615	0.1565205408280718	0.4838416419822137	0.8562436909299045	1.2448510253124097	0.357721081872194	10.33908902184802	7.667626459624101
9.38284714166809	8.000074322457365	0.47916229779650216	9.875880418737005	2.4357487636979656	0.5058491459540378	0.4972676257487591	0.29495087519471885	0.15631770920869759	0.5013346708751011	0.8550341227584892	1.2375532208860034	0.34704790191031365	10.20820717159757	7.669564173490284
9.29242878720985	8.01253783704937	0.49367378640949294	9.944356440022743	2.419137230680178	0.5155102646203804	0.5133764071902894	0.3048204667411939	0.1498512062708703	0.4912889004744098	0.863108299148587	1.2441284162745427	0.34545580017493027	10.396445088777318	7.726341328984339
9.369110145505735	7.889546072947346	0.48529416344376847	10.160516489555379	2.4505146022905575	0.4956561832030713	0.5256298889148192	0.30676499199967633	0.16133584657693648	0.4928198327815943	0.8659545510941487	1.2253169936003894	0.35426221246473477	10.001424248970537	7.758504579346863
9.518097039945474	7.906870465185857	0.4933451212048066	9.899503918426001	2.4229639547763933	0.5124392877220736	0.5007836199404253	0.3143212584445907	0.1680652674445466	0.489667614806295	0.8575459049718333	1.2211864700874355	0.3368202207030593	10.560012949495125	7.767031830068325
9.411741096187558	8.033253943442581	0.4838030745804123	9.930180172912	2.4493400316650376	0.5062172930562782	0.5083474993051533	0.3068963164886572	0.1589454499408688	0.49333246112898205	0.844402540571349	1.2454557412024383	0.3203315287159854	10.195200231482069	7.64779763775293
9.45041950492544	7.996931992525216	0.4796436957149702	9.917743811238589	2.3926631420034328	0.494888757835981	0.49419703215328226	0.30967510643192875	0.15654557702457314	0.48349012508340666	0.8507036860027272	1.2353248404895385	0.3156921947525092	10.350789814780459	7.777105386026204
9.406437152781763	7.942433470355265	0.49634731670916454	9.867709067645464	2.428857229770316	0.5011368892361744	0.49898256374605854	0.2975607714600918	0.1566688645863446	0.49453229636077844	0.8681134669386281	1.2262574867578586	0.3220525791973841	10.49500125734465	7.761068298540695
9.567188609795197	7.92547098722387	0.49832892134286744	10.009679840012582	2.455215977735484	0.52271567863365	0.5013102929482965	0.3057522487102926	0.16245817849842092	0.47852954311621726	0.8565901878700962	1.2353915686141037	0.31479903029299333	10.347104894913498	7.792158549212607
9.476763819265024	8.082683098611358	0.46999735126509135	9.93107708104239	2.4541603554054507	0.500333398963112	0.5083102868181628	0.30656996731003566	0.1568641830618644	0.488403034922017	0.8740410005764938	1.2320776092294314	0.3133553397893309	10.555258707694184	7.900489517384582
9.484327102378916	7.894355989557058	0.4751009166503347	9.920490258684001	2.3954535568608284	0.5055132598160734	0.4980271028393394	0.3135413116751024	0.16442945163162906	0.4951961224681939	0.8653964937861572	1.2351849017118892	0.30629483411233316	10.162554080964092	7.77360182332127
9.453953216799427	7.914397763425007	0.4777887535139278	9.874462704437452	2.3796178814039237	0.509758147723099	0.47741544043343853	0.29948054539370456	0.1628956919026713	0.49117951906316876	0.8623941554141595	1.238040508445572	0.30470867840876215	10.2949120538633	7.879861295016187
9.33823484996132	8.024157396926489	0.47355850289005985	9.84241199697522	2.39040401796731	0.4966826752480302	0.4907165226423472	0.3102950309975157	0.1666470848187128	0.4822859521723665	0.8649703634418883	1.2297368785056382	0.28311123821872264	10.101305436350502	7.733174994998926
9.386194164973764	7.934300605217514	0.47281453703763127	9.950584204278027	2.442960239478982	0.49036985433170976	0.4850772285926403	0.30675358664886904	0.15967598515561068	0.4867334403972476	0.8589974134917634	1.2404118923668077	0.28848024612221984	10.310307282414744	7.877618305655593
9.402780006813375	8.063111487300516	0.4893048208507383	9.92601322384284	2.416179140655879	0.5018265563319321	0.4955355340934351	0.3108051274525275	0.14966538871841606	0.4976754356894383	0.859673617939071	1.22416793048081	0.2722416988927167	10.214074835845022	7.902635651828824
9.36900496820838	7.916053827068772	0.4909573661469207	9.967224476679322	2.4491824338500234	0.5038252360406512	0.48587703969444423	0.29956721253052937	0.156073696277322	0.4908224056138989	0.8793240805681779	1.2258858027461008	0.261754027310032	10.413072555019234	7.795700296979694
9.358421146889361	7.942320626524903	0.48595875946879935	9.81602046429195	2.461579880110948	0.5171586712342134	0.48583116443526375	0.31536419959913164	0.16228210240073002	0.50047082771523	0.8723835489429194	1.2429513901783233	0.2765517605353307	10.325371582430781	7.670236918148805
9.254370928105786	7.936446741665536	0.4905428379749632	9.891333547107546	2.443345368702512	0.521564858582935	0.5033020098480858	0.3198409312410595	0.1560655477954456	0.49209401539360953	0.8666303549408643	1.2398995244316398	0.26448921368999306	10.26048870518575	7.668268603701793
9.42814885400038	8.044221430086326	0.49099177267940997	10.0079714513653	2.4172421552955994	0.5220861105993743	0.4987291992856456	0.31661617426979666	0.16412198474892067	0.4979807043484293	0.8538951038656801	1.2273267227487823	0.2619108657700377	10.324419061474632	7.806507193262116
9.276828450643007	7.859113348242666	0.5003748697118418	9.9068920819291	2.4265266613481358	0.518636257994445	0.5064953629161777	0.3056504880292956	0.1545363294243188	0.4831154872545586	0.8453157169455194	1.2335898924770279	0.25345626499896806	10.313508897109374	7.732655794498621
9.523699032115069	8.171080029531602	0.4843021082428167	9.797289584848262	2.4124156522020788	0.5055937743204786	0.49042349628500065	0.30682413343023357	0.1612818394752639	0.4984004439590329	0.8602461375337497	1.2321268455725414	0.2622236614791983	10.719180065738179	7.873619432841236
9.468420897446777	8.0876491260714	0.4930485981545567	9.938065330632577	2.4035963940464673	0.4983775997566582	0.4901264875695637	0.302770322723066	0.1602567371267223	0.5036937625068505	0.8620786534468782	1.2348700852709318	0.2516917220051109	10.211983663216868	7.7999995574548615
9.326661490127414	8.110071871105243	0.49624113645747653	9.855712305643365	2.4509501118919013	0.4984201034723043	0.4910496936598625	0.3116966061800957	0.1625426083379371	0.4841046320072213	0.8708329720206642	1.2483097325412746	0.25409065455745056	10.25468985566463	7.6581265904624
9.50513197339468	7.962385223018836	0.47933048344281054	10.39557636285651	2.46313002124556	0.5012164767258198	0.5118704285581231	0.29528138463316245	0.15634879994553436	0.48522541959087406	0.8567930401489425	1.228577930388358	0.24430843414290948	10.204572854034787	7.6552337593533935
9.34451571707739	7.920261151884921	0.48606410293983315	9.932520928978638	2.4311395495770833	0.5090741710680968	0.5101793650238421	0.3188145215059998	0.15676819278700962	0.49103794808045675	0.8491323357132461	1.2452367660879424	0.23477413871347944	10.18923939922112	7.749509849656809
9.305491986173003	7.964046218829194	0.4954332546908062	9.916132042389332	2.4390782893512992	0.508965409417689	0.5083161052092874	0.3150196529188926	0.15383518413905337	0.47921188305076823	0.8832281280317841	1.2329064817057236	0.24492256129997295	10.022348904335951	7.675713817756142
9.469035946848647	8.047155985738732	0.48896967032290545	9.99639143798517	2.4119789230821604	0.5040501669483485	0.49203135831630845	0.3069604734534907	0.17636008712394316	0.47747125742202573	0.8575963244181295	1.2283527070161524	0.24371392791064425	10.217627169252543	7.755338041953001
9.40102964352543	7.95128314341416	0.4924677473137931	9.895047576515118	2.449253385062847	0.5172591876680956	0.4906714203377986	0.3146457378905343	0.1694385063734518	0.48422392433672184	0.8591438293055026	1.2288300403332204	0.22957206085801918	10.013671434050728	7.7509781722096385
9.512294272215113	7.9192475600674195	0.4837096033620807	9.877002372740469	2.3934450829665965	0.5045407067540162	0.5149085073555939	0.30219957113261237	0.16199319343527852	0.4712815290063652	0.8651630945531598	1.2414026885401979	0.22565534195014894	10.05756575906846	7.682392483408831
9.508715862343456	8.083843533644263	0.4886059975212006	9.829339631352422	2.3874959178377932	0.5038985540501791	0.5027701255124529	0.29941594545257316	0.154760056862684	0.48502424396570853	0.856705602273038	1.2305533040111962	0.20172045726745752	10.140645978415424	7.760777428113238
9.535722260968779	7.986264451984818	0.4916587528696485	10.055754212668425	2.3931078874295375	0.5068587504396734	0.49939061873751944	0.2936517572448154	0.15732304591794066	0.4855261775247187	0.8503078933365456	1.2331020768788148	0.2179424606545689	10.027555683729142	7.6933067285582615
9.420005039875763	8.020303010431155	0.47808720078772665	9.910404761197137	2.442176662206287	0.5072987788345256	0.49721967671454376	0.29961979154263657	0.16160395641038963	0.4717008865411587	0.8582623494206608	1.2240599138813286	0.2295943867881124	9.943339854866455	7.679499301925655
9.379766535827331	7.91794680511472	0.4922202304433941	9.916649768593814	2.382126290362101	0.4858766212272702	0.48857697192679295	0.2994495625459914	0.16580853821821429	0.4892415661380949	0.850525492883147	1.242227753037	0.22044326102808148	10.242883007726386	7.771070631507307
9.363463979516244	7.857437440167833	0.4828141318699456	9.965186041419788	2.406399778647668	0.5258878685164345	0.4922171980785158	0.30848557877235444	0.16408282068274374	0.48191874659042794	0.8646730243030639	1.2326819226556534	0.2204379928619413	10.110321278424163	7.761694226724701
9.455878846404945	8.040399280199674	0.48414683971097233	10.461223945085171	2.4526106779608488	0.5089424457326793	0.48864083131465	0.3030054392654898	0.1593376158939291	0.481262897426546	0.8549571288871338	1.245498378624817	0.21765003518402207	10.000519396441861	7.899116433023017
9.298026415547866	7.974470065628088	0.4837499031520891	9.923156990109778	2.457081521427108	0.48775880347813866	0.5121528315497222	0.3143579860541548	0.15338996970911314	0.5080104899244877	0.8696615721180329	1.2166420763549715	0.21408403695764058	10.22053048256103	7.757443714709534
9.412762219817111	7.988417771221437	0.48649687594051877	9.985092476166642	2.4275553946744277	0.4902907796116856	0.5028990754404536	0.3049408358785226	0.15952730512555596	0.486431661092733	0.8562433316425697	1.2291776917982498	0.21399330412522383	10.586653937027316	7.704442021062345
9.58997795494428	8.022604757545754	0.48404240016133	9.742290110718733	2.402225360480836	0.49100735514282884	0.5122489539856968	0.2903400448314782	0.15457285170353344	0.4906841860134766	0.8591764494576288	1.2139655034526526	0.20524925890206788	10.075991648790858	7.730083554902408
9.498441564970333	7.920180179552109	0.5072300818880563	9.8030755533439	2.4353121886694744	0.5165233098220321	0.47983218700521774	0.30206671845591315	0.1659829256721576	0.4897946510959879	0.8596997193939948	1.2392885924152883	0.2095824195324054	10.07154350477156	7.68714517057063
9.400314426594889	8.03197339452652	0.4921675632283542	10.56645230652284	2.4677012330304136	0.5066881154399169	0.5012655023637713	0.30765216219995617	0.15590183563941015	0.4722603832990912	0.8566962672150978	1.2277899739032683	0.207400020299797	10.20491860238321	7.653745536779911
9.583262043373686	8.081261938917722	0.48532291317750437	9.954465712378763	2.4425675971815743	0.5044719926842897	0.502702679126243	0.31487872543181994	0.15231950071498065	0.4810367943918187	0.8482000746171428	1.2276088960952396	0.19858482577637895	10.620549809959718	7.689956789919693
9.386920236570468	7.968615414470447	0.48463435310812353	9.98521848046689	2.4134709987119165	0.5065914842461532	0.5082758981477549	0.3031007424971414	0.15035175604300174	0.47800926417592954	0.8531950678634179	1.2272577817326225	0.19017830423552162	10.21794314732992	7.7285444081776244
9.613031550348156	8.068463485270234	0.48197655889861735	10.474408467497138	2.370863649814592	0.5145458526427469	0.49759910649019845	0.3036407686842359	0.15505095953002257	0.4777418540850234	0.8666466055289115	1.2194244827978866	0.18936835430804427	9.974428618612702	7.77254399922017
9.434857111669888	7.860560646042034	0.48176005462468013	9.898197205103106	2.453096793736835	0.49716064152545747	0.4875703831986178	0.3099083339378512	0.15388651867396608	0.4986864451252518	0.8332711053184706	1.2291816669434856	0.18467099550345092	10.27993564721432	7.708946391781884
9.323164794203517	8.09344581199535	0.4828092913703612	9.73012328320651	2.478241389238489	0.49808214279393187	0.49254565236448306	0.3075082639227381	0.15148628156942961	0.49312703695372306	0.8655476289097029	1.2274164999525008	0.19197130436505372	10.176959773499085	7.7135597060403684
9.552652741695086	7.940449134907971	0.47831305527386764	9.693633988126743	2.432314624516693	0.514509909675305	0.5122134708405445	0.30661795887953236	0.16544945106845704	0.48788641837331514	0.8504647319617057	1.23106397136386	0.18732660480600585	10.091328072236347	7.705429331493526
9.426160198889598	7.975415096871382	0.49781143416405343	10.102225167261992	2.4182387824883347	0.49926428926540023	0.4931320330251855	0.32137374581064876	0.16595941333612638	0.4807080247395928	0.8583467507660615	1.2392346869601076	0.18998383234646576	10.15050287079937	7.764950926543508
9.508719394369303	7.9010162875468755	0.4793605357347942	9.841444418950525	2.455898347718941	0.4995532436943416	0.5017890983944955	0.30724414378657006	0.1585063059996494	0.4664012582859076	0.8563042110301875	1.227693692916392	0.19132421131042476	10.15066597042536	7.729241018550505
9.570178596382835	7.96884690690119	0.48980659565942625	9.926590618834542	2.4957830499028666	0.47562410705136626	0.47909098170100445	0.3122512919931611	0.15281879844558902	0.48278735776697407	0.8586242645130372	1.2300933262084475	0.18723316897788023	10.22007139499958	7.687858739375602
9.560402940679506	8.00888592511984	0.48586777693474614	9.789905566947965	2.4571257442170897	0.5060208112185683	0.5072494143882489	0.31732614393047726	0.15594135128327036	0.4946342484424799	0.8563351837318998	1.2323075203819394	0.17273805240146684	10.292642360275483	7.798084121494082
9.393287047330304	7.963530238316813	0.48793479972351156	10.20657639199639	2.419549202117707	0.49259227953188967	0.4920760200859862	0.3145279848272743	0.15492793717409561	0.49124769121878425	0.8500922194776215	1.2128681473582057	0.18528510282626615	10.203614258727999	7.737557652640684
9.322767332820792	8.03532410875777	0.48343870381375803	9.880521090273504	2.456743757538969	0.5038678589917518	0.515318590203659	0.30342131833431735	0.15524744305262186	0.48799414769238764	0.8670176192669448	1.2382317553786153	0.17244815338743053	10.14242859536911	7.671618670243808
9.300545672039837	7.926905330266509	0.4899571736527613	9.928695250065147	2.491161093513477	0.4894393989575864	0.4970408077097466	0.2921730832321163	0.1549584599645736	0.47070133615063003	0.8463702220704455	1.209276725520064	0.16832920839970583	10.147298250914435	7.826527654493674
9.442802409897254	8.099751409332956	0.4907135273850145	9.678671324189036	2.4733182579858517	0.4993360548023203	0.4899715488691587	0.3126784347584775	0.1705152580835173	0.47713164124107116	0.8618542093030368	1.2416996869290893	0.17144268154625877	10.144147188291507	7.800686848881205
9.34408917448436	7.975958141542357	0.4837654578194509	9.872330510252871	2.451112498615862	0.4928704887258398	0.4849137921778254	0.3210728962461032	0.15579518799886657	0.4845365295729531	0.8483101433610654	1.2464758301663186	0.17812693084379866	10.280424433625416	7.7891614274156
9.417346601248388	8.058050182454535	0.4819842367338967	9.77979508613767	2.46707408187932	0.49741361330363854	0.5032802253792902	0.294292968816336	0.16760197395504176	0.48686111940795135	0.8610634800632908	1.2398372227488184	0.17030947976358468	10.109359478462268	7.8404072620124605
9.464836107704224	7.970770197853692	0.4884111592800675	9.90657106193481	2.406552019905104	0.5254413169053753	0.5049386624551855	0.3106471173849483	0.159211577579702	0.4914850681466705	0.8771629673935681	1.234865124716614	0.16813963737344426	10.289596017951762	7.782485302721843
9.610051683430559	8.132303117863772	0.49428484461726135	9.92198525136955	2.485955975814382	0.49245676931028803	0.5059568353261414	0.303443744105225	0.16302496086223178	0.4910334617521661	0.8583292677147151	1.2305996330391185	0.16994318400024264	10.089183178913382	7.851671610851244
9.58194578278283	8.110520036064425	0.4999499429410762	9.706925521508838	2.431503151058347	0.5008688473622372	0.5093992353976284	0.30023096368884433	0.1634919302104814	0.4953349769050901	0.8630635507855371	1.2241708971152414	0.17100592811584522	10.117906402628797	7.77557596439714
