mass_ratio	chirp_mass	luminosity_distance	dec	ra	theta_jn	psi	phase	a_1	a_2	tilt_1	tilt_2	phi_12	phi_jl	geocent_time
0.20633	0.44063	0.27976	0.81297	0.54556	0.48279	0.1298	0.11804	0.18364	0.15954	0.205	0.26629	0.10748	0.11731	0.86154
0.24165	0.44563	0.30186	0.79258	0.52341	0.44912	0.11493	0.13904	0.20014	0.20827	0.21199	0.22451	0.11381	0.12452	0.87056
0.29268	0.43633	0.30791	0.7933	0.55057	0.49077	0.09953	0.1131	0.24247	0.20322	0.24396	0.2152	0.10864	0.17207	0.83491
0.30331	0.44416	0.2686	0.79162	0.59958	0.47123	0.12101	0.11778	0.22377	0.21064	0.26825	0.1968	0.11636	0.08774	0.84193
0.27944	0.41797	0.30737	0.79009	0.55728	0.4193	0.10791	0.12701	0.23105	0.2036	0.1956	0.23665	0.15088	0.08642	0.83227
0.27337	0.4231	0.30853	0.77152	0.58597	0.46331	0.11638	0.14543	0.22159	0.20606	0.21132	0.20231	0.11919	0.0916	0.82843
0.33196	0.40879	0.28135	0.76714	0.56304	0.42471	0.08756	0.14813	0.22735	0.14192	0.17353	0.24253	0.10521	0.11656	0.83842
0.32303	0.41356	0.27152	0.76723	0.55797	0.39017	0.1142	0.13219	0.19701	0.19926	0.2086	0.24495	0.07971	0.13465	0.82308
0.33622	0.41762	0.29676	0.80461	0.62177	0.41975	0.1025	0.10687	0.26393	0.18994	0.1701	0.1933	0.16041	0.10744	0.8519
0.37565	0.47962	0.28116	0.79123	0.58066	0.49825	0.12904	0.13015	0.19498	0.14588	0.20489	0.2362	0.12058	0.11015	0.82824
0.38966	0.48359	0.28365	0.75195	0.56986	0.44132	0.11981	0.1494	0.19977	0.1801	0.18692	0.21394	0.11274	0.11166	0.84181
0.26524	0.45612	0.30433	0.78263	0.56719	0.42654	0.13952	0.13869	0.2624	0.16821	0.20678	0.18478	0.09299	0.1176	0.8466
0.29711	0.43383	0.30488	0.786	0.49261	0.48174	0.12025	0.12651	0.26114	0.17083	0.15642	0.19867	0.11044	0.09161	0.84919
0.27632	0.46515	0.3076	0.75463	0.50242	0.41644	0.10898	0.11454	0.1694	0.22408	0.18298	0.17747	0.153	0.11526	0.82243
0.3365	0.43095	0.28318	0.79728	0.52856	0.53425	0.11976	0.12896	0.20378	0.17686	0.22237	0.24663	0.14573	0.1333	0.81538
0.22701	0.40134	0.26481	0.75664	0.55003	0.4727	0.11711	0.10046	0.21816	0.1785	0.18599	0.1894	0.11652	0.09788	0.80778
0.21055	0.46347	0.26797	0.78657	0.60058	0.48343	0.14462	0.1113	0.21627	0.20627	0.2105	0.17946	0.13321	0.09374	0.84571
0.28493	0.43365	0.30888	0.76694	0.57874	0.47494	0.12447	0.14775	0.21658	0.18998	0.2039	0.18024	0.13569	0.12683	0.83617
0.25738	0.42314	0.25493	0.75207	0.55882	0.38635	0.12714	0.12267	0.20542	0.15927	0.15621	0.22211	0.1334	0.09494	0.82683
0.33703	0.41818	0.28922	0.78046	0.51914	0.41059	0.10539	0.12008	0.23336	0.22966	0.16156	0.18789	0.14993	0.09771	0.82556
0.34305	0.42753	0.28046	0.80922	0.53074	0.3799	0.1049	0.11683	0.26279	0.17439	0.18439	0.23721	0.12935	0.1142	0.82205
0.32159	0.45037	0.27179	0.84154	0.58115	0.49088	0.10955	0.15176	0.24846	0.20807	0.17505	0.22259	0.15928	0.14472	0.85715
0.37282	0.44764	0.28346	0.76341	0.58506	0.48863	0.12789	0.12398	0.17125	0.21516	0.1936	0.18555	0.12437	0.10797	0.83355
0.32854	0.43034	0.27337	0.76597	0.59086	0.43526	0.12327	0.12873	0.22833	0.20102	0.18922	0.1961	0.15758	0.09268	0.82806
0.32722	0.4106	0.26391	0.80018	0.5556	0.48913	0.13233	0.14167	0.24001	0.1734	0.21052	0.2465	0.16713	0.13844	0.83127
0.34685	0.45694	0.23864	0.75404	0.51925	0.46126	0.12159	0.12752	0.24906	0.2208	0.19795	0.19071	0.12128	0.10088	0.81178
0.31406	0.44808	0.31846	0.80647	0.519	0.50143	0.12245	0.11708	0.2771	0.18004	0.20726	0.18439	0.12959	0.16998	0.84355
0.31312	0.40009	0.24828	0.74302	0.51914	0.38481	0.11413	0.11654	0.23839	0.17964	0.21512	0.19831	0.15396	0.13496	0.83383
0.29715	0.43714	0.27392	0.77837	0.4901	0.42705	0.12078	0.11934	0.21097	0.21236	0.20852	0.1709	0.11464	0.11935	0.82168
0.29551	0.41518	0.2744	0.77548	0.53038	0.40964	0.13584	0.10274	0.24143	0.20192	0.18512	0.22231	0.14992	0.1186	0.83231
0.29679	0.43715	0.27772	0.78536	0.60206	0.40999	0.13413	0.10945	0.21226	0.22718	0.20997	0.15888	0.14067	0.1202	0.82283
0.34054	0.41848	0.36942	0.77278	0.55828	0.40039	0.11221	0.11724	0.27509	0.18438	0.17289	0.1457	0.12901	0.12225	0.86748
0.30083	0.4473	0.30639	0.74461	0.5465	0.49177	0.12433	0.13353	0.27007	0.20195	0.19208	0.20646	0.12613	0.1197	0.83773
0.29809	0.46062	0.30018	0.78779	0.57588	0.47678	0.10147	0.12815	0.2001	0.20773	0.18802	0.19131	0.1558	0.10301	0.82737
0.26327	0.47185	0.25528	0.76494	0.56346	0.41883	0.10038	0.12124	0.25586	0.17387	0.25338	0.2175	0.15973	0.12631	0.84119
0.29045	0.46591	0.25194	0.75386	0.56977	0.44036	0.13863	0.12826	0.20759	0.24513	0.15442	0.16649	0.16243	0.11354	0.84128
0.31175	0.49622	0.30073	0.78229	0.59805	0.46256	0.09789	0.10187	0.23073	0.22561	0.19759	0.18726	0.09163	0.13534	0.83366
0.38684	0.43157	0.30528	0.77842	0.535	0.39548	0.10626	0.13093	0.23388	0.22084	0.17126	0.1984	0.12032	0.11352	0.81937
0.38863	0.43114	0.28606	0.76842	0.59745	0.47601	0.11491	0.10387	0.21292	0.22326	0.20103	0.16493	0.12527	0.12408	0.8191
0.36023	0.43487	0.26475	0.75576	0.53237	0.40328	0.11467	0.1197	0.21645	0.21504	0.1856	0.19531	0.13762	0.10705	0.81205
0.34701	0.42638	0.28296	0.78356	0.52869	0.43717	0.11929	0.14762	0.2016	0.22871	0.19914	0.1974	0.14791	0.10855	0.83252
0.31567	0.46262	0.31642	0.80154	0.60912	0.51617	0.09684	0.10557	0.18091	0.24803	0.20866	0.16527	0.15289	0.09232	0.8441
0.34136	0.47637	0.26739	0.75684	0.54009	0.47159	0.14821	0.09078	0.208	0.19036	0.1846	0.1732	0.11929	0.15198	0.83668
0.33892	0.45992	0.32172	0.76929	0.52834	0.45232	0.10506	0.13153	0.21151	0.24629	0.17377	0.18282	0.10128	0.11787	0.83107
0.33708	0.43652	0.30787	0.81202	0.5064	0.49278	0.15536	0.13015	0.23158	0.20655	0.20213	0.16657	0.12433	0.1137	0.8499
0.27126	0.47083	0.29544	0.78662	0.54863	0.49868	0.1003	0.13429	0.23262	0.22439	0.1826	0.17745	0.12691	0.12964	0.84994
0.2816	0.40257	0.25991	0.76452	0.57416	0.38096	0.08449	0.1477	0.24413	0.20945	0.21408	0.16667	0.14121	0.12179	0.83302
0.36163	0.41681	0.25205	0.74673	0.57266	0.43461	0.11779	0.12813	0.21948	0.2347	0.22365	0.2493	0.11527	0.13175	0.83595
0.28911	0.42025	0.33713	0.82382	0.57183	0.42176	0.11243	0.13476	0.1779	0.19972	0.14797	0.20272	0.12149	0.08873	0.85483
0.29759	0.43545	0.26541	0.81737	0.56225	0.45916	0.10097	0.11745	0.22414	0.20868	0.22369	0.20175	0.11523	0.12139	0.83486
0.33316	0.49478	0.28361	0.74603	0.54034	0.41216	0.12592	0.11274	0.22064	0.20358	0.22229	0.24755	0.12817	0.09103	0.81845
0.27164	0.45255	0.28759	0.77824	0.55507	0.48946	0.09983	0.13774	0.17516	0.18126	0.22756	0.29583	0.11965	0.13608	0.83305
0.29334	0.41661	0.3268	0.75423	0.52452	0.50223	0.13176	0.12726	0.18611	0.24638	0.19372	0.18438	0.14285	0.10272	0.84255
0.28902	0.40301	0.27632	0.7421	0.54835	0.41101	0.11487	0.13868	0.18633	0.18992	0.17928	0.18446	0.10643	0.14181	0.83441
0.35498	0.43438	0.25967	0.75562	0.58236	0.39245	0.14347	0.12832	0.23216	0.24087	0.20638	0.24567	0.11611	0.1095	0.82273
0.29805	0.43136	0.34837	0.7957	0.57843	0.43944	0.12917	0.10034	0.21203	0.21878	0.16104	0.23744	0.12543	0.12984	0.8398
0.24092	0.4376	0.29599	0.73513	0.53247	0.47001	0.09269	0.13915	0.24796	0.21151	0.18462	0.16311	0.12646	0.08474	0.80796
0.22789	0.40907	0.23838	0.76779	0.55848	0.51998	0.13012	0.16481	0.26273	0.19153	0.1489	0.17711	0.12654	0.13894	0.8398
0.25062	0.45097	0.33747	0.79411	0.56445	0.50666	0.10254	0.16512	0.22092	0.1865	0.22	0.18775	0.11857	0.12319	0.83169
0.32736	0.43594	0.2878	0.75887	0.50483	0.49888	0.08974	0.08934	0.29253	0.17715	0.21451	0.14453	0.113	0.0931	0.84852
0.30231	0.41023	0.30532	0.7396	0.53786	0.43516	0.12171	0.11312	0.17899	0.15224	0.2258	0.16471	0.11418	0.08765	0.83741
0.30035	0.42362	0.293	0.76618	0.58307	0.41102	0.1556	0.13136	0.21272	0.20084	0.20594	0.16212	0.13688	0.0956	0.84101
0.3508	0.45501	0.29801	0.80542	0.57674	0.43529	0.07238	0.10491	0.21893	0.23128	0.17834	0.18511	0.13727	0.10421	0.82056
0.28791	0.47896	0.27717	0.76678	0.59626	0.49052	0.14435	0.12621	0.18025	0.17098	0.18784	0.14444	0.14855	0.10248	0.83812
0.25916	0.47576	0.2418	0.76345	0.57421	0.3941	0.11935	0.11154	0.23586	0.21956	0.21107	0.16235	0.12774	0.11337	0.83603
0.30485	0.44999	0.26154	0.77601	0.59532	0.52011	0.10382	0.11601	0.18208	0.16236	0.21343	0.13989	0.07393	0.11468	0.83066
0.32071	0.45537	0.31227	0.7704	0.56762	0.44792	0.10487	0.13675	0.22794	0.17832	0.20291	0.20337	0.16103	0.11408	0.8371
0.27364	0.43398	0.24566	0.72619	0.52817	0.51124	0.08846	0.10116	0.20585	0.19036	0.213	0.20163	0.11604	0.10064	0.82262
0.28194	0.40455	0.24858	0.76477	0.55403	0.51292	0.12953	0.10614	0.21565	0.20641	0.19466	0.18645	0.15096	0.10951	0.82614
0.3156	0.41133	0.24975	0.79733	0.54932	0.43667	0.12019	0.12354	0.18354	0.19068	0.21331	0.19026	0.08678	0.15243	0.84468
0.34857	0.42862	0.26657	0.80533	0.56508	0.50926	0.09238	0.14694	0.18811	0.18595	0.22637	0.2038	0.11733	0.11067	0.86874
0.32092	0.4092	0.29588	0.79061	0.59531	0.545	0.12351	0.13389	0.22309	0.19308	0.21211	0.19111	0.143	0.12881	0.81626
0.32558	0.38853	0.26252	0.81622	0.57103	0.39414	0.12306	0.13401	0.20409	0.18463	0.20666	0.24706	0.14553	0.12786	0.8415
0.2615	0.42866	0.24385	0.70558	0.57007	0.46602	0.10182	0.10329	0.2206	0.19489	0.19335	0.22047	0.12863	0.10551	0.78635
0.2588	0.44479	0.3306	0.79299	0.55364	0.43473	0.13595	0.11685	0.24814	0.20329	0.13431	0.16495	0.10265	0.10063	0.8277
0.28738	0.4403	0.28184	0.72466	0.56041	0.44414	0.124	0.16888	0.19476	0.18048	0.18775	0.18333	0.12078	0.09127	0.83707
0.30587	0.4837	0.31555	0.7021	0.49719	0.44506	0.11557	0.10246	0.19041	0.18733	0.16772	0.20668	0.18691	0.08543	0.80467
0.35073	0.43738	0.22164	0.76066	0.5459	0.44488	0.12935	0.11694	0.30141	0.21286	0.18331	0.144	0.11436	0.12449	0.8261
0.38983	0.44049	0.3066	0.79346	0.56518	0.5327	0.14483	0.1182	0.22706	0.14795	0.2245	0.18315	0.1205	0.0881	0.85032
0.33552	0.44321	0.32488	0.76997	0.55904	0.46205	0.12644	0.1097	0.1938	0.15329	0.20462	0.16847	0.12398	0.11813	0.84077
0.30494	0.46891	0.27798	0.79025	0.59626	0.43188	0.13091	0.0956	0.22039	0.17033	0.19184	0.16109	0.15225	0.09914	0.83267
0.3039	0.47259	0.29596	0.76464	0.58288	0.38981	0.15394	0.10328	0.21103	0.16414	0.16738	0.21601	0.1488	0.11045	0.78401
0.27869	0.43748	0.28205	0.78832	0.5611	0.39381	0.1242	0.12475	0.18649	0.20586	0.1831	0.25889	0.13108	0.10088	0.82242
0.29095	0.4056	0.29873	0.78404	0.54326	0.41991	0.13708	0.13481	0.24978	0.18502	0.20331	0.2051	0.13291	0.11056	0.83237
0.27812	0.41775	0.26401	0.76805	0.55139	0.45114	0.11155	0.12744	0.28751	0.21072	0.1858	0.26216	0.08175	0.12186	0.83508
0.26928	0.41834	0.33105	0.78773	0.55573	0.56662	0.10074	0.13685	0.2008	0.22717	0.20432	0.22028	0.11382	0.11242	0.84012
0.33405	0.41832	0.28454	0.78331	0.57712	0.46999	0.10713	0.12566	0.19169	0.21647	0.20386	0.20687	0.11837	0.12705	0.82052
0.26872	0.43224	0.27863	0.79138	0.59258	0.548	0.1362	0.09844	0.25447	0.20393	0.17924	0.1709	0.12209	0.12362	0.82145
0.34695	0.4273	0.31045	0.81869	0.53959	0.45427	0.1489	0.11853	0.2247	0.19622	0.21898	0.21271	0.13401	0.1037	0.79741
0.33387	0.39158	0.28148	0.80868	0.48288	0.42723	0.13673	0.10928	0.22008	0.14999	0.18619	0.23416	0.13975	0.12468	0.82203
0.33948	0.41291	0.29667	0.78364	0.5034	0.52131	0.10455	0.13277	0.21707	0.21783	0.17203	0.18208	0.11282	0.10064	0.80502
0.39663	0.44598	0.24954	0.75975	0.48236	0.48502	0.11629	0.11	0.2376	0.21011	0.20493	0.18341	0.12439	0.08498	0.81046
0.3571	0.38298	0.26102	0.79336	0.5455	0.42429	0.10561	0.12748	0.20874	0.17708	0.24042	0.21036	0.14444	0.1156	0.8284
0.31519	0.42009	0.22849	0.73322	0.57223	0.42581	0.12683	0.10892	0.18149	0.20605	0.20496	0.19836	0.12213	0.09586	0.80324
0.32071	0.45681	0.29236	0.79364	0.55152	0.44944	0.12666	0.13465	0.22793	0.21639	0.19238	0.15182	0.09386	0.13174	0.81904
0.35559	0.42393	0.24246	0.78265	0.53596	0.4134	0.11314	0.10169	0.2298	0.15677	0.2023	0.21057	0.12966	0.11008	0.84107
0.30818	0.45004	0.29224	0.78886	0.57213	0.44414	0.10764	0.08761	0.21582	0.2052	0.19127	0.21807	0.12108	0.103	0.84958
0.35941	0.46231	0.30421	0.77899	0.5246	0.46419	0.09285	0.129	0.18615	0.18619	0.21316	0.18522	0.12775	0.14428	0.83398
0.35334	0.47688	0.26553	0.75496	0.50909	0.45286	0.12946	0.10695	0.24805	0.16868	0.20473	0.21651	0.14702	0.10778	0.82762
0.29872	0.42953	0.28721	0.7604	0.53269	0.41919	0.09661	0.10524	0.20151	0.16598	0.21451	0.18387	0.11654	0.10791	0.84859
0.25534	0.42772	0.32114	0.76266	0.55511	0.43286	0.11828	0.13511	0.23652	0.17594	0.18571	0.24423	0.1388	0.10974	0.82547
0.3276	0.39099	0.30739	0.80382	0.53751	0.50169	0.13779	0.1113	0.18798	0.21767	0.18667	0.16255	0.11371	0.13417	0.85169
0.32663	0.40521	0.29207	0.78483	0.57016	0.47197	0.11325	0.09738	0.1891	0.17455	0.21701	0.19334	0.10898	0.10789	0.85545
0.32687	0.39736	0.29365	0.77617	0.54335	0.4491	0.10844	0.12386	0.2271	0.17113	0.21922	0.20769	0.12217	0.11831	0.83565
0.29781	0.39101	0.28252	0.75789	0.53147	0.48675	0.11265	0.14162	0.22011	0.16597	0.15473	0.18835	0.15329	0.10411	0.83547
0.29889	0.4633	0.26138	0.78287	0.51976	0.4413	0.13071	0.12333	0.26958	0.20629	0.19194	0.18478	0.12922	0.11433	0.8418
0.31143	0.41768	0.29871	0.72114	0.55017	0.46552	0.12979	0.13904	0.22987	0.1936	0.20003	0.17817	0.1679	0.11117	0.84467
0.30015	0.45949	0.2515	0.77029	0.55121	0.49355	0.14598	0.11516	0.2205	0.14547	0.13945	0.19053	0.16913	0.10753	0.8069
0.26406	0.43937	0.279	0.80199	0.5103	0.44374	0.12655	0.11999	0.19771	0.17065	0.18708	0.19429	0.14059	0.10263	0.84302
0.28167	0.43676	0.29742	0.76977	0.57334	0.3854	0.11442	0.1165	0.20728	0.19652	0.19718	0.14834	0.13155	0.13058	0.86165
0.32014	0.40343	0.2778	0.77658	0.54132	0.42654	0.10904	0.10254	0.21385	0.20001	0.16265	0.20153	0.1297	0.10868	0.82141
0.30369	0.39968	0.2637	0.7607	0.59472	0.46223	0.10719	0.12625	0.24139	0.19153	0.20235	0.19141	0.1068	0.10964	0.83753
0.29046	0.40413	0.28958	0.77291	0.59939	0.43765	0.08675	0.14371	0.17653	0.17003	0.20444	0.18149	0.11336	0.11309	0.83175
0.24175	0.41082	0.28699	0.7703	0.5199	0.42576	0.17215	0.10809	0.18113	0.18831	0.19213	0.18249	0.12485	0.1001	0.85626
0.27146	0.46561	0.27223	0.77145	0.53044	0.36936	0.1271	0.11889	0.21981	0.22294	0.23826	0.14945	0.13421	0.1315	0.8343
0.28282	0.42451	0.31392	0.81127	0.55052	0.41375	0.14774	0.11207	0.2432	0.1363	0.20727	0.19451	0.11643	0.08307	0.83554
0.30155	0.4341	0.26055	0.81135	0.52326	0.3636	0.08555	0.14232	0.2408	0.18009	0.18081	0.2196	0.13073	0.13209	0.85286
0.28288	0.38303	0.29967	0.76007	0.54611	0.46004	0.10254	0.11903	0.19937	0.1687	0.19496	0.18189	0.12613	0.10847	0.82103
0.26724	0.4454	0.23692	0.76688	0.56912	0.49773	0.10898	0.11798	0.20057	0.19963	0.1348	0.1681	0.07311	0.13139	0.82216
0.29951	0.41321	0.25102	0.74353	0.56392	0.44077	0.1105	0.10641	0.22766	0.22413	0.23378	0.20607	0.11022	0.10719	0.82302
0.28993	0.4826	0.29742	0.76758	0.59269	0.41562	0.11315	0.12044	0.21621	0.15005	0.2206	0.19531	0.14864	0.08626	0.84676
0.28729	0.41326	0.26531	0.81139	0.61887	0.48598	0.13854	0.11372	0.196	0.17564	0.19825	0.2037	0.11239	0.09279	0.83711
0.26195	0.40647	0.27563	0.74693	0.5793	0.473	0.10988	0.12291	0.22698	0.22813	0.19394	0.24229	0.12196	0.09254	0.84061
0.30673	0.45021	0.22421	0.74317	0.55502	0.45447	0.09582	0.13463	0.19128	0.16469	0.15639	0.19931	0.10178	0.09788	0.81945
0.28904	0.41054	0.28677	0.75943	0.5552	0.50454	0.12381	0.09089	0.19785	0.20066	0.18825	0.22623	0.14598	0.1024	0.81477
0.32702	0.43926	0.28584	0.74758	0.5207	0.49854	0.11522	0.14168	0.2269	0.18264	0.19201	0.17351	0.14388	0.14834	0.82049
0.26278	0.4355	0.31467	0.78418	0.53305	0.50998	0.13972	0.14321	0.20201	0.20612	0.19443	0.22912	0.09798	0.10374	0.82768
0.35495	0.41498	0.27347	0.76037	0.52251	0.48255	0.10019	0.12161	0.18896	0.16324	0.21701	0.16801	0.1462	0.09405	0.83965
0.29871	0.46032	0.237	0.74605	0.53716	0.37561	0.11344	0.14314	0.25183	0.15571	0.1726	0.17155	0.11494	0.1231	0.82134
0.35593	0.42433	0.22023	0.78811	0.5095	0.46748	0.09336	0.11263	0.22966	0.15785	0.1462	0.19276	0.14532	0.13444	0.81994
0.28385	0.44238	0.28045	0.74243	0.52621	0.46962	0.09231	0.14019	0.21161	0.15227	0.2033	0.23028	0.14504	0.10606	0.81809
0.3391	0.46063	0.26927	0.76993	0.53507	0.51157	0.095	0.11702	0.1626	0.1716	0.16719	0.17778	0.13171	0.12397	0.82382
0.31372	0.4379	0.2851	0.76828	0.57628	0.46719	0.11954	0.12013	0.22865	0.19968	0.16241	0.19837	0.1274	0.12266	0.83531
0.27662	0.41255	0.25676	0.72559	0.55337	0.41487	0.10231	0.12855	0.16643	0.25586	0.22533	0.18859	0.1357	0.12896	0.78354
0.26075	0.41806	0.2477	0.75333	0.55459	0.41777	0.12258	0.1405	0.20601	0.21867	0.2214	0.21324	0.1095	0.12138	0.81764
0.28926	0.45529	0.36269	0.80327	0.61543	0.44236	0.13171	0.13033	0.17747	0.2203	0.22565	0.20556	0.11284	0.09356	0.82018
0.33595	0.41687	0.27511	0.8079	0.63028	0.43372	0.10892	0.12336	0.19731	0.16646	0.17737	0.19808	0.10271	0.09185	0.82101
0.32666	0.41755	0.27829	0.81358	0.57189	0.45695	0.10586	0.13031	0.21638	0.17969	0.18015	0.18961	0.106	0.10581	0.88488
0.32073	0.39326	0.27518	0.80405	0.57716	0.51997	0.10825	0.12036	0.27273	0.16731	0.21104	0.21568	0.14672	0.11353	0.84129
0.33406	0.38694	0.29535	0.74329	0.59106	0.53526	0.11667	0.13413	0.22701	0.2142	0.19445	0.18412	0.13166	0.11392	0.85221
0.33527	0.41346	0.3112	0.75483	0.59694	0.45335	0.12371	0.13715	0.22696	0.1923	0.18674	0.18643	0.13625	0.11255	0.81348
0.28702	0.37438	0.28539	0.78607	0.54734	0.49106	0.07128	0.13343	0.21869	0.20082	0.25037	0.18619	0.11167	0.11835	0.82767
0.28959	0.42771	0.34796	0.80391	0.53691	0.46449	0.13129	0.14329	0.22072	0.21585	0.23975	0.21659	0.13426	0.10193	0.82148
0.3311	0.41114	0.24343	0.78659	0.56693	0.41618	0.09006	0.11526	0.17986	0.18355	0.1888	0.18305	0.10969	0.12029	0.81903
0.31998	0.39039	0.29142	0.74173	0.59494	0.39551	0.12248	0.13964	0.20219	0.19201	0.21727	0.16238	0.11705	0.08592	0.83647
0.27186	0.43829	0.31634	0.7507	0.59664	0.46339	0.1471	0.12299	0.18293	0.19439	0.20659	0.18686	0.12215	0.12624	0.82836
0.32901	0.43751	0.2929	0.74302	0.59029	0.46249	0.13115	0.15512	0.23666	0.17494	0.17031	0.20768	0.12181	0.09102	0.83158
0.27021	0.48603	0.2678	0.78051	0.5467	0.51492	0.14251	0.09562	0.21971	0.21327	0.20061	0.22354	0.13563	0.11013	0.82772
0.26756	0.3945	0.30547	0.77126	0.5344	0.40136	0.11377	0.14549	0.17215	0.21802	0.16239	0.168	0.15194	0.11021	0.81121
0.26053	0.42121	0.27649	0.75589	0.54346	0.41992	0.11923	0.10269	0.20487	0.16619	0.15241	0.17106	0.12988	0.10947	0.82822
0.28423	0.39728	0.27237	0.76585	0.54762	0.39957	0.1034	0.13465	0.24781	0.23055	0.19521	0.20013	0.12142	0.11195	0.82428
0.26204	0.40547	0.24253	0.77343	0.57071	0.45672	0.1304	0.11315	0.22432	0.19038	0.218	0.17778	0.12187	0.10147	0.83366
0.31916	0.39264	0.29053	0.7745	0.54004	0.46291	0.12148	0.13296	0.22829	0.22868	0.17365	0.2245	0.11952	0.10405	0.82246
0.26154	0.45023	0.21608	0.73116	0.5478	0.4295	0.1255	0.12882	0.20442	0.20727	0.15745	0.19066	0.16617	0.10782	0.82593
0.26098	0.47113	0.30179	0.75097	0.59534	0.45522	0.14055	0.13788	0.18962	0.20713	0.22119	0.24328	0.11889	0.06671	0.84634
0.21812	0.45541	0.30526	0.76763	0.59982	0.44618	0.13024	0.13139	0.18952	0.1707	0.15335	0.22446	0.10515	0.10457	0.8088
0.26838	0.44523	0.29715	0.74557	0.58453	0.51084	0.14195	0.11885	0.22336	0.17379	0.18962	0.21302	0.12187	0.11688	0.82388
0.29011	0.39158	0.27562	0.76642	0.55248	0.54347	0.11815	0.14028	0.17857	0.18856	0.17859	0.14311	0.13371	0.10154	0.81935
0.3273	0.41051	0.29919	0.76315	0.53394	0.46059	0.12518	0.12402	0.19049	0.17121	0.1535	0.21779	0.12268	0.14086	0.83878
0.3411	0.41972	0.28607	0.76489	0.56847	0.42951	0.1013	0.1321	0.20341	0.22633	0.1664	0.17242	0.10766	0.119	0.85767
0.29615	0.41135	0.31102	0.75682	0.55704	0.45122	0.10257	0.11958	0.21539	0.19386	0.15827	0.20413	0.1672	0.12037	0.85794
0.28998	0.41947	0.28587	0.77817	0.54163	0.4996	0.1347	0.08595	0.20676	0.21119	0.21435	0.19384	0.1137	0.10444	0.84961
0.2804	0.44114	0.30514	0.79451	0.56814	0.48315	0.11001	0.13592	0.17305	0.16739	0.18099	0.17389	0.10872	0.08791	0.8279
0.2914	0.37715	0.28672	0.78144	0.5913	0.45563	0.10779	0.12323	0.18826	0.20202	0.20446	0.19788	0.12488	0.10269	0.82968
0.29965	0.4586	0.27535	0.77351	0.59066	0.45827	0.0847	0.11072	0.23719	0.19876	0.15238	0.22377	0.10215	0.11784	0.82087
0.33196	0.45687	0.28267	0.78121	0.60593	0.46926	0.10946	0.11153	0.21735	0.21428	0.16617	0.17319	0.10784	0.12729	0.78804
0.33536	0.45072	0.30284	0.73632	0.50267	0.50923	0.12299	0.12769	0.20421	0.18431	0.22022	0.19016	0.09577	0.10321	0.81561
0.29153	0.4307	0.31396	0.77638	0.49825	0.44119	0.13958	0.12143	0.2073	0.15305	0.22734	0.18842	0.15586	0.12517	0.8121
0.28171	0.42329	0.27618	0.76242	0.53622	0.45955	0.08566	0.14518	0.19537	0.22404	0.2031	0.18783	0.11276	0.11905	0.81519
0.35821	0.44282	0.25453	0.76651	0.46171	0.4399	0.11882	0.10449	0.23197	0.22581	0.15774	0.20794	0.12804	0.13125	0.87446
0.25256	0.42552	0.25581	0.78683	0.58044	0.49025	0.11768	0.11127	0.2313	0.17966	0.16716	0.20807	0.1233	0.12492	0.83814
0.29458	0.42223	0.28373	0.76489	0.56364	0.51109	0.12393	0.12771	0.20007	0.15431	0.19146	0.17464	0.11118	0.10967	0.81973
0.28692	0.45099	0.28435	0.80199	0.58939	0.48395	0.09792	0.12221	0.21372	0.12416	0.20695	0.20688	0.12679	0.08783	0.82263
0.34157	0.43736	0.33907	0.80937	0.56933	0.44226	0.08841	0.12446	0.22486	0.18713	0.16439	0.21671	0.11506	0.09891	0.83829
0.29239	0.46462	0.29899	0.79545	0.63914	0.46955	0.10333	0.12512	0.21341	0.15465	0.17174	0.19995	0.13435	0.12783	0.84452
0.24864	0.37972	0.241	0.80433	0.61965	0.44471	0.10186	0.15387	0.18548	0.208	0.19104	0.21614	0.15128	0.13162	0.81112
0.24606	0.43597	0.25508	0.76368	0.54011	0.40147	0.12633	0.08585	0.22403	0.21741	0.17102	0.23222	0.11079	0.10731	0.80529
0.25348	0.48389	0.24928	0.77575	0.54362	0.42128	0.12741	0.10862	0.18976	0.14419	0.18565	0.21496	0.12378	0.11286	0.81652
0.31203	0.43981	0.27092	0.76543	0.5442	0.42245	0.10726	0.16392	0.24251	0.19418	0.12705	0.19216	0.12752	0.10119	0.81151
0.36058	0.43461	0.28665	0.82127	0.58028	0.42609	0.11747	0.11943	0.16967	0.19187	0.18064	0.1456	0.10791	0.11627	0.80297
0.34905	0.37524	0.27938	0.76282	0.57226	0.46323	0.15517	0.11426	0.20312	0.18059	0.23795	0.20925	0.13036	0.09879	0.82115
0.2972	0.43641	0.26213	0.76398	0.53998	0.40215	0.12427	0.10519	0.20084	0.17189	0.13479	0.2065	0.12914	0.12498	0.82809
0.25671	0.41275	0.31341	0.762	0.56893	0.3781	0.12996	0.12104	0.22277	0.1961	0.17854	0.14528	0.15904	0.12501	0.82263
0.30108	0.41849	0.29279	0.79171	0.58662	0.4793	0.12824	0.12806	0.2063	0.20834	0.23937	0.14834	0.0786	0.11432	0.78302
0.30498	0.44153	0.30104	0.78294	0.60846	0.43173	0.1196	0.08377	0.22831	0.23186	0.174	0.24301	0.10069	0.11022	0.81556
0.26966	0.44447	0.31246	0.71999	0.58963	0.50296	0.11813	0.11356	0.22345	0.19353	0.21682	0.18326	0.09439	0.10338	0.82246
0.30478	0.43171	0.24139	0.78061	0.57678	0.43902	0.10685	0.13268	0.23153	0.21885	0.22682	0.19591	0.1361	0.12593	0.82155
0.24694	0.48682	0.25401	0.77919	0.52864	0.36061	0.1031	0.1188	0.2289	0.21381	0.16718	0.19578	0.10856	0.10942	0.84179
0.22683	0.44667	0.29102	0.74989	0.51943	0.36749	0.11847	0.12958	0.24827	0.19083	0.1966	0.19255	0.12241	0.10431	0.8236
0.31969	0.48094	0.27694	0.79676	0.51682	0.45444	0.10138	0.1253	0.22951	0.18373	0.19999	0.19241	0.15553	0.10552	0.83017
0.37018	0.39665	0.24978	0.74951	0.50524	0.42644	0.13111	0.13516	0.22719	0.18041	0.22156	0.13747	0.09662	0.11805	0.81181
0.32205	0.43572	0.25406	0.80246	0.5445	0.48957	0.12162	0.10276	0.21041	0.2156	0.22331	0.18658	0.13569	0.14586	0.8269
0.30683	0.4436	0.27105	0.77098	0.55235	0.44595	0.12374	0.12772	0.22964	0.15301	0.16861	0.18355	0.12119	0.11566	0.8367
0.3066	0.43314	0.28301	0.74736	0.54607	0.38235	0.09967	0.10762	0.22112	0.23959	0.18808	0.17517	0.1184	0.12219	0.82124
0.28946	0.43343	0.26803	0.7422	0.48658	0.48037	0.10039	0.13082	0.16788	0.19757	0.22529	0.19334	0.11414	0.11579	0.84426
0.30928	0.39048	0.29636	0.76435	0.53254	0.46301	0.10858	0.10918	0.17597	0.25355	0.18162	0.25176	0.1452	0.10695	0.83866
0.30928	0.40754	0.30176	0.79549	0.57557	0.433	0.10039	0.09963	0.20224	0.15891	0.18221	0.19574	0.10896	0.11324	0.8236
0.2695	0.44004	0.25194	0.77637	0.55753	0.44028	0.12731	0.10423	0.17088	0.17713	0.19621	0.19494	0.12904	0.12933	0.80659
0.26968	0.42708	0.29695	0.74959	0.56386	0.37984	0.11026	0.08735	0.21748	0.20865	0.18314	0.17707	0.14338	0.09834	0.82912
0.30181	0.45273	0.29955	0.74984	0.59014	0.45308	0.10982	0.10624	0.23017	0.16149	0.19135	0.21786	0.10562	0.11248	0.81974
0.32581	0.41102	0.29922	0.7858	0.5685	0.47019	0.10145	0.10146	0.21171	0.14348	0.15012	0.2483	0.14022	0.10934	0.85201
0.35691	0.43094	0.25226	0.80376	0.57708	0.42615	0.11154	0.10723	0.1815	0.22337	0.19851	0.16764	0.12392	0.10589	0.81638
0.29284	0.45186	0.27693	0.77004	0.56178	0.40231	0.11582	0.11763	0.21811	0.17678	0.16788	0.21197	0.14383	0.11712	0.82113
0.27336	0.43934	0.28426	0.80464	0.54589	0.46314	0.08771	0.12705	0.19966	0.21004	0.19497	0.21963	0.13952	0.14656	0.8172
0.25896	0.40789	0.25269	0.77797	0.59733	0.45446	0.15303	0.11214	0.17723	0.19234	0.18401	0.17862	0.11231	0.12299	0.81703
0.28529	0.46734	0.24906	0.77719	0.58765	0.43397	0.11514	0.14596	0.21754	0.19815	0.16321	0.2028	0.14014	0.10225	0.82339
0.27025	0.42518	0.26248	0.77758	0.58953	0.44248	0.12584	0.11504	0.21176	0.15247	0.1735	0.18693	0.10639	0.11265	0.81443
0.30392	0.41488	0.27654	0.76182	0.51125	0.41805	0.12235	0.13208	0.1766	0.21545	0.24218	0.21006	0.1258	0.07472	0.80788
0.24253	0.4578	0.27862	0.80173	0.46249	0.42187	0.09667	0.13811	0.25605	0.19394	0.17291	0.23534	0.12433	0.09983	0.81125
0.26352	0.50745	0.32303	0.75937	0.51454	0.45105	0.10553	0.12118	0.16985	0.18002	0.20343	0.18456	0.11205	0.10676	0.83655
0.35585	0.42728	0.2749	0.74288	0.49881	0.43071	0.13964	0.08594	0.22784	0.23151	0.20911	0.20688	0.13038	0.1147	0.81883
0.29646	0.44063	0.28842	0.76595	0.53197	0.47493	0.1106	0.10477	0.21149	0.17976	0.15063	0.15813	0.12089	0.08494	0.83896
0.27244	0.42899	0.2716	0.79846	0.57883	0.39736	0.1014	0.12948	0.22411	0.13019	0.19596	0.20902	0.13248	0.10939	0.8393
0.35164	0.41146	0.26887	0.78661	0.58125	0.35737	0.12051	0.12516	0.19893	0.21926	0.17552	0.15544	0.11154	0.10311	0.84651
0.28621	0.43008	0.21442	0.7233	0.58283	0.32721	0.1265	0.11711	0.21603	0.24111	0.18673	0.18683	0.12514	0.12793	0.81855
0.28513	0.41744	0.27348	0.69101	0.57578	0.39276	0.1163	0.11802	0.18439	0.18445	0.21941	0.18134	0.11074	0.11621	0.79748
0.25313	0.42084	0.30118	0.7668	0.59806	0.45711	0.11871	0.14147	0.19797	0.1567	0.17938	0.24198	0.10431	0.11964	0.84439
0.3125	0.40445	0.2898	0.74273	0.66168	0.46143	0.11465	0.12028	0.19753	0.16815	0.19352	0.154	0.14503	0.14253	0.80681
0.3375	0.43006	0.29554	0.7735	0.62102	0.43607	0.10507	0.13935	0.18784	0.19206	0.22916	0.19189	0.1587	0.14627	0.8247
0.30571	0.43451	0.31821	0.76369	0.54111	0.42011	0.09466	0.13105	0.22457	0.1959	0.22875	0.18913	0.10874	0.0973	0.81591
0.30353	0.42831	0.31109	0.81309	0.53274	0.44303	0.13366	0.1104	0.19356	0.18054	0.15697	0.21987	0.12538	0.12518	0.82737
0.26146	0.41584	0.23692	0.77375	0.52259	0.4413	0.1044	0.15098	0.22599	0.18227	0.2177	0.19534	0.1163	0.13591	0.80922
0.30942	0.47359	0.23067	0.78311	0.53268	0.41814	0.10815	0.11459	0.20134	0.15997	0.18692	0.14974	0.08256	0.10833	0.82947
0.32943	0.4614	0.31172	0.80848	0.55873	0.42845	0.08773	0.12208	0.23815	0.21632	0.18233	0.23178	0.1069	0.09168	0.82215
0.30291	0.44891	0.29676	0.81454	0.532	0.415	0.12617	0.13784	0.25804	0.18351	0.15063	0.22752	0.11594	0.09042	0.83348
0.27321	0.4728	0.30847	0.79722	0.58751	0.45603	0.14123	0.10707	0.19903	0.18643	0.18373	0.19743	0.13492	0.11824	0.8459
0.33003	0.43679	0.27979	0.76441	0.5661	0.46227	0.09098	0.12624	0.18136	0.2098	0.18618	0.16526	0.12029	0.10844	0.8369
0.36382	0.41351	0.24925	0.78212	0.52768	0.3973	0.09359	0.0876	0.18456	0.21225	0.18967	0.14894	0.15092	0.09552	0.81011
0.27899	0.42063	0.25089	0.77386	0.59602	0.4552	0.11685	0.09165	0.21311	0.1799	0.19216	0.19994	0.11092	0.14131	0.82996
0.32488	0.48957	0.29343	0.77278	0.65105	0.39834	0.09966	0.14416	0.23563	0.22616	0.20615	0.1382	0.10422	0.12336	0.83529
0.28429	0.37873	0.32839	0.77271	0.60561	0.45344	0.08931	0.12328	0.21681	0.25472	0.19269	0.18734	0.15202	0.12472	0.82856
0.32754	0.40406	0.30126	0.76698	0.5761	0.46229	0.059	0.12117	0.24455	0.2136	0.18623	0.15963	0.14315	0.11578	0.83491
0.34613	0.41988	0.29291	0.76788	0.53091	0.40813	0.07945	0.11988	0.24331	0.23283	0.20312	0.17448	0.12041	0.10835	0.81554
0.28437	0.45172	0.25219	0.72941	0.51708	0.49076	0.08736	0.11866	0.20619	0.19987	0.16594	0.15477	0.1363	0.12755	0.82084
0.25709	0.41601	0.23496	0.77918	0.54083	0.47473	0.11678	0.14818	0.18242	0.16096	0.19438	0.16196	0.13059	0.11643	0.81419
0.24891	0.45121	0.23097	0.7687	0.5514	0.4214	0.09679	0.11189	0.22203	0.24339	0.19254	0.15298	0.09708	0.09804	0.82935
0.30518	0.36997	0.27129	0.78319	0.56582	0.46658	0.1232	0.08278	0.21704	0.16985	0.2223	0.21042	0.12034	0.10045	0.83807
0.31953	0.41063	0.2694	0.76603	0.55171	0.36596	0.10839	0.10808	0.17931	0.18587	0.18742	0.18571	0.1024	0.11376	0.84347
0.29462	0.41769	0.23057	0.72175	0.53106	0.40269	0.12438	0.1227	0.16421	0.18707	0.20777	0.18137	0.11701	0.10956	0.84176
0.25843	0.42276	0.28108	0.79013	0.54702	0.39533	0.09887	0.1308	0.2027	0.21626	0.16129	0.16523	0.131	0.14583	0.83901
0.27088	0.41761	0.27391	0.69383	0.56904	0.35206	0.10801	0.10317	0.23377	0.20986	0.17137	0.20396	0.12549	0.08239	0.81765
0.32846	0.42618	0.29462	0.74484	0.5697	0.43855	0.08703	0.11944	0.23421	0.21246	0.18355	0.22608	0.114	0.11788	0.82917
0.30627	0.39259	0.31677	0.77511	0.55168	0.4511	0.08546	0.12146	0.17228	0.21748	0.17947	0.22679	0.09659	0.14318	0.85027
0.37559	0.3647	0.2689	0.79618	0.5239	0.43688	0.10852	0.11325	0.19407	0.1677	0.20736	0.17851	0.11633	0.10429	0.81633
0.23339	0.45877	0.27411	0.75913	0.55984	0.49223	0.10539	0.13734	0.20023	0.20753	0.21457	0.16692	0.10502	0.11283	0.83838
0.28029	0.38411	0.3244	0.81354	0.56767	0.50718	0.11227	0.11501	0.15961	0.18064	0.1882	0.21352	0.14791	0.0885	0.8265
0.27884	0.46345	0.32644	0.76367	0.59814	0.46922	0.08435	0.08054	0.21699	0.19646	0.14098	0.21739	0.0906	0.11144	0.79238
0.28747	0.39279	0.27899	0.75953	0.55958	0.44384	0.12666	0.10035	0.2003	0.18388	0.21421	0.21845	0.09811	0.11884	0.81017
0.33794	0.44468	0.33277	0.78965	0.55531	0.51429	0.1039	0.15624	0.19839	0.22386	0.13441	0.18605	0.1227	0.10504	0.79347
0.25655	0.40814	0.31879	0.80666	0.50196	0.47337	0.08116	0.13753	0.20246	0.19111	0.19914	0.18731	0.10294	0.12179	0.81543
0.24859	0.41885	0.23879	0.68664	0.55846	0.33407	0.08396	0.11428	0.16982	0.19533	0.2202	0.1587	0.1257	0.08621	0.81506
0.35292	0.41587	0.29948	0.75666	0.54998	0.45632	0.11863	0.11442	0.21125	0.18937	0.20977	0.23274	0.14845	0.13329	0.81555
0.25781	0.44764	0.27603	0.76599	0.53584	0.41588	0.12822	0.13097	0.19646	0.21288	0.17072	0.19565	0.12872	0.12801	0.84107
0.25326	0.4312	0.25352	0.76486	0.51718	0.42303	0.0953	0.10502	0.20339	0.1205	0.16978	0.24876	0.15619	0.12156	0.84288
0.28188	0.43853	0.31134	0.75619	0.56037	0.40034	0.11803	0.13465	0.19795	0.21281	0.15382	0.17098	0.12257	0.11566	0.80669
0.31314	0.4177	0.31891	0.73402	0.53162	0.47906	0.10963	0.09472	0.19555	0.16298	0.18012	0.19207	0.12633	0.09679	0.81269
0.26963	0.44538	0.25141	0.7472	0.56769	0.40406	0.12107	0.11808	0.22731	0.16509	0.17175	0.1568	0.12841	0.12075	0.82994
0.25877	0.47019	0.29167	0.82013	0.58005	0.4546	0.12586	0.156	0.16353	0.17871	0.1783	0.26279	0.09424	0.13176	0.84259
0.25168	0.38873	0.27454	0.76965	0.54647	0.426	0.10767	0.12881	0.18042	0.15731	0.20663	0.2113	0.11242	0.11705	0.84728
0.30269	0.44068	0.26468	0.73207	0.53879	0.41445	0.12214	0.13172	0.21815	0.19154	0.17435	0.21749	0.09361	0.10647	0.82619
0.25018	0.42285	0.29261	0.76591	0.60294	0.44187	0.08598	0.13128	0.18455	0.15225	0.22025	0.17928	0.12082	0.13255	0.83481
0.26447	0.44454	0.3759	0.78307	0.56047	0.46242	0.09722	0.11805	0.24186	0.15624	0.1623	0.17845	0.14426	0.10927	0.8371
0.30624	0.46061	0.31254	0.78373	0.58031	0.43033	0.11006	0.13866	0.22779	0.14427	0.16723	0.23185	0.11157	0.08399	0.83194
0.27268	0.41378	0.26421	0.71911	0.55392	0.44692	0.07435	0.12333	0.19536	0.15998	0.18646	0.22188	0.1028	0.10601	0.81751
0.29189	0.40594	0.26261	0.70999	0.56572	0.428	0.1004	0.09591	0.20834	0.18959	0.19331	0.19267	0.08837	0.11445	0.80049
0.24772	0.44471	0.28123	0.75897	0.53665	0.41811	0.11273	0.1129	0.22852	0.16155	0.11353	0.22879	0.14574	0.08541	0.7948
0.28698	0.41972	0.28015	0.75331	0.49662	0.39511	0.10634	0.12377	0.17817	0.2057	0.17294	0.17514	0.14043	0.1355	0.82332
0.25108	0.4236	0.27182	0.81677	0.53786	0.44038	0.13225	0.09736	0.19981	0.2084	0.17311	0.20475	0.10806	0.12192	0.80817
0.34573	0.42624	0.25109	0.77095	0.53301	0.39094	0.08918	0.08292	0.19528	0.18369	0.19997	0.20473	0.09819	0.09632	0.81982
0.3606	0.41795	0.23546	0.78678	0.5628	0.42842	0.11715	0.12709	0.20291	0.18787	0.14871	0.2102	0.12029	0.11107	0.83428
0.28252	0.35088	0.31108	0.80108	0.59984	0.47672	0.10048	0.14957	0.17831	0.20543	0.1875	0.16983	0.13663	0.12989	0.81417
0.26042	0.40183	0.29744	0.81773	0.59362	0.40253	0.10122	0.11199	0.18676	0.16322	0.18636	0.18174	0.10832	0.10289	0.82481
0.30875	0.41016	0.28006	0.80812	0.53274	0.39554	0.11592	0.12945	0.17422	0.16249	0.14309	0.2454	0.12773	0.1133	0.82424
0.32492	0.40861	0.2738	0.79472	0.56245	0.42791	0.09459	0.10385	0.23881	0.14751	0.16915	0.22821	0.15569	0.10942	0.81226
0.30063	0.42946	0.24798	0.78717	0.49841	0.44837	0.1204	0.13387	0.17358	0.14126	0.17603	0.17082	0.12117	0.08118	0.82083
0.32577	0.40871	0.27006	0.78512	0.56425	0.44632	0.12093	0.11032	0.22695	0.15996	0.19546	0.15404	0.13641	0.12727	0.82024
0.33897	0.42784	0.28787	0.84308	0.53088	0.48673	0.09511	0.10382	0.20374	0.20019	0.13794	0.19426	0.10605	0.09953	0.84378
0.37181	0.40889	0.27507	0.77332	0.56152	0.44069	0.1102	0.12008	0.17337	0.18435	0.15942	0.19202	0.11035	0.08236	0.82862
0.26434	0.41716	0.30805	0.72872	0.55789	0.4982	0.12186	0.10871	0.19861	0.20384	0.18275	0.17895	0.14157	0.10199	0.80347
0.30339	0.38613	0.28814	0.7137	0.56029	0.41257	0.08943	0.10324	0.18761	0.21613	0.24142	0.18427	0.12683	0.12374	0.80985
0.29759	0.42293	0.26844	0.77207	0.58499	0.49535	0.11137	0.10472	0.20088	0.21571	0.14737	0.18622	0.11443	0.11275	0.81995
0.31579	0.41043	0.2524	0.72832	0.59311	0.42465	0.11518	0.10734	0.24391	0.19883	0.19674	0.2225	0.12143	0.09342	0.83614
0.29507	0.45853	0.27843	0.72928	0.56954	0.4765	0.11518	0.11815	0.2202	0.24266	0.14705	0.16569	0.09668	0.12124	0.86132
0.25672	0.44263	0.28441	0.79	0.52422	0.46676	0.10992	0.12878	0.19937	0.18279	0.16746	0.18067	0.10781	0.09434	0.84554
0.25939	0.39813	0.26193	0.77369	0.51021	0.4262	0.11459	0.10289	0.18919	0.18439	0.19958	0.13109	0.11469	0.13354	0.82427
0.2787	0.40264	0.26083	0.78611	0.5551	0.45946	0.1128	0.1252	0.20645	0.18216	0.19497	0.16653	0.123	0.08686	0.82965
0.32806	0.40341	0.24076	0.80443	0.58808	0.36967	0.12111	0.13764	0.20622	0.18505	0.1724	0.16957	0.10858	0.11003	0.82574
0.27484	0.45607	0.22903	0.79022	0.56196	0.33941	0.12136	0.11282	0.20273	0.20125	0.15799	0.18762	0.1218	0.11234	0.8496
0.26679	0.42555	0.27932	0.77172	0.53994	0.43655	0.13012	0.11762	0.21105	0.16996	0.19023	0.20156	0.13886	0.1378	0.84376
0.31926	0.43387	0.27121	0.78398	0.52312	0.37637	0.11798	0.14667	0.2293	0.15846	0.18014	0.17961	0.07673	0.09165	0.83266
0.32548	0.43624	0.275	0.77494	0.51904	0.40401	0.1041	0.09779	0.19381	0.21513	0.17266	0.20243	0.12918	0.12688	0.86256
0.26669	0.4362	0.25031	0.79734	0.53938	0.41521	0.09756	0.09883	0.16952	0.16664	0.21667	0.2228	0.104	0.11423	0.85795
0.281	0.36332	0.27637	0.70596	0.58047	0.34158	0.10036	0.11061	0.19513	0.17138	0.1722	0.20868	0.09279	0.10801	0.83537
0.27421	0.40903	0.24221	0.73659	0.56076	0.4353	0.08762	0.12691	0.24626	0.1866	0.14302	0.23638	0.1539	0.11166	0.81455
0.33711	0.45493	0.3256	0.77548	0.56159	0.51522	0.09935	0.09451	0.26523	0.21277	0.15283	0.17895	0.11476	0.11679	0.8195
0.35746	0.40029	0.31047	0.79399	0.53091	0.50463	0.10089	0.07783	0.17975	0.13096	0.17187	0.16009	0.09512	0.10368	0.82948
0.35836	0.40417	0.3009	0.78075	0.49594	0.41401	0.10276	0.1343	0.23407	0.15859	0.20522	0.22061	0.12562	0.11854	0.81546
0.30812	0.44074	0.24895	0.79762	0.48666	0.51088	0.11742	0.13578	0.19105	0.15247	0.20771	0.19243	0.1274	0.12051	0.81325
0.25744	0.43817	0.22006	0.75417	0.55146	0.41354	0.10096	0.14852	0.21437	0.20806	0.20974	0.1677	0.11948	0.09865	0.85005
0.29891	0.40545	0.22775	0.78373	0.56288	0.47241	0.08417	0.11135	0.20643	0.20029	0.20773	0.18396	0.12456	0.09991	0.82746
0.29691	0.40066	0.29323	0.78293	0.51225	0.39253	0.12737	0.08942	0.19672	0.14901	0.17254	0.17635	0.11212	0.09808	0.85384
0.31858	0.38213	0.26286	0.77925	0.54051	0.4307	0.12104	0.07407	0.20856	0.21031	0.18728	0.15881	0.14196	0.08577	0.82822
0.25639	0.40841	0.30024	0.7394	0.51825	0.44367	0.10993	0.10896	0.24034	0.19458	0.1574	0.20828	0.10635	0.13384	0.82561
0.28667	0.36722	0.29795	0.75374	0.54336	0.46739	0.10785	0.11707	0.18709	0.18609	0.15667	0.17831	0.10844	0.12161	0.80529
0.35897	0.39899	0.27215	0.74209	0.56601	0.40529	0.08217	0.13279	0.18956	0.21733	0.17981	0.18197	0.09325	0.11618	0.81913
0.35027	0.3818	0.24215	0.76871	0.57091	0.46389	0.09775	0.12738	0.23174	0.22651	0.15653	0.2048	0.09362	0.1023	0.81576
0.4083	0.47341	0.24413	0.76382	0.57001	0.4295	0.09725	0.11772	0.16648	0.16058	0.18704	0.17537	0.12925	0.09848	0.79054
0.39667	0.42807	0.24505	0.74883	0.56815	0.4598	0.10346	0.09773	0.21563	0.23695	0.18752	0.2106	0.1178	0.08322	0.80849
0.3277	0.36866	0.24352	0.74827	0.58442	0.47604	0.10308	0.13855	0.21423	0.25686	0.22844	0.1951	0.11265	0.13416	0.81987
0.28461	0.45916	0.29057	0.7605	0.56542	0.41802	0.0902	0.14607	0.19329	0.19087	0.20136	0.14895	0.08993	0.11338	0.83049
0.31912	0.42057	0.27005	0.75353	0.5574	0.40404	0.12095	0.13425	0.16568	0.19151	0.20468	0.22467	0.11003	0.11781	0.82395
0.31917	0.45435	0.27671	0.79173	0.54967	0.44824	0.08991	0.07399	0.20211	0.16813	0.16533	0.23594	0.11509	0.10845	0.82293
0.27565	0.4514	0.26117	0.75211	0.49145	0.45487	0.10166	0.12437	0.17664	0.21452	0.17261	0.13657	0.14875	0.08423	0.83898
0.30562	0.4125	0.28634	0.7638	0.5342	0.45647	0.12952	0.12835	0.23657	0.19598	0.15176	0.19036	0.12489	0.11334	0.83354
0.29465	0.44971	0.30427	0.79633	0.56426	0.4627	0.11977	0.1039	0.22279	0.22265	0.18761	0.18927	0.09703	0.09754	0.82509
0.31667	0.46228	0.29626	0.73132	0.56389	0.4205	0.10249	0.09685	0.19892	0.20866	0.15617	0.17264	0.10736	0.11864	0.80599
0.29349	0.41223	0.26632	0.75152	0.53458	0.48433	0.11274	0.0989	0.22783	0.15235	0.16754	0.20979	0.10632	0.13026	0.80713
0.26726	0.44783	0.27966	0.76068	0.52413	0.44783	0.11988	0.12564	0.18881	0.18647	0.20473	0.25029	0.1082	0.08025	0.80318
0.31527	0.4219	0.26795	0.77655	0.5371	0.45375	0.11947	0.08121	0.193	0.19252	0.1932	0.20048	0.11569	0.12244	0.81975
0.32589	0.42632	0.27316	0.80334	0.57367	0.45198	0.12317	0.13448	0.1848	0.15686	0.16632	0.19317	0.07592	0.12791	0.81757
0.2916	0.41034	0.2781	0.76687	0.5913	0.50759	0.12528	0.07708	0.22649	0.16833	0.21601	0.22827	0.08948	0.10244	0.82567
0.34774	0.36889	0.27167	0.77317	0.57785	0.44215	0.1368	0.15585	0.20234	0.15073	0.15729	0.18746	0.13141	0.10508	0.82042
0.32686	0.43416	0.27788	0.7389	0.5699	0.40175	0.08182	0.14038	0.19273	0.20256	0.1958	0.19629	0.11062	0.10671	0.83163
0.36029	0.45812	0.26306	0.761	0.55769	0.47881	0.12669	0.13066	0.16844	0.18267	0.19293	0.17367	0.09559	0.07986	0.81902
0.3032	0.40524	0.27428	0.7896	0.56055	0.44909	0.12982	0.14269	0.21089	0.14535	0.1875	0.16575	0.13822	0.11465	0.84862
0.26873	0.45821	0.28918	0.77168	0.53685	0.51446	0.08377	0.10504	0.18726	0.1693	0.16772	0.21988	0.12266	0.11272	0.84879
0.24884	0.41835	0.24972	0.78346	0.65177	0.39444	0.11401	0.09696	0.2253	0.17777	0.17502	0.20792	0.10366	0.09438	0.8417
0.27722	0.39897	0.30098	0.7315	0.52785	0.47668	0.14311	0.10493	0.24164	0.16826	0.19419	0.20049	0.13392	0.09665	0.83462
0.32858	0.43963	0.2627	0.73369	0.56805	0.40562	0.12795	0.09705	0.23678	0.14488	0.16258	0.16967	0.1155	0.09699	0.84825
0.28759	0.44405	0.2221	0.76763	0.53499	0.47792	0.1399	0.11791	0.20745	0.20674	0.18583	0.17497	0.10496	0.10986	0.83197
0.30456	0.45915	0.26165	0.78767	0.52335	0.50993	0.0913	0.12541	0.19174	0.18717	0.20399	0.17977	0.10677	0.11052	0.83031
0.31704	0.41904	0.30801	0.77094	0.50547	0.46062	0.1235	0.09798	0.18587	0.17802	0.18071	0.17292	0.13674	0.10414	0.80707
0.27633	0.36927	0.24343	0.78823	0.54427	0.41899	0.09827	0.11492	0.24624	0.20101	0.16013	0.20559	0.13665	0.11957	0.8262
0.32876	0.41804	0.2563	0.74895	0.54288	0.41301	0.11516	0.13171	0.19195	0.16044	0.1478	0.20903	0.1348	0.10818	0.80948
0.32003	0.47137	0.28779	0.73355	0.52937	0.34639	0.11337	0.11052	0.19015	0.16586	0.19487	0.17918	0.1117	0.11501	0.80768
0.29444	0.38106	0.20051	0.72618	0.58578	0.42235	0.09599	0.1056	0.16758	0.14495	0.17745	0.15828	0.14112	0.09403	0.82886
0.32728	0.40777	0.29882	0.76337	0.58024	0.41429	0.13321	0.10995	0.24242	0.13818	0.15607	0.16727	0.15619	0.10798	0.83687
0.25167	0.41782	0.29401	0.82213	0.60844	0.49276	0.09189	0.10436	0.21968	0.17839	0.17438	0.17113	0.07553	0.0814	0.8327
0.35898	0.4203	0.27756	0.74755	0.56717	0.41837	0.08928	0.08123	0.16166	0.19746	0.21018	0.19237	0.11077	0.10075	0.81797
0.33794	0.40793	0.27781	0.79414	0.59188	0.47408	0.08202	0.10226	0.17205	0.19992	0.17158	0.16774	0.14637	0.10996	0.83822
0.30659	0.39897	0.28168	0.78879	0.6201	0.473	0.09047	0.08574	0.21933	0.13343	0.16036	0.14016	0.10605	0.05863	0.84621
0.35993	0.41784	0.28464	0.79245	0.58188	0.42241	0.10233	0.11314	0.15219	0.1812	0.152	0.19903	0.14233	0.08293	0.82178
0.33486	0.4089	0.29215	0.79076	0.56824	0.42371	0.12258	0.09838	0.24957	0.1531	0.20647	0.16048	0.08377	0.08229	0.83278
0.33046	0.39259	0.2863	0.738	0.5618	0.41125	0.12774	0.11561	0.24632	0.20688	0.18712	0.17737	0.14068	0.08576	0.84584
0.32152	0.45463	0.2247	0.76016	0.53774	0.38219	0.1064	0.11903	0.22919	0.19415	0.18585	0.14895	0.09597	0.10392	0.83906
0.29189	0.38081	0.29042	0.7922	0.57148	0.44984	0.09208	0.12219	0.22708	0.1775	0.15511	0.18544	0.16213	0.07397	0.83727
0.24731	0.40378	0.30088	0.80248	0.56217	0.45396	0.09064	0.09877	0.22247	0.18669	0.15042	0.17548	0.09525	0.09904	0.81355
0.29097	0.39693	0.2293	0.78945	0.48924	0.43043	0.08526	0.11715	0.2284	0.17583	0.17765	0.22925	0.11693	0.12383	0.8225
0.36787	0.42917	0.27404	0.7953	0.53855	0.46815	0.10015	0.11482	0.22264	0.21475	0.15566	0.18623	0.1129	0.09569	0.8068
0.33017	0.41372	0.26734	0.76811	0.51282	0.38452	0.09209	0.1224	0.23277	0.2237	0.2214	0.21309	0.0936	0.11945	0.8019
0.28863	0.41322	0.28626	0.78837	0.56037	0.3725	0.10312	0.16445	0.19334	0.18109	0.13352	0.17833	0.11734	0.08207	0.834
0.29784	0.44882	0.21388	0.76402	0.54901	0.41113	0.09516	0.10784	0.24133	0.19051	0.14433	0.17494	0.11489	0.09921	0.82776
0.25455	0.40603	0.29874	0.7843	0.55153	0.40608	0.10857	0.12088	0.23204	0.17794	0.17133	0.19759	0.11689	0.10175	0.84238
0.28155	0.40646	0.24896	0.79517	0.50705	0.43736	0.0861	0.13627	0.14301	0.18669	0.13601	0.16669	0.08334	0.10194	0.82402
0.26907	0.46393	0.2952	0.74744	0.51989	0.40023	0.08226	0.11822	0.19341	0.19003	0.18482	0.18331	0.09713	0.08452	0.83615
0.31843	0.42091	0.25459	0.77314	0.53162	0.43161	0.10234	0.12327	0.2082	0.17781	0.17316	0.16483	0.11079	0.11934	0.84783
0.27249	0.42501	0.2989	0.77111	0.49527	0.54605	0.09002	0.10767	0.24991	0.16381	0.2027	0.16243	0.12135	0.10836	0.84955
0.29692	0.40447	0.28125	0.76238	0.58174	0.48698	0.10288	0.10298	0.19464	0.1897	0.18994	0.19125	0.1172	0.11414	0.83845
0.298	0.41039	0.34261	0.78223	0.58322	0.44186	0.12561	0.11535	0.24407	0.19475	0.16579	0.16474	0.10386	0.08153	0.81797
0.3148	0.45453	0.29214	0.8482	0.5478	0.39372	0.11881	0.11605	0.19003	0.20038	0.18487	0.17207	0.13676	0.09559	0.83315
0.33526	0.39782	0.25143	0.76172	0.53471	0.37026	0.09722	0.1207	0.2337	0.16312	0.18805	0.18935	0.10605	0.09982	0.82733
0.26556	0.40937	0.23424	0.79232	0.5451	0.47271	0.09761	0.11103	0.24013	0.20883	0.16434	0.20144	0.10733	0.09573	0.82045
0.32657	0.41718	0.26895	0.73274	0.56762	0.45173	0.12458	0.10302	0.17086	0.15718	0.14454	0.17357	0.10025	0.11617	0.82576
0.31466	0.41072	0.27569	0.8025	0.5685	0.4872	0.07898	0.11196	0.231	0.12873	0.14093	0.19055	0.11468	0.10986	0.8301
0.24985	0.42218	0.27412	0.7339	0.54455	0.41815	0.11124	0.12442	0.21088	0.18619	0.16078	0.14661	0.15296	0.0899	0.79658
0.28111	0.45752	0.28089	0.71731	0.56473	0.39536	0.11587	0.11608	0.24475	0.21977	0.16748	0.14792	0.12034	0.11314	0.82387
0.29662	0.42558	0.26938	0.7475	0.5367	0.43662	0.1005	0.13038	0.2641	0.14848	0.18555	0.20086	0.12657	0.11481	0.83281
0.28831	0.4059	0.26816	0.77377	0.49796	0.44532	0.07243	0.11362	0.19216	0.21177	0.1677	0.21796	0.14449	0.09678	0.8233
0.25393	0.42823	0.27299	0.79213	0.56487	0.39096	0.07605	0.10489	0.21427	0.23078	0.18093	0.18637	0.10559	0.08626	0.84022
0.24819	0.47502	0.2897	0.75495	0.55089	0.46574	0.10804	0.1142	0.23847	0.23825	0.15053	0.1895	0.1229	0.09639	0.80903
0.30573	0.42019	0.28777	0.80814	0.58292	0.51786	0.13747	0.15343	0.23159	0.22919	0.18299	0.2163	0.12891	0.09936	0.84876
0.24229	0.44789	0.30266	0.7525	0.54628	0.41521	0.10478	0.10729	0.18951	0.18174	0.14214	0.19048	0.11113	0.07047	0.83334
0.26053	0.41352	0.31332	0.74785	0.54525	0.39791	0.10683	0.10895	0.21738	0.18984	0.15835	0.17104	0.12698	0.09246	0.8184
0.28198	0.37811	0.25371	0.78487	0.52645	0.39604	0.09451	0.07676	0.25395	0.1748	0.21876	0.17448	0.1286	0.06928	0.80324
0.34447	0.42731	0.24961	0.80301	0.51739	0.39889	0.12882	0.11533	0.20533	0.18071	0.16193	0.18347	0.09699	0.08435	0.81179
0.28238	0.38176	0.25112	0.78114	0.52504	0.37862	0.09474	0.07678	0.24208	0.20254	0.188	0.21156	0.09068	0.09139	0.81902
0.3755	0.40371	0.30728	0.79691	0.53258	0.45693	0.0653	0.09811	0.1519	0.22182	0.17273	0.13124	0.12126	0.10135	0.81703
0.34161	0.45561	0.28257	0.7758	0.55749	0.3945	0.12359	0.10214	0.17977	0.16909	0.20246	0.19677	0.10949	0.08889	0.83788
0.28759	0.44446	0.31965	0.79283	0.53651	0.40373	0.08328	0.08746	0.22405	0.21641	0.16632	0.18653	0.10412	0.09979	0.79889
0.36681	0.35993	0.31626	0.74533	0.54226	0.47102	0.09724	0.11483	0.19053	0.1813	0.19493	0.17575	0.12479	0.10566	0.82351
0.2746	0.44123	0.26367	0.8081	0.55901	0.52205	0.1078	0.11168	0.23925	0.21687	0.21359	0.15765	0.1155	0.1097	0.84973
0.31768	0.43498	0.29305	0.79293	0.61004	0.43126	0.10565	0.14944	0.2495	0.22688	0.17111	0.14922	0.10015	0.09538	0.83553
0.33615	0.42274	0.23426	0.75516	0.49213	0.36092	0.14058	0.07584	0.21882	0.16829	0.1509	0.22301	0.14029	0.10383	0.83423
0.30722	0.44604	0.27473	0.76921	0.59163	0.49323	0.11496	0.10501	0.20296	0.14837	0.15606	0.19456	0.0873	0.05978	0.81747
0.28489	0.44316	0.25752	0.80512	0.56426	0.4225	0.08029	0.13071	0.22174	0.19966	0.10842	0.18786	0.11405	0.10652	0.82915
0.33583	0.38369	0.27487	0.76381	0.54482	0.45541	0.10568	0.1067	0.21938	0.18919	0.20425	0.24111	0.12417	0.11421	0.83877
0.31035	0.39805	0.25612	0.75898	0.53732	0.44565	0.11541	0.1006	0.2016	0.17499	0.16173	0.17398	0.15315	0.10467	0.81827
0.31982	0.3998	0.25742	0.81039	0.56301	0.48661	0.10797	0.11926	0.18827	0.21561	0.15899	0.1784	0.08638	0.14553	0.82563
0.25009	0.46223	0.289	0.76842	0.57294	0.49804	0.11594	0.09939	0.18184	0.17992	0.20159	0.20595	0.10852	0.06377	0.81778
0.27777	0.46687	0.23026	0.73604	0.54171	0.47593	0.09706	0.11798	0.22921	0.16512	0.17233	0.17463	0.08932	0.09193	0.81445
0.20471	0.39712	0.27096	0.77398	0.54618	0.42937	0.09987	0.09228	0.2136	0.18175	0.11166	0.16949	0.11301	0.08678	0.82777
0.26997	0.37239	0.22016	0.72659	0.54282	0.39942	0.09581	0.12256	0.24724	0.19731	0.20503	0.21575	0.14485	0.1304	0.81744
0.31659	0.43014	0.27874	0.79254	0.52139	0.4812	0.09597	0.11494	0.18138	0.1462	0.20593	0.19126	0.13417	0.09392	0.83724
0.28928	0.37281	0.25061	0.74427	0.51276	0.35866	0.09655	0.1366	0.17625	0.18579	0.17169	0.16022	0.09162	0.1077	0.80836
0.35204	0.41662	0.25814	0.77932	0.59205	0.43156	0.10372	0.13945	0.24067	0.21186	0.18968	0.15834	0.08475	0.11972	0.80157
0.29479	0.39059	0.24149	0.7725	0.58772	0.51557	0.08455	0.11626	0.1503	0.16745	0.15774	0.23051	0.06812	0.093	0.81686
0.28388	0.45971	0.28198	0.75702	0.48878	0.45396	0.13396	0.12551	0.21105	0.24929	0.19026	0.17781	0.1323	0.08347	0.83423
0.28086	0.39384	0.24119	0.74791	0.52738	0.39796	0.12201	0.11077	0.19016	0.19382	0.19567	0.21792	0.13201	0.08901	0.81563
0.26676	0.41307	0.28566	0.78004	0.5531	0.39504	0.10981	0.12891	0.19019	0.15427	0.17506	0.19894	0.11284	0.10259	0.82468
0.29462	0.40593	0.30079	0.78077	0.5714	0.42398	0.08506	0.11396	0.16945	0.19952	0.15832	0.21458	0.12648	0.10522	0.82158
0.36391	0.43591	0.26158	0.77178	0.52446	0.44221	0.1248	0.12776	0.20158	0.16685	0.14952	0.1815	0.09492	0.10274	0.82135
0.34648	0.3869	0.24795	0.75836	0.5301	0.40178	0.09733	0.11264	0.16955	0.14618	0.17238	0.14603	0.12919	0.09768	0.8129
0.37293	0.40256	0.28219	0.78396	0.54494	0.45327	0.11096	0.08581	0.19523	0.17754	0.15193	0.14349	0.12783	0.07973	0.81169
0.3053	0.35903	0.26782	0.77598	0.54034	0.44713	0.10415	0.09618	0.20046	0.17081	0.19741	0.15762	0.12882	0.12437	0.80608
0.31523	0.4614	0.29382	0.79517	0.5555	0.41412	0.10079	0.10237	0.19452	0.2035	0.14778	0.19227	0.11577	0.09306	0.82827
0.37938	0.39907	0.30135	0.7697	0.53725	0.46948	0.12241	0.08578	0.24185	0.17727	0.13861	0.19083	0.12519	0.09816	0.81252
0.25718	0.37276	0.28081	0.77788	0.56065	0.4002	0.10093	0.10113	0.17277	0.1742	0.19825	0.1983	0.13265	0.12825	0.83589
0.25257	0.45394	0.25342	0.70157	0.56035	0.4359	0.09986	0.07981	0.22782	0.16134	0.14039	0.15543	0.08159	0.11415	0.84412
0.30453	0.43985	0.26762	0.75457	0.56158	0.49228	0.11654	0.09452	0.14648	0.17966	0.15031	0.15408	0.09803	0.10013	0.84189
0.31127	0.42541	0.28688	0.73964	0.54174	0.41016	0.10648	0.11208	0.18101	0.18035	0.14305	0.18265	0.13954	0.07914	0.82412
0.29333	0.39988	0.25955	0.72719	0.55613	0.38145	0.08347	0.08439	0.22456	0.16093	0.14037	0.20933	0.11869	0.13765	0.834
0.34248	0.42238	0.27749	0.75091	0.60988	0.43528	0.08671	0.09139	0.22052	0.17723	0.241	0.14959	0.12963	0.11698	0.82685
0.31317	0.4264	0.31676	0.80836	0.52062	0.48984	0.09508	0.09119	0.17338	0.18971	0.16217	0.14231	0.0833	0.1003	0.84583
0.28136	0.42966	0.29542	0.7688	0.55689	0.46026	0.11344	0.10922	0.18764	0.18676	0.16098	0.20368	0.11302	0.11735	0.8366
0.31502	0.42392	0.269	0.81359	0.50825	0.45756	0.12538	0.11585	0.18788	0.18343	0.19476	0.20695	0.14718	0.09303	0.84782
0.28665	0.4693	0.28895	0.74252	0.56174	0.43718	0.09348	0.10269	0.18084	0.14517	0.16672	0.1793	0.13019	0.11068	0.80725
0.2741	0.38348	0.27207	0.7783	0.50669	0.49395	0.10437	0.1024	0.20391	0.22127	0.15955	0.19417	0.1339	0.09614	0.81419
0.3334	0.43138	0.27872	0.70999	0.50885	0.47311	0.11189	0.10317	0.18387	0.18178	0.1631	0.18386	0.0938	0.08613	0.80653
0.35726	0.40289	0.23207	0.75795	0.4947	0.49478	0.09611	0.12546	0.21998	0.13658	0.15862	0.203	0.08772	0.09661	0.8402
0.32068	0.46273	0.27492	0.77257	0.54535	0.45433	0.0918	0.12754	0.19874	0.17819	0.19966	0.20328	0.08326	0.12146	0.82638
0.262	0.4215	0.27097	0.7682	0.56507	0.45677	0.10648	0.09482	0.18111	0.18878	0.18605	0.20884	0.15879	0.10529	0.82059
0.28849	0.40613	0.24868	0.81307	0.55775	0.4199	0.11639	0.10637	0.18594	0.17711	0.17174	0.19711	0.11917	0.10678	0.835
0.24922	0.44956	0.307	0.79544	0.53896	0.42841	0.11074	0.12839	0.24917	0.20908	0.16392	0.16017	0.09029	0.08826	0.82616
0.2484	0.38694	0.21895	0.76173	0.53983	0.41945	0.09198	0.10464	0.22447	0.20099	0.18495	0.14425	0.09664	0.09925	0.83316
0.25099	0.41933	0.2515	0.80442	0.57	0.48379	0.10274	0.11619	0.2271	0.17553	0.14541	0.15012	0.13815	0.10462	0.82689
0.25095	0.35349	0.27363	0.72406	0.56348	0.45065	0.09766	0.07196	0.20969	0.13446	0.14726	0.15046	0.1272	0.10297	0.82745
0.26903	0.39793	0.30557	0.79889	0.56958	0.44118	0.10292	0.12573	0.22173	0.15793	0.15274	0.1698	0.11337	0.07985	0.85105
0.27041	0.41509	0.2512	0.7501	0.53895	0.48377	0.1088	0.0759	0.22074	0.16864	0.14244	0.20638	0.0988	0.0959	0.82381
0.30356	0.40685	0.29697	0.77857	0.55583	0.44106	0.0833	0.09035	0.25024	0.15522	0.18833	0.14494	0.11962	0.12494	0.81971
0.32904	0.38622	0.28263	0.81795	0.54902	0.45997	0.12166	0.09269	0.22159	0.2028	0.20776	0.18408	0.10887	0.11933	0.84295
0.33054	0.45688	0.30101	0.77674	0.54388	0.45966	0.10123	0.12993	0.25441	0.19403	0.17341	0.17768	0.1092	0.11504	0.84719
0.31676	0.41249	0.23267	0.80403	0.54293	0.40892	0.07838	0.11756	0.17905	0.17107	0.13727	0.18116	0.10353	0.08917	0.83737
0.29264	0.44494	0.24528	0.79978	0.56005	0.43773	0.05978	0.10436	0.24046	0.16158	0.1714	0.13479	0.12216	0.09905	0.82359
0.2928	0.45769	0.23179	0.78524	0.55119	0.43031	0.09526	0.10621	0.21335	0.18707	0.15745	0.19139	0.10811	0.11391	0.83291
0.29865	0.42067	0.2419	0.77467	0.58178	0.37745	0.15546	0.1624	0.16093	0.15603	0.19929	0.17975	0.08164	0.12876	0.84033
0.29912	0.46774	0.25758	0.77697	0.57492	0.43489	0.0972	0.11648	0.21406	0.18326	0.14317	0.17326	0.14685	0.09959	0.83471
0.34362	0.40869	0.20976	0.7647	0.53001	0.41429	0.0911	0.10982	0.21479	0.18052	0.17418	0.16814	0.12284	0.09785	0.82166
0.33556	0.42869	0.22087	0.75252	0.53696	0.38515	0.11019	0.13227	0.19777	0.19211	0.16698	0.17431	0.11528	0.10051	0.83501
0.32309	0.42462	0.26685	0.7721	0.51262	0.50522	0.12387	0.10839	0.23482	0.19612	0.19428	0.24388	0.13746	0.09081	0.84536
0.26165	0.44386	0.26053	0.7414	0.5023	0.39307	0.12358	0.09882	0.17035	0.21701	0.20678	0.17438	0.13214	0.08999	0.85444
0.25192	0.38615	0.30862	0.78219	0.53759	0.44567	0.10351	0.10751	0.17852	0.16828	0.12613	0.24056	0.12123	0.10435	0.81455
0.28656	0.40814	0.252	0.75162	0.59935	0.42891	0.07709	0.09813	0.16826	0.14885	0.16206	0.1781	0.11905	0.09998	0.83894
0.28416	0.394	0.2007	0.75517	0.58781	0.3738	0.0943	0.1161	0.16635	0.17887	0.20277	0.16348	0.13586	0.09553	0.83486
0.32294	0.42255	0.24909	0.73099	0.59012	0.47853	0.13137	0.10023	0.23504	0.22483	0.17166	0.18826	0.12043	0.08858	0.80462
0.29491	0.42094	0.29737	0.76993	0.58449	0.41696	0.09193	0.09009	0.20593	0.18779	0.19094	0.17112	0.11475	0.09198	0.85107
0.27953	0.40666	0.26164	0.76291	0.55738	0.44669	0.07773	0.14371	0.20147	0.22553	0.16422	0.16708	0.10995	0.10925	0.81768
0.29622	0.44845	0.29805	0.77593	0.53936	0.46958	0.08945	0.12529	0.17924	0.20273	0.1803	0.19772	0.1265	0.11597	0.8231
0.26478	0.42932	0.26562	0.8079	0.57787	0.46937	0.11848	0.10973	0.23063	0.17685	0.19051	0.16123	0.10337	0.10592	0.83372
0.29953	0.43121	0.25756	0.80668	0.57449	0.42407	0.12154	0.12782	0.21631	0.14518	0.18096	0.16129	0.11977	0.10558	0.82822
0.31775	0.42534	0.30043	0.80105	0.544	0.41878	0.08385	0.12102	0.18069	0.22355	0.19618	0.20739	0.13559	0.10069	0.84648
0.28802	0.41664	0.21306	0.80581	0.5451	0.45251	0.12819	0.0996	0.20001	0.18927	0.17218	0.20488	0.15349	0.11039	0.83669
0.25479	0.38383	0.2323	0.73246	0.52254	0.41236	0.11879	0.12351	0.20358	0.22115	0.17741	0.16085	0.09625	0.09717	0.82797
0.3399	0.40946	0.25703	0.7493	0.56998	0.32311	0.1082	0.10272	0.20709	0.15584	0.15477	0.18224	0.09403	0.10484	0.83348
0.28803	0.40173	0.30026	0.77066	0.53655	0.38929	0.12027	0.13906	0.21328	0.17223	0.18047	0.17399	0.12781	0.08794	0.82587
0.26827	0.38045	0.30132	0.79617	0.54894	0.41486	0.10099	0.10137	0.17019	0.18101	0.20156	0.17988	0.11853	0.09938	0.85603
0.30066	0.41007	0.28408	0.78722	0.53371	0.43356	0.09274	0.13756	0.2138	0.21571	0.16295	0.1497	0.10632	0.10843	0.82605
0.32999	0.44838	0.28328	0.74006	0.57092	0.46652	0.10773	0.09868	0.19481	0.22638	0.23255	0.16601	0.15065	0.1352	0.82421
0.28559	0.40388	0.30001	0.76379	0.55036	0.41585	0.09484	0.11204	0.21189	0.17946	0.13207	0.16878	0.13994	0.11714	0.80455
0.32707	0.44201	0.24987	0.75494	0.59506	0.41126	0.10705	0.10045	0.23001	0.19432	0.13243	0.21842	0.10496	0.0975	0.84513
0.29938	0.37633	0.26422	0.76049	0.54809	0.47922	0.08134	0.1014	0.15648	0.18897	0.18055	0.17162	0.09403	0.1145	0.81547
0.34994	0.43964	0.19783	0.66314	0.52981	0.47493	0.10038	0.10816	0.18019	0.14039	0.16807	0.16537	0.12066	0.1119	0.81708
0.36573	0.40503	0.25902	0.70601	0.49289	0.4391	0.1012	0.09549	0.239	0.20443	0.15609	0.22468	0.10846	0.10392	0.83523
0.32293	0.4535	0.27544	0.70939	0.54809	0.38566	0.09009	0.10068	0.18211	0.18324	0.14342	0.21352	0.12528	0.1077	0.83246
0.24864	0.41701	0.20111	0.72648	0.52646	0.45438	0.08079	0.09942	0.19254	0.20369	0.1442	0.20768	0.09501	0.11387	0.80194
0.32543	0.39732	0.25813	0.76656	0.53816	0.45043	0.11152	0.12222	0.17243	0.14881	0.15437	0.23037	0.10325	0.08241	0.81959
0.29215	0.44729	0.26293	0.78701	0.53442	0.44812	0.11617	0.10737	0.18565	0.14763	0.18449	0.16932	0.10558	0.12506	0.84953
0.35378	0.41728	0.3074	0.79636	0.6094	0.52564	0.10126	0.13022	0.23653	0.22676	0.16561	0.19326	0.12584	0.09273	0.85168
0.28863	0.44757	0.24568	0.78067	0.58779	0.44358	0.10129	0.13345	0.24172	0.18179	0.14537	0.19494	0.10545	0.09416	0.8398
0.32769	0.42187	0.29507	0.75551	0.61998	0.42989	0.0948	0.12833	0.1795	0.21157	0.13744	0.18716	0.1063	0.11044	0.81631
0.3161	0.43473	0.28899	0.76516	0.56644	0.43485	0.12546	0.12257	0.1883	0.19464	0.13508	0.18706	0.0992	0.06995	0.82301
0.24417	0.41268	0.21845	0.77991	0.56306	0.47249	0.11058	0.10332	0.23641	0.18866	0.15679	0.13692	0.11588	0.10744	0.83965
0.29241	0.45163	0.25463	0.7397	0.55967	0.49524	0.07783	0.1174	0.24486	0.16637	0.17337	0.21189	0.11986	0.10044	0.82753
0.27985	0.40389	0.28335	0.80902	0.51795	0.43734	0.12101	0.10463	0.2263	0.24013	0.13463	0.20075	0.09797	0.09419	0.83728
0.30891	0.40045	0.25551	0.79079	0.52435	0.44351	0.09574	0.12969	0.18321	0.19108	0.12881	0.222	0.13064	0.08268	0.8038
0.30891	0.42481	0.26725	0.76051	0.54119	0.39315	0.13897	0.10501	0.17981	0.19883	0.13238	0.19637	0.09771	0.07578	0.82068
0.27722	0.41005	0.30564	0.79793	0.58473	0.39792	0.10946	0.10031	0.18434	0.19159	0.16993	0.20682	0.14052	0.07747	0.81604
0.27895	0.40322	0.2885	0.79663	0.56088	0.38851	0.09013	0.13528	0.16555	0.1983	0.21679	0.18409	0.08677	0.09075	0.79782
0.27663	0.41679	0.26489	0.81922	0.547	0.39064	0.11456	0.0981	0.17908	0.14203	0.18377	0.18928	0.10632	0.07099	0.82879
0.31865	0.44374	0.24602	0.77509	0.51859	0.43159	0.06715	0.11489	0.15095	0.15914	0.15694	0.25315	0.0994	0.11256	0.81265
0.32415	0.43807	0.30615	0.78982	0.54561	0.42507	0.10477	0.13119	0.19983	0.15813	0.16643	0.1496	0.10025	0.11251	0.83259
0.30697	0.45061	0.28335	0.82234	0.53401	0.38994	0.10215	0.13005	0.20222	0.16265	0.16539	0.14584	0.10759	0.13016	0.82545
0.33597	0.40129	0.23659	0.73925	0.49729	0.36695	0.09094	0.10321	0.19588	0.19	0.18839	0.15606	0.10887	0.10632	0.82842
0.33042	0.36464	0.2678	0.8079	0.52941	0.44188	0.08733	0.10769	0.17573	0.16637	0.15513	0.16452	0.09472	0.09895	0.815
0.29917	0.42432	0.23353	0.73302	0.5708	0.37393	0.11331	0.08674	0.21915	0.21225	0.18003	0.17806	0.11174	0.0881	0.80312
0.25709	0.4177	0.25124	0.73146	0.47361	0.48745	0.10861	0.12206	0.2404	0.15964	0.18007	0.1948	0.11684	0.10838	0.8185
0.31488	0.42876	0.32947	0.80594	0.52778	0.45315	0.07575	0.1024	0.19272	0.18261	0.17715	0.19334	0.15638	0.11109	0.81732
0.29998	0.39865	0.26151	0.82164	0.56905	0.42139	0.09681	0.10295	0.17282	0.14147	0.14954	0.1818	0.11889	0.09557	0.84683
0.26236	0.43173	0.24165	0.7743	0.53276	0.45286	0.10255	0.08873	0.2282	0.1946	0.16154	0.17443	0.13616	0.09207	0.82763
0.28306	0.37486	0.28752	0.78989	0.57693	0.49892	0.10792	0.09768	0.22139	0.19186	0.20266	0.16928	0.09195	0.09372	0.8384
0.33089	0.43273	0.26503	0.76109	0.52667	0.40721	0.13372	0.10319	0.26076	0.15931	0.16364	0.17198	0.10939	0.11764	0.8328
0.31725	0.37654	0.28969	0.70664	0.53196	0.46887	0.09149	0.10618	0.2179	0.15294	0.21324	0.18453	0.10615	0.12314	0.83284
0.30201	0.39492	0.26275	0.70331	0.53713	0.40062	0.1036	0.10583	0.17921	0.15275	0.15191	0.15794	0.11668	0.10583	0.82639
0.34697	0.43258	0.25176	0.77396	0.56807	0.44782	0.08913	0.12497	0.22691	0.17532	0.18538	0.22423	0.10624	0.10043	0.81219
0.34663	0.3969	0.30311	0.76309	0.60585	0.4593	0.0847	0.09077	0.19178	0.15718	0.18823	0.19456	0.11319	0.09932	0.83006
0.30645	0.35329	0.26023	0.78647	0.55052	0.42908	0.06014	0.14777	0.16624	0.15243	0.14534	0.15616	0.09061	0.09306	0.82706
0.32721	0.42204	0.25141	0.84645	0.57358	0.35384	0.12699	0.0938	0.22234	0.16887	0.17821	0.21139	0.11574	0.09576	0.85054
0.36999	0.40086	0.28376	0.7885	0.48823	0.42795	0.11748	0.12743	0.23246	0.21188	0.15917	0.14381	0.12114	0.09374	0.83924
0.36667	0.4634	0.26643	0.77077	0.53329	0.44702	0.10765	0.10169	0.19459	0.17633	0.12916	0.17124	0.10125	0.10806	0.81269
0.36506	0.41148	0.25999	0.72249	0.53482	0.41976	0.09199	0.11267	0.18986	0.18432	0.21548	0.2312	0.17191	0.07084	0.8205
0.27784	0.41251	0.26173	0.74315	0.53589	0.41335	0.12061	0.1182	0.2128	0.17606	0.13992	0.18264	0.09809	0.08742	0.81604
0.32661	0.44141	0.27166	0.70417	0.55387	0.38417	0.11501	0.11212	0.22885	0.18203	0.16312	0.17835	0.10408	0.10328	0.84038
0.32688	0.43304	0.27059	0.77606	0.56129	0.42087	0.0695	0.08219	0.24026	0.21237	0.14422	0.20065	0.09993	0.08455	0.82249
0.31249	0.45981	0.28586	0.79062	0.53296	0.4125	0.11731	0.07993	0.21128	0.16291	0.21745	0.16873	0.08896	0.11697	0.88198
0.28876	0.37445	0.23859	0.76914	0.59045	0.44206	0.10795	0.1309	0.14886	0.17492	0.23165	0.16353	0.14136	0.10023	0.82305
0.3047	0.42971	0.25421	0.77865	0.55777	0.45509	0.11824	0.1193	0.21713	0.15751	0.21033	0.16475	0.13315	0.10502	0.81485
0.26712	0.41059	0.25683	0.75563	0.5452	0.4767	0.11216	0.10351	0.18386	0.15878	0.16768	0.17656	0.11194	0.11272	0.80519
0.28726	0.41202	0.23402	0.78099	0.53113	0.45087	0.09883	0.11258	0.19776	0.17314	0.16865	0.15682	0.1186	0.10665	0.84447
0.29516	0.46233	0.2449	0.74272	0.57402	0.45438	0.11165	0.09267	0.1877	0.21511	0.16544	0.21659	0.09428	0.10418	0.81325
0.29726	0.43872	0.2512	0.75986	0.5622	0.49919	0.08633	0.0842	0.22975	0.24664	0.18977	0.13793	0.09816	0.09271	0.82556
0.28171	0.4102	0.25161	0.72719	0.57037	0.44312	0.08062	0.10967	0.2039	0.13875	0.19028	0.16423	0.09014	0.08193	0.86125
0.2942	0.39019	0.21241	0.7454	0.51643	0.47293	0.05974	0.13037	0.18709	0.21905	0.18537	0.16407	0.11561	0.11001	0.82516
0.2716	0.41469	0.25608	0.77881	0.56647	0.49532	0.09657	0.0664	0.17083	0.1623	0.12867	0.13951	0.11099	0.08504	0.83236
0.33068	0.39259	0.25099	0.78264	0.56635	0.48305	0.08216	0.12281	0.22016	0.16617	0.17194	0.21119	0.10888	0.10538	0.84319
0.29873	0.38708	0.24798	0.75849	0.53643	0.48354	0.06766	0.09101	0.1668	0.18654	0.15331	0.20861	0.12213	0.10935	0.84663
0.32206	0.40517	0.23948	0.7482	0.53894	0.40352	0.08556	0.11034	0.20295	0.20433	0.15427	0.19317	0.1439	0.10119	0.86396
0.29954	0.43104	0.20528	0.79809	0.51386	0.41885	0.09677	0.11538	0.26065	0.24441	0.1545	0.14677	0.11979	0.08709	0.83826
0.23283	0.45989	0.24013	0.79228	0.53483	0.52144	0.09956	0.09416	0.19655	0.15686	0.22072	0.16395	0.10997	0.11986	0.82361
0.30967	0.39179	0.25829	0.76847	0.5228	0.48376	0.12018	0.11631	0.22965	0.1473	0.16119	0.17945	0.13268	0.10651	0.83121
0.3337	0.45052	0.29703	0.78747	0.58324	0.47244	0.09818	0.1098	0.1964	0.1829	0.19657	0.16555	0.14043	0.10252	0.82953
0.34143	0.43441	0.28042	0.77232	0.5259	0.41154	0.086	0.0839	0.22653	0.14423	0.14607	0.16876	0.13797	0.11431	0.80928
0.34077	0.40868	0.28524	0.79983	0.53493	0.45142	0.09133	0.09839	0.16599	0.17527	0.17676	0.20191	0.08755	0.08822	0.8391
0.31582	0.43022	0.25328	0.80962	0.53764	0.45385	0.08478	0.10961	0.2001	0.1682	0.15293	0.18796	0.10132	0.10435	0.86022
0.26201	0.37341	0.28736	0.78256	0.48978	0.4754	0.11207	0.11454	0.21244	0.16385	0.21619	0.20599	0.09321	0.11329	0.82318
0.31099	0.39882	0.24807	0.77731	0.59341	0.47458	0.08496	0.10945	0.20598	0.19596	0.15593	0.1635	0.08111	0.11039	0.82811
0.28291	0.40108	0.21352	0.7908	0.55436	0.48436	0.09633	0.09702	0.20423	0.15332	0.20848	0.17904	0.11511	0.10272	0.84574
0.2994	0.43815	0.29124	0.79563	0.54118	0.44585	0.09146	0.0807	0.26278	0.20864	0.15682	0.18997	0.12731	0.08645	0.84179
0.32328	0.43633	0.26798	0.80811	0.52354	0.46138	0.1021	0.10505	0.18428	0.16834	0.17435	0.21369	0.0811	0.08802	0.83701
0.29104	0.40186	0.1859	0.77758	0.51948	0.38958	0.0997	0.07939	0.18266	0.16085	0.15554	0.15904	0.09706	0.09022	0.80578
0.25328	0.40825	0.30242	0.7693	0.56069	0.42514	0.08809	0.11189	0.1721	0.16522	0.16449	0.21033	0.09384	0.09266	0.84602
0.3107	0.40088	0.25244	0.78306	0.59969	0.37194	0.08214	0.10521	0.19638	0.17375	0.16303	0.19498	0.10939	0.11454	0.81635
0.29981	0.39071	0.22666	0.73493	0.51594	0.38622	0.09036	0.12978	0.19937	0.19103	0.20403	0.15279	0.1397	0.10101	0.83391
0.2981	0.40739	0.28327	0.74677	0.5329	0.43239	0.09142	0.12258	0.21334	0.14129	0.18229	0.18264	0.10257	0.109	0.8288
0.29981	0.40904	0.2817	0.78323	0.53845	0.43818	0.10501	0.08761	0.18195	0.13499	0.17451	0.16435	0.1229	0.07986	0.84346
0.30234	0.42422	0.2609	0.7317	0.54355	0.412	0.10429	0.1156	0.27462	0.16953	0.18729	0.16644	0.13811	0.09376	0.82476
0.34781	0.42821	0.27977	0.75151	0.5667	0.45557	0.06265	0.1222	0.18574	0.1516	0.18082	0.15341	0.11186	0.13418	0.80468
0.31761	0.41101	0.27391	0.76128	0.52191	0.37991	0.10802	0.14114	0.16904	0.16052	0.14335	0.18028	0.13061	0.10347	0.84183
0.30194	0.40364	0.31192	0.74428	0.52888	0.41431	0.07266	0.1173	0.21281	0.16604	0.13699	0.18143	0.11818	0.10681	0.83805
0.25942	0.44849	0.25441	0.75302	0.52957	0.4441	0.10302	0.10632	0.2115	0.15385	0.22275	0.2129	0.11111	0.13959	0.85202
0.2699	0.38562	0.31759	0.77665	0.52951	0.45801	0.09267	0.12738	0.22387	0.16802	0.18616	0.15595	0.09844	0.09639	0.85094
0.31143	0.4473	0.27102	0.77063	0.52756	0.44027	0.10405	0.11765	0.2265	0.18905	0.13712	0.18619	0.10081	0.10586	0.84444
0.26573	0.45145	0.26504	0.73448	0.52981	0.49748	0.07116	0.10694	0.21346	0.14362	0.16962	0.20684	0.09703	0.1256	0.84036
0.28064	0.43708	0.24999	0.75317	0.50199	0.40216	0.1016	0.08078	0.22793	0.15848	0.17134	0.18474	0.10368	0.08344	0.84787
0.31323	0.34874	0.28839	0.74121	0.51648	0.46595	0.12099	0.11842	0.18396	0.19642	0.16759	0.19622	0.08404	0.10859	0.83852
0.2507	0.41514	0.22946	0.7965	0.56003	0.46424	0.1276	0.13566	0.16465	0.16936	0.15611	0.18437	0.14543	0.10497	0.83207
0.26292	0.46426	0.27822	0.76553	0.55097	0.39668	0.0991	0.10464	0.14613	0.16978	0.19299	0.16516	0.0862	0.10737	0.82298
0.23795	0.44033	0.25558	0.7172	0.50712	0.40772	0.11451	0.09832	0.20085	0.17247	0.19811	0.19337	0.13379	0.09402	0.8308
0.24437	0.41594	0.26938	0.7852	0.52747	0.40085	0.12425	0.11429	0.21941	0.17873	0.15683	0.156	0.09421	0.07526	0.82643
0.27578	0.38067	0.25204	0.78489	0.48218	0.46726	0.11997	0.09389	0.22521	0.15222	0.19242	0.1904	0.10112	0.09117	0.84423
0.30396	0.36283	0.27401	0.7948	0.53614	0.43838	0.09255	0.08798	0.17725	0.16682	0.13795	0.16226	0.14029	0.06712	0.80836
0.32205	0.44342	0.27063	0.78358	0.57302	0.36088	0.08301	0.09314	0.17785	0.18071	0.11304	0.15715	0.11702	0.11086	0.81066
0.26477	0.37531	0.22515	0.75961	0.58163	0.40246	0.10832	0.11463	0.18033	0.2418	0.20003	0.12124	0.12083	0.08815	0.78999
0.32606	0.43723	0.22319	0.76046	0.55366	0.44711	0.11388	0.08226	0.15857	0.11754	0.17012	0.16672	0.11574	0.09211	0.79252
0.28649	0.3752	0.2715	0.74636	0.60454	0.42748	0.1156	0.09544	0.17019	0.1586	0.19012	0.17258	0.11179	0.11502	0.84415
0.25283	0.40348	0.23778	0.73366	0.56566	0.46935	0.10043	0.10057	0.17366	0.20212	0.15362	0.2134	0.11813	0.10368	0.83782
0.22754	0.37592	0.29301	0.75909	0.59135	0.43208	0.12097	0.11025	0.19648	0.18229	0.16578	0.14707	0.16181	0.10151	0.82891
0.23556	0.43258	0.24109	0.73674	0.54186	0.43264	0.08326	0.10542	0.21431	0.15745	0.1706	0.13827	0.12705	0.10308	0.85539
0.28701	0.42118	0.29062	0.79701	0.55857	0.46257	0.0941	0.07716	0.17699	0.18776	0.17825	0.20008	0.09917	0.10429	0.83461
0.29306	0.42088	0.2656	0.82252	0.54904	0.42119	0.09868	0.0976	0.20478	0.16573	0.14669	0.18516	0.12729	0.0984	0.81896
0.27087	0.42405	0.24316	0.79741	0.51181	0.40631	0.08896	0.09301	0.1894	0.21626	0.17778	0.20988	0.11176	0.07478	0.83202
0.26423	0.40768	0.27605	0.71863	0.56833	0.49953	0.08907	0.09522	0.1905	0.15638	0.15853	0.18646	0.14684	0.10559	0.81964
0.26518	0.35338	0.30298	0.77159	0.52596	0.48399	0.09353	0.09241	0.18374	0.21347	0.16141	0.17778	0.13437	0.10594	0.81743
0.30011	0.38874	0.23927	0.7791	0.54789	0.4132	0.09833	0.08985	0.19609	0.18332	0.15557	0.15006	0.09539	0.10348	0.79829
0.3025	0.45457	0.23703	0.75786	0.52678	0.40848	0.07563	0.1382	0.20025	0.18528	0.18039	0.20656	0.10579	0.09038	0.82072
0.36909	0.44705	0.28099	0.76293	0.57173	0.38248	0.08613	0.09651	0.25795	0.16517	0.15855	0.19861	0.11251	0.11704	0.82238
0.34865	0.44126	0.30061	0.76447	0.53989	0.40704	0.09516	0.10717	0.16942	0.17093	0.16617	0.16091	0.11877	0.07955	0.81949
0.28361	0.45139	0.23535	0.76504	0.59666	0.37015	0.08063	0.09527	0.21603	0.18261	0.19581	0.14814	0.113	0.11358	0.82884
0.34892	0.39355	0.28023	0.77971	0.55215	0.44192	0.12479	0.12527	0.14872	0.15235	0.19928	0.20208	0.08641	0.11732	0.83339
0.28454	0.44896	0.24438	0.75295	0.53095	0.41217	0.09674	0.06839	0.20196	0.15842	0.1484	0.1866	0.15521	0.08193	0.80575
0.31526	0.39452	0.25497	0.77129	0.51528	0.44931	0.09021	0.11163	0.18405	0.19309	0.18535	0.15341	0.11341	0.09466	0.79211
0.28101	0.4114	0.26621	0.76279	0.55661	0.41141	0.10115	0.1251	0.18682	0.1385	0.19765	0.1706	0.09231	0.10176	0.83102
0.22371	0.39685	0.26241	0.78195	0.52256	0.43531	0.09903	0.1212	0.20491	0.17505	0.20055	0.17232	0.10141	0.11421	0.83283
0.33167	0.38871	0.21201	0.76389	0.5636	0.41423	0.08185	0.07393	0.17976	0.12992	0.15256	0.14732	0.0932	0.0922	0.82359
0.26682	0.38016	0.24226	0.76191	0.51503	0.50083	0.08754	0.095	0.16819	0.15807	0.16781	0.22443	0.11694	0.11756	0.80837
