mass_ratio	chirp_mass	luminosity_distance	dec	ra	theta_jn	psi	phase	a_1	a_2	tilt_1	tilt_2	phi_12	phi_jl	geocent_time
0.5196	0.63313	0.42501	0.8598	0.71763	0.58847	0.34044	0.31738	0.34476	0.34451	0.49976	0.46068	0.32925	0.35975	0.92921
0.47016	0.60994	0.43186	0.84272	0.70666	0.55064	0.30378	0.29028	0.34544	0.34016	0.5016	0.37583	0.29168	0.32361	0.94672
0.4548	0.55699	0.40939	0.84604	0.7174	0.56095	0.29679	0.26227	0.33985	0.31856	0.4854	0.36089	0.27822	0.31555	1.0003
0.43125	0.57189	0.39047	0.81569	0.70586	0.57985	0.27252	0.24441	0.33629	0.35764	0.49088	0.36134	0.26412	0.30693	0.925
0.43173	0.56665	0.37319	0.83387	0.70571	0.59546	0.25551	0.24862	0.3183	0.30048	0.48051	0.3485	0.29367	0.27487	0.90493
0.43583	0.57121	0.39393	0.82345	0.7093	0.58252	0.26428	0.23622	0.31157	0.32425	0.49729	0.3363	0.24616	0.27803	0.91197
0.41313	0.56829	0.36254	0.7898	0.70791	0.57992	0.26851	0.22556	0.31441	0.29766	0.50723	0.33249	0.22864	0.28515	0.96061
0.41922	0.54527	0.38135	0.79439	0.70753	0.54121	0.27145	0.22855	0.31564	0.28992	0.48109	0.34275	0.23439	0.28194	0.93475
0.4147	0.55914	0.36679	0.83363	0.72047	0.50273	0.23643	0.21432	0.29241	0.2988	0.49507	0.34799	0.25524	0.25748	0.91306
0.41154	0.55576	0.34333	0.84883	0.71046	0.5045	0.23025	0.22402	0.26969	0.27932	0.4765	0.31575	0.23916	0.27321	0.91341
0.40664	0.54437	0.33851	0.85454	0.70704	0.54401	0.23782	0.20907	0.29492	0.28868	0.49365	0.28997	0.24423	0.24595	0.87994
0.41937	0.54503	0.36735	0.8357	0.70848	0.55294	0.22715	0.21105	0.29604	0.29003	0.49935	0.29468	0.25439	0.26498	1.11174
0.42673	0.57803	0.36379	0.82411	0.71285	0.55529	0.2341	0.21892	0.28214	0.28514	0.49214	0.27759	0.21747	0.22434	0.95029
0.42031	0.56029	0.36423	0.82505	0.69482	0.54945	0.26168	0.22122	0.31508	0.29305	0.48705	0.30045	0.23237	0.25417	0.87554
0.40388	0.54397	0.35224	0.80009	0.72104	0.54736	0.21927	0.19869	0.32343	0.30694	0.50982	0.28802	0.24644	0.25186	0.92766
0.38146	0.5458	0.37696	0.82166	0.71574	0.53248	0.23401	0.23057	0.2857	0.27318	0.49047	0.29561	0.25357	0.25893	0.87827
0.39975	0.52456	0.37232	0.836	0.70374	0.54554	0.23929	0.21358	0.28792	0.30641	0.48376	0.3071	0.23605	0.26577	0.92488
0.38812	0.51457	0.3404	0.84717	0.70025	0.50807	0.23862	0.20435	0.27112	0.29387	0.49497	0.31195	0.22779	0.27302	0.92119
0.42517	0.54106	0.34735	0.88442	0.70731	0.50729	0.25087	0.20362	0.30002	0.30161	0.5129	0.30603	0.26402	0.26667	0.92318
0.46753	0.53017	0.34023	0.79772	0.71318	0.55604	0.25743	0.22713	0.28795	0.2797	0.50456	0.28954	0.22659	0.25819	0.88353
0.40081	0.53435	0.36537	0.83743	0.70529	0.58201	0.23752	0.21621	0.28698	0.28414	0.52503	0.29697	0.22068	0.27703	0.91927
0.41006	0.5272	0.37033	0.81292	0.70711	0.55057	0.23602	0.21234	0.28824	0.2954	0.48617	0.29012	0.22997	0.25961	0.88509
0.39218	0.52495	0.36386	0.85061	0.70212	0.49859	0.24145	0.20642	0.28757	0.29384	0.5157	0.2857	0.23721	0.26082	0.91932
0.43496	0.53871	0.34872	0.86414	0.72654	0.51653	0.23512	0.20691	0.30722	0.28533	0.50513	0.26255	0.25586	0.2241	0.91094
0.44414	0.52326	0.35795	0.82002	0.70003	0.54474	0.23954	0.19132	0.30042	0.2556	0.48775	0.26325	0.24391	0.24367	0.91395
0.41339	0.5251	0.38055	0.80957	0.70532	0.49541	0.24809	0.18909	0.31993	0.28831	0.49684	0.28839	0.2395	0.26185	0.93563
0.42212	0.53686	0.37702	0.86139	0.7117	0.51805	0.24359	0.20036	0.29597	0.26168	0.49989	0.30984	0.22497	0.24283	0.87988
0.38283	0.54343	0.36646	0.84067	0.70907	0.55287	0.24157	0.20985	0.30718	0.26686	0.50747	0.29274	0.23346	0.23892	0.9309
0.39114	0.51729	0.35943	0.86647	0.72799	0.50622	0.2201	0.18733	0.29052	0.28424	0.49701	0.27928	0.23305	0.26451	0.92633
0.40674	0.53175	0.36874	0.83082	0.71122	0.50435	0.23419	0.22553	0.29539	0.25676	0.49232	0.28222	0.21138	0.24782	0.94633
0.40075	0.51743	0.36324	0.86904	0.70927	0.55232	0.20828	0.2008	0.29876	0.26193	0.49724	0.25684	0.22978	0.26131	0.92926
0.4152	0.54778	0.34546	0.83508	0.72411	0.53543	0.23422	0.19817	0.29004	0.25418	0.50303	0.29292	0.19845	0.23913	0.92497
0.38629	0.53711	0.34366	0.8309	0.71026	0.52655	0.22972	0.19927	0.26913	0.25821	0.45882	0.24736	0.23117	0.23648	0.8773
0.40472	0.55001	0.35079	0.83157	0.71728	0.51754	0.24262	0.19072	0.27522	0.29374	0.46655	0.31386	0.22558	0.23728	0.96578
0.41016	0.55311	0.36849	0.80757	0.69933	0.50141	0.22855	0.20003	0.29669	0.25664	0.48751	0.2583	0.23802	0.23017	0.94128
0.4069	0.54512	0.35714	0.816	0.71735	0.50405	0.21697	0.21222	0.28051	0.24915	0.51247	0.2807	0.24874	0.25226	0.92979
0.40689	0.52659	0.34436	0.84105	0.71086	0.48192	0.23566	0.19385	0.29436	0.27206	0.49031	0.2661	0.23863	0.2486	0.96999
0.42235	0.53659	0.36238	0.84962	0.70589	0.53523	0.22731	0.20255	0.28759	0.24881	0.48024	0.28357	0.22847	0.23254	0.91794
0.40195	0.52582	0.3625	0.83347	0.70411	0.53662	0.25435	0.19596	0.2752	0.28195	0.52538	0.32103	0.2136	0.23995	0.88699
0.42253	0.5412	0.35876	0.80658	0.72283	0.54273	0.24223	0.20735	0.28374	0.27189	0.50805	0.26539	0.22264	0.26377	0.9199
0.40088	0.52923	0.38198	0.83653	0.7105	0.53165	0.21434	0.19959	0.27329	0.26276	0.48493	0.27956	0.23739	0.25796	0.92261
0.38764	0.52173	0.36119	0.85572	0.70258	0.5044	0.23524	0.20078	0.26859	0.26875	0.47455	0.26425	0.21915	0.24038	0.91847
0.38809	0.53272	0.36472	0.83224	0.71936	0.50894	0.22066	0.19862	0.26096	0.26456	0.47715	0.24975	0.21658	0.25767	0.96238
0.37783	0.54084	0.38034	0.84429	0.70238	0.49881	0.22614	0.20118	0.29139	0.26126	0.49469	0.25792	0.23815	0.23743	0.92904
0.39079	0.52464	0.36447	0.80791	0.71641	0.50024	0.22224	0.2124	0.25672	0.27073	0.49375	0.24104	0.21138	0.22436	0.92254
0.38888	0.53458	0.33778	0.81369	0.68309	0.45597	0.22993	0.21262	0.26417	0.2645	0.51669	0.25978	0.21018	0.22841	0.89645
0.41364	0.54675	0.3366	0.85002	0.72182	0.52394	0.22866	0.20223	0.2976	0.27395	0.48945	0.25025	0.22243	0.24143	0.91303
0.43379	0.5034	0.34707	0.85643	0.7065	0.5097	0.21855	0.20171	0.31411	0.2776	0.48662	0.25801	0.19867	0.23574	0.9489
0.38538	0.54519	0.35154	0.82361	0.71856	0.51793	0.24011	0.2111	0.31138	0.23481	0.49812	0.25173	0.21669	0.25206	0.97142
0.39995	0.55649	0.34318	0.82163	0.70512	0.50288	0.22284	0.19225	0.29819	0.27119	0.51631	0.27238	0.22285	0.25428	0.93124
0.41159	0.56335	0.36922	0.8499	0.69475	0.4707	0.23347	0.17974	0.29483	0.26866	0.49722	0.26353	0.23499	0.23977	0.91382
0.39245	0.52969	0.35609	0.83533	0.71091	0.48147	0.24027	0.19019	0.27044	0.27813	0.48292	0.27028	0.24437	0.23475	0.92512
0.41332	0.53685	0.36445	0.82526	0.70682	0.50034	0.23113	0.21861	0.30936	0.2871	0.47562	0.26211	0.21651	0.23204	0.89946
0.4106	0.52949	0.34909	0.81595	0.70228	0.47599	0.22046	0.19776	0.31952	0.29153	0.49244	0.26586	0.26702	0.22794	0.93404
0.41171	0.53386	0.37183	0.85451	0.70468	0.45915	0.20018	0.2029	0.30411	0.27989	0.49254	0.25293	0.22369	0.23636	0.92694
0.39283	0.52129	0.34881	0.83486	0.72289	0.45332	0.24238	0.17147	0.2789	0.26937	0.49743	0.26713	0.23708	0.21046	0.87599
0.40551	0.53311	0.38191	0.85384	0.71273	0.48777	0.25853	0.20092	0.292	0.25127	0.49856	0.25746	0.22394	0.23132	0.927
0.39589	0.55175	0.38297	0.85447	0.6979	0.46651	0.23422	0.20246	0.30614	0.27997	0.48658	0.23751	0.23135	0.21961	0.94171
0.41864	0.53829	0.32914	0.79983	0.69795	0.51317	0.22225	0.20548	0.2765	0.28733	0.49422	0.23495	0.21487	0.22236	0.91511
0.39714	0.50679	0.33054	0.85293	0.70147	0.44729	0.21128	0.20331	0.26896	0.29499	0.49201	0.25787	0.20434	0.2289	0.93647
0.40219	0.51952	0.37314	0.81326	0.71588	0.45479	0.19478	0.18345	0.29011	0.28328	0.47841	0.26863	0.23479	0.22857	0.91714
0.40923	0.51687	0.38327	0.79034	0.70175	0.47015	0.20059	0.18974	0.27914	0.28908	0.49554	0.25497	0.21945	0.2432	0.9141
0.40839	0.52914	0.36431	0.83719	0.7108	0.44729	0.21416	0.19336	0.29091	0.25893	0.50952	0.26187	0.20836	0.25052	0.93697
0.40033	0.53552	0.39559	0.83966	0.71795	0.4952	0.22303	0.18433	0.30349	0.24318	0.50523	0.276	0.19793	0.21936	0.92558
0.38018	0.56483	0.38505	0.83044	0.70957	0.44167	0.23538	0.20722	0.27714	0.27109	0.4951	0.25065	0.24456	0.23911	0.92515
0.41787	0.5217	0.38722	0.83901	0.71243	0.46879	0.20094	0.20091	0.29009	0.24802	0.49339	0.23496	0.23559	0.2242	0.917
0.41267	0.52692	0.38538	0.81157	0.70591	0.47506	0.22837	0.1945	0.30416	0.25148	0.49679	0.25251	0.247	0.24371	0.90192
0.38707	0.55092	0.3633	0.82725	0.70328	0.50739	0.24275	0.19276	0.31895	0.2872	0.47347	0.26121	0.22499	0.21518	1.03616
0.37726	0.5568	0.34954	0.8467	0.70484	0.46386	0.2316	0.20056	0.2815	0.24914	0.46433	0.24993	0.22362	0.22467	0.90652
0.36556	0.52463	0.37138	0.84931	0.70121	0.45011	0.23692	0.20586	0.30881	0.24978	0.4877	0.24695	0.20785	0.23367	0.91358
0.37569	0.51194	0.37395	0.86398	0.69546	0.52762	0.22116	0.18873	0.34404	0.24515	0.47591	0.2631	0.20032	0.23233	0.92919
0.3677	0.52819	0.36819	0.84329	0.6965	0.46397	0.23404	0.20335	0.30295	0.28812	0.49499	0.23303	0.22028	0.22289	0.92796
0.41171	0.49229	0.34872	0.85288	0.68451	0.46487	0.22152	0.20207	0.29315	0.28858	0.49516	0.26395	0.21522	0.22086	0.87857
0.40239	0.49651	0.38403	0.83395	0.69703	0.51523	0.2291	0.18175	0.30529	0.26846	0.50846	0.23819	0.22718	0.24673	0.92366
0.37923	0.52844	0.38204	0.84555	0.70952	0.50165	0.22721	0.17912	0.28242	0.24023	0.51065	0.2451	0.21291	0.23018	0.90985
0.38874	0.53578	0.37206	0.82175	0.71351	0.47307	0.23152	0.21413	0.30618	0.28658	0.49874	0.22166	0.21115	0.2243	0.91974
0.41307	0.506	0.35907	0.84126	0.69892	0.49864	0.22122	0.17769	0.28686	0.26272	0.47904	0.24617	0.22007	0.21833	0.88647
0.39842	0.50014	0.36153	0.8267	0.7123	0.48376	0.22867	0.20795	0.34532	0.26516	0.4851	0.2466	0.2304	0.21652	0.89243
0.36749	0.52889	0.37175	0.78981	0.70205	0.45553	0.21331	0.19311	0.3271	0.27232	0.50047	0.24453	0.1872	0.21892	0.94216
0.37351	0.51087	0.373	0.81285	0.71925	0.46933	0.22222	0.20022	0.31891	0.29727	0.47232	0.25412	0.22026	0.21443	0.9124
0.43517	0.52005	0.38319	0.83722	0.71317	0.48668	0.22775	0.20129	0.30174	0.2741	0.48797	0.26728	0.23192	0.21912	0.91656
0.43899	0.5416	0.35716	0.84904	0.69414	0.55288	0.23347	0.19593	0.28663	0.24642	0.48698	0.25978	0.2182	0.22444	0.91423
0.39051	0.52133	0.37138	0.82855	0.69179	0.5188	0.22064	0.1957	0.28246	0.27141	0.46425	0.23692	0.22527	0.21201	0.87063
0.39968	0.5506	0.33224	0.83997	0.70414	0.48312	0.21758	0.19122	0.27245	0.27408	0.50213	0.23161	0.22567	0.20512	0.92739
0.41021	0.53998	0.33322	0.83414	0.69579	0.47514	0.21352	0.19909	0.31679	0.27557	0.47801	0.24265	0.2414	0.20942	0.91797
0.40599	0.50443	0.34883	0.82761	0.71094	0.53132	0.22351	0.18361	0.29502	0.28944	0.46733	0.26994	0.21279	0.19343	0.93902
0.39584	0.4989	0.34503	0.82257	0.70771	0.52867	0.21897	0.21291	0.2905	0.25122	0.49497	0.26576	0.21902	0.22289	0.89194
0.40115	0.51155	0.37239	0.82904	0.69362	0.52507	0.22567	0.19386	0.25694	0.286	0.48187	0.26206	0.20935	0.22856	0.94213
0.41277	0.49276	0.36907	0.83617	0.70543	0.52676	0.24001	0.18622	0.26881	0.26102	0.48075	0.26318	0.22647	0.22232	0.92874
0.41257	0.50658	0.345	0.81442	0.72179	0.49544	0.21176	0.18193	0.2985	0.25755	0.49468	0.23665	0.20354	0.22791	0.93245
0.39886	0.52603	0.35743	0.86782	0.71619	0.52806	0.22164	0.18189	0.28373	0.28835	0.51057	0.24141	0.21034	0.22057	0.93402
0.39547	0.51761	0.37239	0.83961	0.72626	0.5243	0.22533	0.19204	0.29284	0.27283	0.49321	0.24599	0.21932	0.22683	0.94941
0.39822	0.52172	0.36132	0.84548	0.69426	0.50359	0.2164	0.20303	0.27947	0.26521	0.49808	0.24952	0.2193	0.21758	0.91376
0.383	0.53376	0.38278	0.80301	0.70104	0.51749	0.22457	0.17843	0.3033	0.26744	0.49357	0.26282	0.21074	0.21954	0.94004
0.37552	0.51459	0.3498	0.79283	0.69178	0.50467	0.21572	0.21066	0.2583	0.24229	0.49416	0.27507	0.22187	0.23897	0.91612
0.3725	0.49945	0.36909	0.838	0.7037	0.51195	0.20507	0.18893	0.26578	0.26922	0.47133	0.2564	0.23351	0.21643	0.88183
0.38978	0.51037	0.36293	0.8359	0.69916	0.51536	0.23049	0.18444	0.2626	0.28235	0.47268	0.26587	0.22065	0.21484	0.95838
0.39006	0.51287	0.3759	0.83613	0.68438	0.47909	0.20853	0.20212	0.29883	0.2779	0.48974	0.24901	0.22769	0.1911	0.92203
0.38767	0.50979	0.38059	0.81349	0.71823	0.45518	0.19904	0.19468	0.26393	0.25874	0.46912	0.24694	0.2485	0.22136	0.9018
0.37327	0.51325	0.39155	0.83865	0.68444	0.47165	0.21404	0.18509	0.24736	0.28009	0.51034	0.23708	0.23471	0.23161	0.90917
0.39066	0.52782	0.36921	0.85085	0.69995	0.46216	0.21048	0.18786	0.26657	0.28748	0.47965	0.24785	0.2093	0.2144	0.94086
0.3828	0.51554	0.35184	0.85113	0.69549	0.52219	0.20294	0.18876	0.303	0.26581	0.50071	0.24273	0.2276	0.23218	0.8873
0.38712	0.50533	0.37413	0.83611	0.69039	0.46014	0.20306	0.19577	0.29342	0.2395	0.47533	0.25001	0.21682	0.1969	0.92078
0.41676	0.50234	0.36246	0.80205	0.71277	0.46154	0.21608	0.19305	0.29143	0.2685	0.49637	0.27359	0.19758	0.222	0.87623
0.35453	0.49601	0.37023	0.80851	0.70898	0.52265	0.20692	0.20418	0.27552	0.2673	0.47866	0.2465	0.22105	0.22048	0.91845
0.38179	0.51517	0.34145	0.8176	0.68083	0.4954	0.22844	0.1996	0.27653	0.2921	0.47707	0.27592	0.21716	0.24602	0.86896
0.36918	0.54289	0.38635	0.82412	0.68163	0.46049	0.20758	0.18452	0.27677	0.25915	0.48764	0.25663	0.20844	0.21539	0.91988
0.4024	0.48714	0.35109	0.83037	0.69571	0.44782	0.23068	0.18543	0.26279	0.28219	0.49592	0.2529	0.21309	0.20795	0.91478
0.3763	0.49966	0.36714	0.81093	0.70303	0.53144	0.19553	0.18717	0.2775	0.25544	0.51442	0.23358	0.2168	0.20781	0.91045
0.39303	0.53614	0.38907	0.83327	0.70083	0.51552	0.23665	0.18785	0.30079	0.26927	0.48621	0.22221	0.21963	0.21217	0.91101
0.38621	0.51157	0.36174	0.85006	0.70474	0.47735	0.21997	0.2034	0.24442	0.26438	0.50568	0.24508	0.21818	0.23183	0.87791
0.36358	0.53303	0.39907	0.80316	0.72657	0.46578	0.19916	0.1976	0.3129	0.27653	0.48117	0.26079	0.2176	0.18791	1.00944
0.38598	0.51958	0.38714	0.864	0.69732	0.45409	0.21553	0.1873	0.29641	0.25895	0.48373	0.25943	0.24095	0.21294	0.94529
0.40481	0.52886	0.38654	0.84792	0.69828	0.48894	0.22588	0.20065	0.28348	0.26586	0.48145	0.24852	0.22283	0.21771	0.9169
0.37323	0.50328	0.40481	0.83227	0.69073	0.5058	0.20221	0.19788	0.26782	0.24631	0.49015	0.24105	0.20134	0.22326	0.92145
0.40676	0.5101	0.37736	0.82748	0.68999	0.47372	0.21779	0.17784	0.27311	0.2503	0.49986	0.25067	0.22861	0.21529	0.91773
0.41401	0.50142	0.36529	0.83084	0.69093	0.42766	0.19512	0.18562	0.28223	0.27099	0.46649	0.23942	0.2449	0.18854	0.91136
0.37881	0.48841	0.39015	0.8449	0.69145	0.50939	0.23178	0.18437	0.296	0.28591	0.47006	0.24844	0.2266	0.2381	0.9183
0.35763	0.53699	0.37701	0.81782	0.68888	0.49128	0.21828	0.1831	0.30023	0.28114	0.49967	0.23974	0.22039	0.24342	0.87962
0.37489	0.52181	0.37456	0.8268	0.7106	0.43711	0.2001	0.17529	0.2663	0.28012	0.49444	0.23012	0.20884	0.20891	0.87603
0.3867	0.46895	0.36627	0.80497	0.70491	0.50045	0.22173	0.19004	0.25739	0.2517	0.49149	0.23854	0.2173	0.20623	0.98259
0.39687	0.52467	0.38069	0.86556	0.70551	0.47238	0.24044	0.18277	0.26679	0.25176	0.49392	0.25142	0.20719	0.21758	0.93101
0.35466	0.52634	0.38471	0.8458	0.71351	0.45913	0.20189	0.20017	0.30463	0.25568	0.48692	0.24538	0.19013	0.20344	0.89875
0.37138	0.50465	0.38155	0.81543	0.70606	0.53167	0.22548	0.19131	0.29988	0.26934	0.50019	0.24062	0.23529	0.22095	0.92097
0.37346	0.51876	0.35832	0.7989	0.70075	0.54836	0.21232	0.21482	0.29027	0.26028	0.47052	0.24025	0.23384	0.23626	0.90354
0.36786	0.50224	0.41095	0.81521	0.72219	0.50106	0.22106	0.18369	0.28314	0.25329	0.48227	0.21661	0.20139	0.22088	0.95886
0.37291	0.50207	0.41116	0.83861	0.70654	0.43763	0.19823	0.17779	0.27548	0.27323	0.48507	0.24755	0.21523	0.20626	0.93558
0.38382	0.52396	0.38552	0.81712	0.71698	0.46085	0.21404	0.17999	0.25748	0.25688	0.50399	0.25078	0.22898	0.19612	0.8861
0.36697	0.50381	0.39049	0.84578	0.70794	0.48368	0.20646	0.19939	0.2738	0.26217	0.47909	0.24114	0.21484	0.2216	0.93292
0.36832	0.4888	0.38027	0.82893	0.70358	0.4508	0.22938	0.18553	0.29886	0.25316	0.48068	0.23487	0.21788	0.21126	0.92482
0.36178	0.51147	0.39508	0.85209	0.70527	0.4791	0.20209	0.17585	0.28065	0.26323	0.49076	0.2215	0.20529	0.21426	0.92312
0.40621	0.52283	0.37426	0.83209	0.69849	0.47179	0.2094	0.18609	0.26642	0.2592	0.48484	0.2373	0.23549	0.21069	0.91189
0.33419	0.51664	0.40082	0.83703	0.70553	0.44597	0.19678	0.19041	0.29477	0.27511	0.47374	0.2427	0.1904	0.22197	0.9211
0.33146	0.55	0.38632	0.8401	0.69442	0.45562	0.21113	0.18868	0.28194	0.26763	0.47281	0.21692	0.20665	0.20944	0.94664
0.3546	0.53524	0.36247	0.84928	0.69822	0.50325	0.22513	0.18607	0.2748	0.27211	0.48406	0.24639	0.21689	0.23396	1.02276
0.38381	0.51048	0.40634	0.8448	0.69731	0.47544	0.22523	0.18009	0.30951	0.2815	0.45584	0.23205	0.22451	0.21692	0.94539
0.36744	0.53502	0.39919	0.7828	0.71263	0.46999	0.20473	0.17156	0.29825	0.2583	0.46019	0.23236	0.22934	0.19796	0.9202
0.36056	0.52141	0.38646	0.84236	0.6994	0.45346	0.22791	0.17987	0.29513	0.25138	0.4639	0.22527	0.21075	0.2168	0.90977
0.36149	0.51864	0.37282	0.82007	0.68674	0.48363	0.21003	0.19533	0.26661	0.24809	0.4758	0.24077	0.19223	0.21478	0.94923
0.35916	0.49958	0.39896	0.81257	0.69603	0.43606	0.23137	0.18133	0.30382	0.28428	0.47396	0.23518	0.24751	0.19787	0.87541
0.36663	0.53416	0.37613	0.83696	0.69759	0.44185	0.18473	0.18959	0.30234	0.26753	0.46483	0.23194	0.22092	0.22791	0.91584
0.36756	0.5028	0.37433	0.80987	0.69916	0.40601	0.23104	0.17998	0.25759	0.25104	0.47124	0.22768	0.22325	0.21069	0.87073
0.33564	0.52351	0.37855	0.79536	0.68139	0.48604	0.22557	0.18371	0.28587	0.25494	0.50373	0.25582	0.21862	0.22478	0.86664
0.38744	0.52979	0.39487	0.8373	0.70303	0.48527	0.26354	0.19081	0.27251	0.24679	0.48742	0.254	0.20774	0.20944	0.93518
0.43292	0.54236	0.39965	0.81516	0.69739	0.46853	0.22706	0.19589	0.25719	0.27135	0.48706	0.22446	0.23124	0.20206	0.90231
0.34444	0.51171	0.3568	0.80319	0.70549	0.47775	0.21823	0.1801	0.27764	0.25666	0.45774	0.2379	0.24406	0.2356	0.87073
0.36536	0.50759	0.3891	0.81655	0.71114	0.45011	0.22967	0.18579	0.29011	0.29005	0.466	0.23424	0.20133	0.23028	0.91182
0.33835	0.48822	0.40521	0.82403	0.70097	0.47497	0.21301	0.18015	0.32875	0.24918	0.47161	0.21729	0.21732	0.20638	0.9195
0.37244	0.49547	0.41762	0.83902	0.71734	0.44555	0.24058	0.18513	0.29597	0.27024	0.49846	0.25632	0.2592	0.21881	0.9173
0.374	0.49451	0.39746	0.85372	0.70582	0.48916	0.23031	0.18929	0.28247	0.26981	0.48169	0.23601	0.23842	0.22678	0.93362
0.35799	0.48488	0.36882	0.80401	0.69452	0.46567	0.20808	0.18717	0.26817	0.25484	0.47708	0.23969	0.20537	0.21297	0.93953
0.33048	0.49495	0.38451	0.80643	0.71534	0.46749	0.20259	0.19713	0.29339	0.27226	0.46427	0.21941	0.22413	0.19491	0.94517
0.35644	0.50399	0.39061	0.83234	0.70697	0.43821	0.2222	0.18779	0.26246	0.28346	0.48133	0.25541	0.21969	0.21267	0.92432
0.38733	0.4864	0.38248	0.85483	0.69454	0.44819	0.22688	0.19398	0.27095	0.25103	0.45768	0.22116	0.24297	0.21818	0.88575
0.36616	0.498	0.41013	0.8206	0.69839	0.48164	0.21374	0.188	0.26474	0.24085	0.46028	0.20392	0.22007	0.21419	0.90359
0.36539	0.49475	0.37769	0.81678	0.70986	0.44355	0.22094	0.19076	0.29114	0.25527	0.48361	0.21627	0.23262	0.21297	0.91925
0.35876	0.49555	0.40952	0.79146	0.68898	0.46046	0.20151	0.20695	0.26102	0.25908	0.48254	0.24701	0.2009	0.20746	0.93717
0.36505	0.51481	0.37822	0.82047	0.7007	0.46523	0.20845	0.20447	0.2879	0.25293	0.48911	0.25145	0.18508	0.20608	0.92702
0.37928	0.50116	0.38979	0.83547	0.71005	0.46512	0.22702	0.18611	0.29296	0.28214	0.48468	0.2306	0.20377	0.1888	0.91856
0.38419	0.49121	0.39822	0.83786	0.70587	0.46174	0.23201	0.1874	0.30119	0.27338	0.4995	0.22696	0.22644	0.2144	0.92213
0.34613	0.50485	0.4051	0.80321	0.69991	0.47598	0.23815	0.19364	0.27637	0.27286	0.47944	0.25241	0.19003	0.19483	0.94068
0.37759	0.53542	0.39878	0.83316	0.70798	0.52465	0.20007	0.19233	0.29326	0.27558	0.46162	0.2451	0.2586	0.21768	0.97416
0.35104	0.50043	0.40182	0.82016	0.7046	0.46111	0.19576	0.19444	0.29945	0.27604	0.48815	0.23263	0.23648	0.20632	0.89703
0.36251	0.52814	0.36629	0.84081	0.69734	0.47486	0.21068	0.19237	0.27999	0.26312	0.46504	0.23882	0.20532	0.20989	0.98085
0.3626	0.51941	0.4187	0.807	0.69284	0.50756	0.20824	0.19607	0.28523	0.26877	0.48538	0.2172	0.21087	0.20446	0.90914
0.36243	0.47894	0.38451	0.83486	0.69887	0.43806	0.21471	0.18711	0.28785	0.25187	0.45526	0.24568	0.2216	0.21464	0.8796
0.36114	0.51259	0.44073	0.81935	0.69967	0.47952	0.2145	0.1969	0.28927	0.25831	0.4613	0.23548	0.24041	0.23307	0.87309
0.38552	0.50271	0.401	0.81514	0.70795	0.43937	0.21472	0.20048	0.30352	0.27392	0.46825	0.21199	0.20648	0.21358	0.92446
0.37802	0.47885	0.39749	0.79724	0.6895	0.45954	0.2126	0.17754	0.32304	0.26561	0.47165	0.21884	0.2118	0.22025	0.91899
0.38252	0.51949	0.40204	0.82827	0.6884	0.45356	0.21331	0.19935	0.28771	0.26639	0.4512	0.23012	0.22153	0.19945	0.94399
0.37745	0.48889	0.43537	0.83387	0.71149	0.42243	0.19324	0.18387	0.27825	0.24052	0.46073	0.22568	0.21024	0.21847	0.951
0.33411	0.5311	0.39397	0.84518	0.68993	0.52653	0.21971	0.21108	0.28202	0.26009	0.47932	0.20884	0.20537	0.21663	0.91944
0.33532	0.53855	0.36615	0.80373	0.69508	0.48316	0.21434	0.21144	0.28513	0.23022	0.50004	0.2305	0.19	0.20773	0.90592
0.3565	0.51542	0.40512	0.85492	0.69132	0.49055	0.21514	0.18339	0.3041	0.27724	0.50523	0.2201	0.20598	0.20281	0.9274
0.38378	0.52537	0.36745	0.8457	0.70942	0.46977	0.19524	0.19276	0.29315	0.28193	0.47281	0.22114	0.22432	0.21435	0.90743
0.37318	0.51016	0.38068	0.83153	0.69645	0.48713	0.21153	0.19855	0.31608	0.27931	0.47763	0.23302	0.21942	0.21116	0.92424
0.35652	0.50871	0.40213	0.858	0.69582	0.46277	0.20386	0.19777	0.29385	0.24214	0.47869	0.21995	0.22157	0.19997	0.9173
0.34092	0.51031	0.39051	0.77867	0.6967	0.44448	0.20547	0.18477	0.28976	0.27749	0.47007	0.248	0.20376	0.1997	0.92878
0.32522	0.5089	0.37755	0.82869	0.70268	0.49244	0.21223	0.20633	0.27039	0.251	0.4871	0.23219	0.24012	0.20428	0.8891
0.38296	0.51745	0.39678	0.82879	0.70262	0.47374	0.20982	0.20243	0.34035	0.28261	0.4704	0.23652	0.23589	0.20881	0.89162
0.38034	0.52653	0.40538	0.80193	0.69423	0.51735	0.2163	0.20812	0.2948	0.24578	0.46694	0.21656	0.23216	0.19876	0.91351
0.36335	0.49047	0.37201	0.83257	0.69968	0.50918	0.20829	0.19016	0.29022	0.27428	0.47906	0.21504	0.20658	0.20988	0.91773
0.36593	0.49482	0.39952	0.81673	0.71021	0.47403	0.18842	0.19258	0.32809	0.26272	0.49422	0.23983	0.21946	0.21268	0.92233
0.38795	0.4993	0.36991	0.81063	0.68632	0.42106	0.20579	0.19485	0.29889	0.27558	0.48881	0.24412	0.22938	0.20358	1.02221
0.38395	0.49311	0.43645	0.8216	0.69159	0.44771	0.21081	0.17697	0.30026	0.28615	0.46374	0.21352	0.21975	0.22234	0.93239
0.40518	0.51501	0.37367	0.83501	0.68718	0.43761	0.20246	0.18789	0.27494	0.27408	0.5065	0.23627	0.23953	0.21619	0.91859
0.39243	0.50805	0.36869	0.84299	0.68813	0.48539	0.24258	0.18162	0.30847	0.26383	0.47379	0.24475	0.23308	0.22194	0.9182
0.38032	0.483	0.39558	0.80977	0.70747	0.46814	0.21902	0.21326	0.28012	0.28834	0.46506	0.24326	0.21043	0.20211	0.91198
0.37018	0.47415	0.39216	0.83736	0.70664	0.43503	0.19992	0.20819	0.32502	0.29736	0.45575	0.24206	0.22507	0.23567	0.92252
0.33513	0.4939	0.40062	0.80529	0.68998	0.45684	0.20957	0.20975	0.36193	0.25947	0.48323	0.2302	0.203	0.1937	0.88186
0.36358	0.49582	0.37669	0.84567	0.69066	0.47091	0.21029	0.18178	0.29118	0.25	0.46229	0.23188	0.21159	0.19131	0.88879
0.35402	0.4735	0.39905	0.80031	0.70228	0.43043	0.20785	0.20359	0.26093	0.24585	0.47462	0.23255	0.22391	0.21581	0.89689
0.38543	0.48617	0.40152	0.79253	0.71418	0.42875	0.209	0.1895	0.26929	0.26658	0.46162	0.2167	0.20085	0.20208	0.9058
0.33159	0.50751	0.39718	0.83504	0.69576	0.43847	0.22095	0.17675	0.2745	0.26361	0.48157	0.22843	0.24612	0.20427	0.9157
0.36975	0.45786	0.35722	0.85049	0.68784	0.46997	0.19931	0.18725	0.28932	0.25482	0.45003	0.24755	0.22469	0.22788	0.92264
0.3783	0.50905	0.38714	0.80589	0.70132	0.46541	0.21629	0.19769	0.27685	0.24785	0.46666	0.24617	0.19162	0.1983	0.91891
0.36789	0.50531	0.41159	0.7936	0.70668	0.48408	0.19087	0.19168	0.30027	0.28163	0.4672	0.22544	0.20608	0.21355	0.91305
0.38018	0.48669	0.36543	0.84526	0.68471	0.50916	0.21133	0.19618	0.30715	0.2739	0.47731	0.2464	0.21679	0.18806	0.92583
0.32357	0.45318	0.38787	0.82848	0.70804	0.48536	0.20693	0.20541	0.3122	0.25369	0.46992	0.21273	0.21185	0.1992	0.93037
0.35805	0.4858	0.39503	0.79878	0.70153	0.44331	0.2343	0.1945	0.28121	0.26184	0.46256	0.22072	0.20545	0.21485	0.9282
0.39286	0.51263	0.35426	0.79515	0.70617	0.43672	0.20013	0.19607	0.34414	0.26178	0.48232	0.25903	0.21598	0.19609	0.92295
0.35883	0.49316	0.36741	0.86833	0.71668	0.41719	0.20435	0.19576	0.31754	0.26024	0.45871	0.22013	0.22217	0.21309	0.92176
0.41584	0.49075	0.37887	0.81603	0.71522	0.43732	0.20757	0.21385	0.2978	0.23905	0.50454	0.25106	0.21657	0.18589	0.92503
0.37647	0.47343	0.41158	0.84874	0.70554	0.4846	0.20425	0.18557	0.285	0.26906	0.4741	0.24886	0.21417	0.21984	0.90791
0.33768	0.4924	0.38015	0.80528	0.70015	0.47822	0.21081	0.18324	0.29476	0.26959	0.47726	0.25027	0.21633	0.21691	0.92033
0.35276	0.4756	0.4002	0.81471	0.69407	0.40884	0.19981	0.19352	0.34304	0.27713	0.45382	0.20082	0.22742	0.21145	0.87646
0.37698	0.47928	0.40292	0.81137	0.69951	0.47264	0.20596	0.1951	0.317	0.27475	0.47343	0.22209	0.22219	0.19867	0.91701
0.37008	0.51005	0.39581	0.8157	0.68932	0.44027	0.21061	0.19622	0.32198	0.27056	0.46921	0.22991	0.22996	0.18334	0.9247
0.34869	0.46693	0.40045	0.81757	0.7117	0.4025	0.1965	0.20346	0.2894	0.25845	0.46252	0.2409	0.22727	0.18499	0.92133
0.37241	0.48764	0.37592	0.84126	0.7113	0.4053	0.20927	0.20225	0.27565	0.28837	0.46627	0.24514	0.23987	0.21486	0.94625
0.35429	0.4899	0.40502	0.85823	0.69433	0.45504	0.19487	0.19387	0.30577	0.25041	0.47953	0.24365	0.24164	0.21407	0.87798
0.37975	0.47565	0.40925	0.85576	0.68954	0.46882	0.19837	0.19271	0.2771	0.29268	0.45967	0.2288	0.19816	0.21288	0.93845
0.33299	0.5	0.35159	0.84246	0.68619	0.45365	0.20467	0.20286	0.31443	0.26764	0.46565	0.2254	0.18799	0.20801	0.96579
0.35105	0.45564	0.37309	0.84854	0.70254	0.47763	0.21391	0.19717	0.305	0.27376	0.47635	0.25148	0.25043	0.19846	0.9249
0.35238	0.48841	0.37299	0.83031	0.70217	0.46175	0.2224	0.18613	0.29868	0.26625	0.47211	0.26694	0.21886	0.1858	0.92565
0.36703	0.46731	0.37173	0.83748	0.70267	0.46218	0.21325	0.21583	0.28002	0.25499	0.47339	0.22821	0.20844	0.2002	0.9422
0.35453	0.44784	0.36849	0.81445	0.69691	0.49874	0.224	0.18976	0.28969	0.25488	0.45471	0.21591	0.21049	0.17758	0.92572
0.34336	0.47815	0.38984	0.79483	0.69963	0.51826	0.23906	0.18587	0.28676	0.2505	0.47222	0.25094	0.18347	0.18057	0.90693
0.36989	0.50668	0.37188	0.82887	0.69884	0.46771	0.21776	0.19039	0.30336	0.26597	0.44932	0.20897	0.21124	0.21376	0.8891
0.37503	0.4824	0.40497	0.85183	0.69398	0.47063	0.2094	0.18469	0.27538	0.24995	0.46593	0.2275	0.21013	0.17673	0.94833
0.34846	0.49243	0.42075	0.81359	0.69298	0.50194	0.20315	0.19004	0.31585	0.28101	0.47566	0.23875	0.19859	0.20854	0.97056
0.34766	0.49911	0.39965	0.80737	0.71056	0.46004	0.21748	0.19194	0.32036	0.25461	0.47953	0.20762	0.23603	0.20324	0.8741
0.32016	0.46193	0.39548	0.82534	0.6879	0.42242	0.21112	0.16661	0.31622	0.26882	0.45893	0.21616	0.22937	0.19535	0.86593
0.368	0.49719	0.42977	0.79327	0.67935	0.38704	0.19906	0.20343	0.30658	0.28707	0.45693	0.22768	0.23613	0.20837	0.9098
0.33116	0.47766	0.41509	0.85522	0.69032	0.46054	0.20298	0.19164	0.28906	0.27992	0.47539	0.21567	0.20219	0.20619	0.94843
0.36584	0.49575	0.36215	0.82719	0.68876	0.4962	0.22029	0.17843	0.31574	0.25076	0.47229	0.21909	0.22812	0.19563	0.91444
0.37848	0.49839	0.39423	0.81227	0.69436	0.48227	0.18566	0.19334	0.2685	0.26338	0.45822	0.22668	0.21184	0.19008	1.12447
0.35167	0.47732	0.39805	0.80404	0.70474	0.46808	0.1826	0.19452	0.3448	0.26972	0.46246	0.24915	0.21457	0.20871	0.91005
0.35975	0.4968	0.39342	0.82019	0.70468	0.4678	0.19677	0.1825	0.30391	0.28191	0.47193	0.23759	0.21392	0.21161	0.9105
0.37364	0.51428	0.36845	0.81979	0.69551	0.49937	0.20511	0.20816	0.29403	0.29591	0.44854	0.22841	0.20003	0.19735	0.94527
0.32599	0.49196	0.3914	0.81595	0.69372	0.47611	0.17579	0.19782	0.2821	0.28235	0.46087	0.2098	0.19638	0.21045	0.92986
0.38683	0.48794	0.36839	0.81606	0.71253	0.41759	0.20707	0.20148	0.29221	0.29087	0.4709	0.19588	0.19807	0.21881	0.91469
0.40938	0.47527	0.36968	0.82456	0.69085	0.47957	0.2176	0.19126	0.27173	0.28918	0.47093	0.23476	0.19284	0.20574	0.91634
0.3696	0.48383	0.39999	0.83961	0.69773	0.47624	0.20943	0.17964	0.29917	0.28558	0.47288	0.24089	0.2208	0.18555	0.92762
0.39363	0.46217	0.39743	0.8213	0.69035	0.41429	0.20811	0.17086	0.29012	0.28236	0.4676	0.23451	0.1992	0.19586	0.95824
0.41494	0.49124	0.37956	0.80866	0.69781	0.43611	0.18104	0.2027	0.31532	0.30031	0.47723	0.24594	0.20645	0.20409	0.89461
0.34168	0.50252	0.38003	0.83318	0.688	0.42428	0.22403	0.17637	0.27543	0.25608	0.4773	0.21386	0.23595	0.2034	0.86685
0.37771	0.5126	0.37197	0.83822	0.69686	0.4715	0.18931	0.17108	0.29182	0.26718	0.47679	0.24694	0.18187	0.19574	0.90125
0.36215	0.51651	0.41473	0.82571	0.68112	0.41409	0.20305	0.18478	0.30137	0.27418	0.45859	0.27503	0.21334	0.19221	0.89616
0.35535	0.47904	0.39421	0.81165	0.68728	0.44789	0.19052	0.16342	0.28442	0.27634	0.45724	0.24158	0.20171	0.19297	0.91531
0.36117	0.50201	0.39163	0.85211	0.69075	0.44851	0.21326	0.20054	0.29477	0.2695	0.45999	0.21836	0.2074	0.20068	0.92809
0.34376	0.46364	0.41286	0.82301	0.6973	0.46891	0.18452	0.19811	0.25614	0.24603	0.45866	0.21668	0.19862	0.19322	0.86673
0.34233	0.49116	0.39259	0.83519	0.68895	0.46317	0.20529	0.21606	0.28281	0.26997	0.45441	0.22927	0.21067	0.1984	0.90831
0.35452	0.49327	0.37276	0.82317	0.68714	0.39116	0.21872	0.18907	0.30727	0.27613	0.4708	0.23101	0.20109	0.18258	0.91026
0.36933	0.49002	0.38804	0.83648	0.69294	0.46916	0.22026	0.197	0.25503	0.28767	0.46607	0.23326	0.20228	0.19912	0.90262
0.38257	0.46861	0.37082	0.80567	0.71156	0.48506	0.191	0.19942	0.28776	0.27908	0.47213	0.26728	0.22531	0.20444	0.93179
0.35063	0.48862	0.38592	0.85024	0.71128	0.4458	0.19425	0.2009	0.32163	0.27019	0.46135	0.23245	0.19819	0.19517	0.9115
0.34494	0.45918	0.39665	0.84147	0.685	0.44689	0.20088	0.21252	0.28359	0.25788	0.45515	0.23421	0.23065	0.19142	0.87902
0.35933	0.45212	0.38143	0.80417	0.68301	0.47972	0.18659	0.1961	0.32981	0.28649	0.4549	0.20603	0.20821	0.19545	0.90707
0.37075	0.48414	0.35851	0.83628	0.70937	0.40233	0.1968	0.19505	0.30895	0.26568	0.48698	0.23433	0.21603	0.18349	0.90339
0.33992	0.49101	0.37938	0.79582	0.68738	0.37637	0.21415	0.18105	0.29542	0.27461	0.46874	0.22216	0.21969	0.22141	0.94115
0.35864	0.49161	0.36201	0.84119	0.69831	0.40603	0.20612	0.18538	0.27559	0.24942	0.46335	0.21631	0.17874	0.19703	0.91123
0.37306	0.51126	0.38959	0.81247	0.68868	0.49968	0.19586	0.1903	0.28409	0.26727	0.45987	0.23223	0.19722	0.19354	0.91034
0.35016	0.47679	0.3801	0.80892	0.69122	0.44402	0.20049	0.18867	0.25545	0.27082	0.44436	0.25255	0.20365	0.1935	0.9248
0.35675	0.48688	0.38148	0.81218	0.68538	0.44032	0.1975	0.17808	0.30147	0.24635	0.48833	0.24395	0.1982	0.20439	0.90791
0.37368	0.47326	0.37096	0.82996	0.67514	0.43664	0.2027	0.18377	0.28407	0.27057	0.464	0.23671	0.21816	0.22287	0.91938
0.35772	0.47558	0.3495	0.79535	0.69243	0.46073	0.19781	0.18764	0.34593	0.27503	0.45413	0.22747	0.19325	0.19266	0.91015
0.37777	0.46996	0.36254	0.84323	0.6886	0.52589	0.20244	0.17316	0.2737	0.27676	0.45483	0.22098	0.21335	0.18835	0.90634
0.38506	0.48651	0.36983	0.79467	0.69621	0.42601	0.20107	0.16679	0.31556	0.30976	0.47009	0.21522	0.19375	0.1941	0.944
0.38474	0.49281	0.36388	0.85101	0.69758	0.42935	0.20256	0.18958	0.282	0.29094	0.4711	0.22556	0.21506	0.20085	0.92906
0.34635	0.46619	0.39749	0.81531	0.70643	0.47693	0.20774	0.17869	0.33104	0.27669	0.45383	0.24993	0.20136	0.20306	0.92037
0.33639	0.45619	0.37621	0.82819	0.69667	0.46997	0.20689	0.19552	0.27984	0.24801	0.47619	0.23429	0.19095	0.18998	0.92042
0.37998	0.48561	0.4263	0.82436	0.68316	0.44576	0.19521	0.19024	0.29757	0.27129	0.46992	0.22706	0.20441	0.19713	0.92641
0.36048	0.48254	0.40114	0.82151	0.69086	0.43716	0.21051	0.17941	0.28677	0.25865	0.45921	0.21251	0.20861	0.19265	0.90255
0.33648	0.4564	0.40069	0.80341	0.70192	0.41945	0.20604	0.17087	0.26023	0.27184	0.46115	0.23968	0.1922	0.1905	0.9124
0.3555	0.47609	0.38665	0.80746	0.68937	0.44705	0.18861	0.18048	0.2954	0.27866	0.45773	0.23278	0.19598	0.16631	0.93108
0.37453	0.44991	0.37079	0.82972	0.68439	0.44005	0.20222	0.18116	0.30625	0.27119	0.4455	0.24132	0.21933	0.19694	0.91652
0.35396	0.488	0.38029	0.82428	0.7049	0.45541	0.18189	0.18592	0.2931	0.283	0.46909	0.24038	0.21577	0.21153	0.90558
0.36079	0.45162	0.39332	0.85386	0.69331	0.45998	0.20064	0.20139	0.30614	0.26138	0.45258	0.23347	0.19668	0.19474	0.93536
0.31693	0.49168	0.4088	0.81743	0.70228	0.45563	0.20473	0.19081	0.27377	0.24932	0.48068	0.25453	0.22315	0.19502	0.89891
0.34061	0.46557	0.35225	0.81834	0.68463	0.45548	0.22373	0.20068	0.29644	0.30205	0.48415	0.21115	0.22016	0.20181	0.92387
0.34859	0.49486	0.35916	0.8308	0.67741	0.42985	0.208	0.1934	0.28719	0.24708	0.46188	0.22115	0.19318	0.18793	0.92848
0.38721	0.49782	0.40081	0.81024	0.68581	0.42608	0.19005	0.18386	0.28587	0.24856	0.4862	0.23842	0.21236	0.20176	0.90582
0.43857	0.44441	0.40426	0.8017	0.67541	0.42111	0.20554	0.18723	0.28029	0.26654	0.44719	0.2208	0.21473	0.18233	0.92223
0.3602	0.47445	0.3705	0.83386	0.69248	0.45602	0.20749	0.19307	0.29076	0.27844	0.46248	0.23543	0.19699	0.20065	0.89724
0.40025	0.49692	0.39508	0.80353	0.68859	0.41741	0.19169	0.1966	0.29109	0.26063	0.46332	0.24035	0.19349	0.21306	0.89309
0.37526	0.51039	0.38825	0.79072	0.70806	0.45583	0.21212	0.20479	0.29838	0.28543	0.44163	0.23708	0.20975	0.2073	0.9163
0.37231	0.45272	0.39968	0.81198	0.70132	0.42481	0.1958	0.19964	0.30709	0.27504	0.45769	0.24585	0.22082	0.19194	0.89697
0.37668	0.45783	0.39833	0.84567	0.70064	0.46329	0.1997	0.20511	0.30158	0.26085	0.46195	0.22809	0.22215	0.2008	0.92575
0.36414	0.46451	0.36996	0.80009	0.6858	0.44688	0.18783	0.17787	0.2954	0.26953	0.46986	0.21567	0.18849	0.18137	0.89633
0.33958	0.44996	0.37283	0.83625	0.68326	0.37733	0.18455	0.18666	0.26771	0.26923	0.47354	0.22329	0.18496	0.20881	0.92499
0.31505	0.48795	0.40217	0.83136	0.6829	0.47386	0.21729	0.19634	0.31257	0.24638	0.4778	0.2279	0.20329	0.194	0.90024
0.34031	0.45323	0.36644	0.83402	0.69339	0.47278	0.1742	0.18464	0.28468	0.2549	0.47551	0.21895	0.2232	0.19128	0.86136
0.33227	0.43506	0.40869	0.83953	0.68337	0.42315	0.18148	0.21065	0.27179	0.28059	0.4691	0.22571	0.21726	0.19899	0.85996
0.36587	0.43697	0.39019	0.83156	0.69194	0.41536	0.18755	0.18271	0.26237	0.29556	0.45273	0.24139	0.18412	0.19419	0.90302
0.37521	0.45155	0.376	0.8402	0.68894	0.41938	0.21027	0.18588	0.30396	0.28661	0.45769	0.23686	0.18532	0.19168	0.9231
0.32896	0.46344	0.38221	0.82161	0.69606	0.36445	0.21462	0.19297	0.2956	0.25167	0.4612	0.21593	0.21207	0.20907	0.91509
0.36315	0.48893	0.37503	0.83894	0.68219	0.46545	0.19625	0.19298	0.28148	0.24608	0.46293	0.23913	0.22252	0.19575	0.92773
0.33202	0.47697	0.37949	0.79548	0.68985	0.41764	0.19346	0.19664	0.28005	0.26335	0.4515	0.2087	0.20007	0.19429	0.87809
0.32855	0.44889	0.38572	0.84896	0.69516	0.41836	0.17318	0.18951	0.29437	0.28742	0.46881	0.21512	0.20342	0.18835	0.8971
0.34462	0.47813	0.37836	0.81438	0.68837	0.47523	0.16957	0.20061	0.31438	0.25931	0.47379	0.2081	0.17747	0.20793	0.90343
0.32619	0.47886	0.39131	0.82451	0.7068	0.46805	0.1908	0.224	0.29871	0.26344	0.47258	0.21427	0.21125	0.18739	0.92873
0.31052	0.48477	0.3614	0.832	0.6914	0.40222	0.19102	0.18589	0.30629	0.26935	0.47091	0.24614	0.2047	0.19377	0.91255
0.33079	0.47921	0.37136	0.8101	0.70694	0.44334	0.20122	0.19971	0.30873	0.27942	0.48952	0.22479	0.21233	0.24276	0.92706
0.34618	0.46074	0.39661	0.83404	0.692	0.44429	0.20906	0.19664	0.30108	0.25723	0.45866	0.23033	0.2337	0.21525	0.9228
0.36011	0.47177	0.36412	0.8364	0.70466	0.46434	0.18852	0.17624	0.28505	0.26605	0.47716	0.2379	0.21935	0.19251	0.90407
0.3173	0.48898	0.37331	0.84514	0.68583	0.37556	0.19514	0.20382	0.27147	0.26255	0.45666	0.22718	0.1978	0.20231	0.93289
0.36529	0.5062	0.3909	0.82843	0.68454	0.36655	0.19036	0.17396	0.31226	0.26169	0.46187	0.21408	0.21333	0.1948	0.91673
0.34579	0.46659	0.40178	0.83768	0.69449	0.48621	0.19241	0.18782	0.32191	0.27504	0.46295	0.21605	0.19174	0.18858	0.8592
0.32975	0.46692	0.35869	0.82074	0.70113	0.49251	0.18411	0.16594	0.30295	0.25392	0.47603	0.22363	0.20885	0.19127	0.92175
0.33506	0.45322	0.36349	0.81432	0.68539	0.45004	0.20983	0.20589	0.31793	0.26203	0.46221	0.2176	0.18828	0.17667	0.86155
0.3598	0.44813	0.39128	0.7948	0.67593	0.39226	0.20632	0.18982	0.27964	0.26488	0.4539	0.24041	0.18871	0.1754	0.89555
0.35577	0.48227	0.35272	0.79141	0.69628	0.48671	0.18389	0.17888	0.32068	0.241	0.45871	0.23501	0.21448	0.18741	0.91606
0.37347	0.46785	0.37948	0.83601	0.70532	0.48156	0.23282	0.17664	0.29342	0.24763	0.45325	0.21117	0.2048	0.213	0.91156
0.34182	0.47086	0.36647	0.82622	0.6927	0.45944	0.21305	0.19081	0.28903	0.25246	0.46749	0.22953	0.21317	0.19787	0.93186
0.28808	0.46531	0.38044	0.8227	0.69388	0.42665	0.19407	0.19883	0.3071	0.27161	0.44801	0.24239	0.20126	0.19919	0.90324
0.326	0.48531	0.37298	0.85766	0.70545	0.4259	0.20002	0.18951	0.27643	0.27089	0.45859	0.26025	0.20687	0.17256	0.92513
0.35399	0.48382	0.3631	0.86237	0.68424	0.4843	0.19663	0.19987	0.31112	0.27017	0.45271	0.21909	0.18891	0.18961	0.90656
0.33336	0.48735	0.38076	0.81316	0.70581	0.46478	0.18309	0.18084	0.30063	0.28743	0.477	0.20832	0.19998	0.19065	0.90582
0.39115	0.46642	0.40155	0.81447	0.67903	0.46974	0.19728	0.19702	0.29552	0.26099	0.4703	0.2526	0.2253	0.21076	0.92096
0.34173	0.44974	0.38183	0.84041	0.69582	0.43109	0.20243	0.18403	0.30173	0.25867	0.45862	0.24857	0.20009	0.21021	0.91214
0.34944	0.46671	0.38714	0.83592	0.70734	0.43916	0.1864	0.17999	0.30988	0.29269	0.45042	0.20921	0.21488	0.17511	0.91203
0.35008	0.47574	0.35997	0.82973	0.7008	0.42041	0.20145	0.17406	0.29132	0.24046	0.47964	0.23231	0.18845	0.19353	0.8891
0.37583	0.4632	0.36129	0.81052	0.68483	0.45579	0.20016	0.18438	0.27932	0.25317	0.44879	0.21221	0.20108	0.19929	0.89768
0.37083	0.46254	0.35262	0.82244	0.70372	0.50575	0.21084	0.19631	0.30255	0.25622	0.47361	0.20993	0.207	0.19594	0.90993
0.38034	0.45349	0.39679	0.8257	0.70892	0.41604	0.19605	0.17521	0.34322	0.28317	0.45293	0.23264	0.20499	0.19226	0.9041
0.34321	0.46161	0.39612	0.80648	0.69256	0.43866	0.18997	0.19108	0.25744	0.269	0.47761	0.26407	0.22301	0.18049	0.94926
0.35008	0.44048	0.37575	0.83578	0.6977	0.46762	0.18577	0.19321	0.25826	0.28137	0.44137	0.24768	0.21069	0.20239	0.92047
0.38067	0.4413	0.38477	0.84622	0.70855	0.43631	0.21707	0.17942	0.32499	0.30208	0.47667	0.22598	0.20975	0.21522	0.91429
0.34135	0.47599	0.37625	0.84323	0.67798	0.42853	0.18994	0.18623	0.32059	0.26766	0.45563	0.20126	0.19251	0.18489	0.91709
0.33261	0.45897	0.3914	0.82767	0.69605	0.44341	0.19567	0.16861	0.31145	0.25712	0.47357	0.2283	0.20867	0.19825	0.92202
0.32948	0.50277	0.40166	0.84922	0.68007	0.42539	0.20137	0.19322	0.29891	0.27643	0.478	0.2092	0.20279	0.19864	0.88004
0.35224	0.4435	0.37237	0.83505	0.71412	0.42672	0.20174	0.17301	0.32827	0.24589	0.43741	0.21943	0.19325	0.1902	0.93129
0.3702	0.47832	0.38072	0.8256	0.67155	0.43469	0.18869	0.18334	0.28561	0.2602	0.44262	0.23107	0.21099	0.1826	0.93618
0.36868	0.45813	0.39018	0.79752	0.69099	0.43334	0.19103	0.1975	0.3298	0.26778	0.44423	0.23847	0.1948	0.18486	0.8794
0.37054	0.45065	0.36217	0.79254	0.68527	0.44449	0.18298	0.18158	0.29057	0.25708	0.46332	0.23724	0.20525	0.18538	0.91259
0.32372	0.48612	0.38003	0.82949	0.68183	0.3764	0.20136	0.17897	0.31741	0.27899	0.44345	0.22504	0.18538	0.19132	0.94449
0.33022	0.4835	0.33773	0.78595	0.68425	0.4349	0.1841	0.18839	0.31455	0.26501	0.45026	0.22787	0.19866	0.19145	0.87752
0.33539	0.50172	0.36183	0.84417	0.70228	0.4255	0.18239	0.16907	0.28854	0.27475	0.45726	0.24144	0.2044	0.2118	0.90205
0.39477	0.45838	0.36777	0.80399	0.69501	0.44151	0.19479	0.18929	0.29298	0.25962	0.44979	0.22666	0.21643	0.17666	0.90084
0.40015	0.47408	0.37417	0.82557	0.68579	0.44247	0.19184	0.19461	0.27237	0.25926	0.46394	0.22142	0.20393	0.18735	0.92712
0.3436	0.49161	0.37323	0.81514	0.68938	0.45076	0.19945	0.18716	0.29019	0.2685	0.45352	0.2391	0.2047	0.179	0.90177
0.3702	0.481	0.39017	0.82438	0.69157	0.41526	0.18606	0.18157	0.31585	0.25435	0.45581	0.22447	0.21731	0.18819	0.91311
0.37774	0.47682	0.36512	0.83322	0.69372	0.37054	0.19146	0.17862	0.34359	0.29293	0.43799	0.22557	0.20687	0.19944	0.95444
0.36822	0.47316	0.37034	0.77676	0.69498	0.45785	0.19156	0.18755	0.32289	0.28788	0.44764	0.23082	0.21607	0.2016	0.92216
0.35508	0.47157	0.34172	0.83847	0.70171	0.40805	0.18769	0.17859	0.33664	0.27632	0.43975	0.22079	0.21131	0.1863	0.92262
0.36701	0.49971	0.36057	0.80291	0.68606	0.4599	0.17804	0.16598	0.28276	0.2713	0.44258	0.25028	0.21277	0.19934	0.9561
0.34334	0.48429	0.3659	0.84673	0.68991	0.46938	0.18124	0.19092	0.31392	0.23672	0.45541	0.2386	0.19167	0.18622	0.92064
0.33012	0.43016	0.35738	0.84912	0.67468	0.46142	0.19441	0.16916	0.26645	0.25789	0.43973	0.2292	0.19681	0.21679	1.10519
0.35036	0.45724	0.35068	0.83795	0.69309	0.45224	0.22729	0.19458	0.37803	0.25859	0.4478	0.25271	0.21516	0.19635	0.86827
0.37802	0.46298	0.38501	0.81465	0.6803	0.42126	0.19595	0.17806	0.32212	0.27021	0.43984	0.2117	0.22407	0.19208	0.88766
0.35359	0.47923	0.37661	0.82019	0.67912	0.43079	0.19881	0.1902	0.30476	0.29133	0.44694	0.21105	0.21122	0.18044	0.91704
0.33462	0.46565	0.3848	0.85477	0.70084	0.41439	0.16192	0.17705	0.30154	0.26689	0.46831	0.22463	0.18806	0.19308	0.93693
0.37905	0.47654	0.3842	0.78991	0.69852	0.40489	0.19868	0.19233	0.28978	0.26598	0.4452	0.22618	0.21811	0.21974	0.92192
0.36236	0.46409	0.35685	0.84282	0.68364	0.46393	0.21944	0.19687	0.29552	0.24862	0.45492	0.21784	0.19262	0.21372	0.9126
0.34798	0.47078	0.39173	0.81103	0.6752	0.43757	0.20355	0.17548	0.25484	0.288	0.4628	0.21629	0.21374	0.1972	0.90363
0.37437	0.46864	0.38368	0.82502	0.69021	0.42361	0.18589	0.18178	0.25784	0.25558	0.46152	0.22562	0.19011	0.18987	0.93373
0.38328	0.46073	0.3471	0.84767	0.68079	0.4416	0.1943	0.20738	0.27926	0.27459	0.47294	0.23647	0.19611	0.18713	0.87352
0.3107	0.48423	0.38043	0.80532	0.69025	0.43986	0.1899	0.18226	0.30332	0.26155	0.46332	0.2391	0.20495	0.19251	0.91602
0.31595	0.47863	0.40851	0.80895	0.69691	0.46026	0.19892	0.18605	0.29897	0.25109	0.45127	0.25322	0.20964	0.19738	0.91772
0.31418	0.47788	0.38696	0.83498	0.69532	0.43051	0.19179	0.19077	0.33806	0.28143	0.44311	0.21134	0.21765	0.18409	0.90662
0.35815	0.46921	0.39504	0.83267	0.66984	0.44122	0.19557	0.18613	0.31041	0.26829	0.44092	0.20524	0.19414	0.20598	0.90636
0.35287	0.50903	0.39492	0.8561	0.67941	0.42811	0.20588	0.17802	0.26545	0.2511	0.44473	0.2333	0.21255	0.17951	0.91755
0.32281	0.45498	0.39939	0.84631	0.67535	0.47175	0.20544	0.19445	0.30147	0.26694	0.44891	0.20774	0.19606	0.19291	0.92174
0.37572	0.45748	0.39581	0.81098	0.69048	0.42707	0.16703	0.18481	0.28849	0.26262	0.44678	0.2213	0.19964	0.18609	0.9075
0.35725	0.45159	0.36211	0.82016	0.69401	0.46377	0.19871	0.19363	0.29212	0.28962	0.474	0.2229	0.20182	0.20116	0.89983
0.35396	0.45268	0.36985	0.8232	0.71276	0.4486	0.20122	0.18399	0.31856	0.26436	0.45323	0.22722	0.19611	0.19931	0.90984
0.35608	0.44804	0.37203	0.8265	0.69011	0.43291	0.19705	0.18433	0.27915	0.29678	0.46202	0.235	0.20017	0.20623	0.92997
0.29064	0.47775	0.37787	0.84036	0.68508	0.46802	0.17252	0.17999	0.30735	0.27421	0.45915	0.21046	0.19957	0.16773	0.91012
0.34174	0.44414	0.34134	0.84338	0.67928	0.41406	0.18013	0.18144	0.30942	0.299	0.47094	0.23732	0.19522	0.1688	0.98811
0.36176	0.45495	0.35518	0.87263	0.67831	0.4185	0.17577	0.1836	0.29422	0.26804	0.45001	0.20148	0.18876	0.21097	0.89472
0.37583	0.44496	0.34416	0.82753	0.66073	0.42018	0.17248	0.17971	0.28446	0.2631	0.43224	0.22914	0.19808	0.17654	0.88121
0.35384	0.46179	0.35339	0.84334	0.69156	0.44761	0.19103	0.18556	0.28271	0.2667	0.48006	0.24178	0.20935	0.18893	0.89941
0.36971	0.4506	0.36705	0.84704	0.70652	0.43408	0.17563	0.18742	0.30383	0.24838	0.44134	0.20834	0.2257	0.19009	0.91469
0.36817	0.46834	0.44602	0.82844	0.68043	0.45187	0.19599	0.19174	0.29137	0.24435	0.44505	0.23664	0.20406	0.18202	0.89213
0.36629	0.4448	0.42875	0.7832	0.70123	0.44162	0.18482	0.2054	0.27074	0.26588	0.43771	0.20828	0.20775	0.17626	0.91293
0.33729	0.4608	0.38743	0.81022	0.71224	0.3872	0.18906	0.18175	0.26641	0.26618	0.45099	0.24745	0.20365	0.18405	0.8917
0.36819	0.44753	0.41106	0.84089	0.67603	0.4155	0.17821	0.18226	0.28119	0.26804	0.44116	0.24776	0.19133	0.19834	0.91852
0.32675	0.45203	0.33599	0.84618	0.68221	0.40011	0.19608	0.19479	0.29563	0.28183	0.45326	0.24205	0.21391	0.20629	0.90292
0.33507	0.4523	0.37163	0.85062	0.69762	0.34051	0.18936	0.17629	0.29841	0.25851	0.44723	0.23175	0.23379	0.18867	0.87504
0.36073	0.46485	0.35069	0.80999	0.6926	0.36235	0.18716	0.17139	0.29207	0.26178	0.4394	0.23003	0.2164	0.19909	0.87435
0.38354	0.4597	0.37774	0.80287	0.67258	0.57231	0.17079	0.21499	0.29553	0.27528	0.44762	0.2277	0.20178	0.16702	0.89503
0.39945	0.43642	0.34231	0.8289	0.69123	0.55501	0.20865	0.1824	0.28395	0.27202	0.44669	0.24129	0.22416	0.19692	0.91526
0.34921	0.41023	0.39332	0.80027	0.67628	0.42485	0.19122	0.19168	0.29408	0.26208	0.45835	0.22559	0.20539	0.18758	0.91207
0.36565	0.44169	0.35516	0.80954	0.67984	0.44374	0.19089	0.18697	0.28079	0.27318	0.46064	0.20074	0.2189	0.19383	0.91464
0.37504	0.45601	0.33199	0.83176	0.68733	0.48638	0.17813	0.18772	0.28702	0.25988	0.45975	0.24183	0.22578	0.18254	0.91696
0.3734	0.47353	0.34354	0.81074	0.685	0.41838	0.18937	0.17604	0.27905	0.27285	0.44984	0.21207	0.21515	0.19727	0.91684
0.34168	0.43476	0.36923	0.80615	0.69515	0.42619	0.19274	0.1822	0.31425	0.23736	0.43681	0.22693	0.21032	0.17536	0.90847
0.357	0.43845	0.3684	0.8429	0.69653	0.43572	0.21185	0.19971	0.3138	0.24851	0.46839	0.22714	0.23953	0.1807	0.90215
0.36816	0.43994	0.36365	0.81731	0.69033	0.45392	0.19965	0.18717	0.29566	0.24098	0.46434	0.2427	0.21468	0.17929	0.96859
0.33946	0.47766	0.34299	0.80598	0.68976	0.4561	0.18348	0.17492	0.29046	0.26611	0.44785	0.21233	0.19275	0.17316	0.91334
0.33863	0.4832	0.36049	0.81344	0.67792	0.44652	0.20668	0.17843	0.31733	0.26647	0.46522	0.22129	0.21425	0.17659	0.91226
0.3029	0.4661	0.36119	0.82058	0.69833	0.4287	0.1948	0.19563	0.27992	0.26458	0.44655	0.2376	0.2054	0.19039	0.90016
0.32666	0.4663	0.40108	0.85193	0.69172	0.46622	0.19309	0.19958	0.29925	0.26226	0.45402	0.2171	0.20721	0.17212	0.91348
0.37745	0.44967	0.37112	0.84144	0.68925	0.45955	0.18439	0.17951	0.27821	0.23525	0.44241	0.2151	0.20577	0.19262	0.92532
0.34857	0.43578	0.35906	0.81175	0.68458	0.43959	0.1749	0.18732	0.32122	0.25487	0.46613	0.21454	0.19559	0.19467	0.91696
0.3213	0.47599	0.3408	0.84315	0.68941	0.41216	0.19018	0.20756	0.27649	0.23507	0.43332	0.22708	0.19687	0.17255	0.91235
0.33034	0.46466	0.38957	0.82986	0.67627	0.45005	0.21662	0.18856	0.26315	0.25737	0.4476	0.2272	0.19881	0.18905	0.93693
0.28829	0.46676	0.39847	0.80662	0.69321	0.46774	0.19502	0.17258	0.33437	0.26384	0.46919	0.21804	0.19886	0.18642	0.90453
0.32225	0.46425	0.36288	0.83245	0.68133	0.43675	0.2012	0.16845	0.3172	0.26124	0.44617	0.21772	0.20443	0.1757	0.96791
0.35448	0.44329	0.38793	0.81818	0.68426	0.40671	0.18141	0.18583	0.29021	0.28109	0.43908	0.22874	0.2069	0.20198	0.91365
0.3939	0.42935	0.37832	0.8306	0.7027	0.44775	0.20263	0.18395	0.276	0.2655	0.44115	0.22931	0.19297	0.2099	0.90713
0.34221	0.45343	0.38404	0.83211	0.68687	0.3931	0.18852	0.18155	0.26409	0.2633	0.43871	0.21213	0.18459	0.16274	0.90991
0.33179	0.4785	0.39097	0.81515	0.70195	0.46991	0.15887	0.16375	0.33401	0.31354	0.46583	0.20841	0.1974	0.20101	0.91685
0.3232	0.41914	0.38118	0.84499	0.68725	0.44168	0.1799	0.17602	0.30721	0.25415	0.45735	0.20056	0.18405	0.18424	0.87681
0.35074	0.43625	0.35602	0.84836	0.69251	0.3908	0.18442	0.18114	0.2884	0.26736	0.45857	0.202	0.20928	0.19598	0.89748
0.35705	0.44466	0.39283	0.83446	0.68608	0.43432	0.20014	0.18369	0.30893	0.26865	0.46025	0.21486	0.19536	0.18505	0.94219
0.34036	0.47229	0.36425	0.82149	0.69034	0.46316	0.20548	0.17212	0.31755	0.26945	0.44197	0.22981	0.20016	0.1902	0.92478
0.35723	0.4611	0.43809	0.83059	0.67269	0.44876	0.17886	0.19848	0.29837	0.23938	0.43119	0.19359	0.23268	0.1843	0.8916
0.31266	0.46472	0.38358	0.84099	0.70318	0.40891	0.17713	0.17923	0.33881	0.2624	0.43323	0.22016	0.18226	0.18683	0.90868
0.35951	0.42686	0.41639	0.78135	0.68755	0.43222	0.17757	0.18091	0.3127	0.26062	0.45209	0.21782	0.18441	0.17268	0.91725
0.33937	0.46231	0.35705	0.82652	0.68081	0.43234	0.19054	0.18796	0.32951	0.25917	0.44667	0.21973	0.16992	0.19678	0.86875
0.37928	0.45282	0.33686	0.81505	0.68045	0.43713	0.20089	0.18978	0.31535	0.24361	0.46601	0.23102	0.20331	0.17922	0.90506
0.32601	0.45023	0.36786	0.80392	0.69211	0.46061	0.18962	0.18806	0.27949	0.22887	0.45101	0.21547	0.18744	0.2107	0.96119
0.3464	0.47211	0.38035	0.82935	0.6878	0.43462	0.17719	0.18098	0.30432	0.26493	0.44068	0.21174	0.19373	0.20665	0.91551
0.39224	0.4735	0.40625	0.8371	0.68062	0.41305	0.18399	0.18564	0.28132	0.28618	0.45107	0.20824	0.22136	0.19272	0.93434
0.33902	0.458	0.39851	0.84913	0.69659	0.44364	0.17875	0.19506	0.31446	0.27554	0.45544	0.23782	0.19617	0.20397	0.89802
0.32583	0.44357	0.38655	0.82308	0.68197	0.42759	0.17619	0.19516	0.2846	0.25287	0.43945	0.23112	0.19098	0.18048	0.89074
0.39828	0.4549	0.40511	0.83257	0.69158	0.41281	0.2013	0.19292	0.32388	0.29594	0.44303	0.20239	0.21523	0.19477	0.9495
0.36543	0.47455	0.39164	0.82534	0.70672	0.44316	0.18807	0.18202	0.3276	0.2454	0.4448	0.20342	0.1955	0.21066	0.89458
0.32664	0.44166	0.39707	0.79629	0.69261	0.43511	0.18773	0.1761	0.30016	0.28037	0.4447	0.21908	0.19711	0.20195	0.90154
0.33603	0.44866	0.38728	0.79433	0.67853	0.43495	0.1802	0.18864	0.30216	0.28471	0.43343	0.22691	0.20268	0.20038	0.90495
0.36155	0.45533	0.39813	0.80817	0.68633	0.44245	0.20879	0.17307	0.30882	0.25827	0.44195	0.20102	0.19679	0.20114	0.9022
0.35349	0.48238	0.39288	0.81196	0.69204	0.42825	0.19665	0.17981	0.30388	0.28002	0.44027	0.20785	0.16877	0.18235	0.91524
0.34024	0.45304	0.3533	0.80428	0.67913	0.42449	0.18654	0.20319	0.26976	0.29333	0.44097	0.21026	0.19753	0.20686	0.91025
0.31265	0.46976	0.37122	0.82641	0.68521	0.42308	0.21376	0.19049	0.2939	0.2832	0.43021	0.21873	0.20589	0.19144	0.91614
0.34483	0.47956	0.36566	0.84608	0.68887	0.44448	0.20072	0.16444	0.31382	0.25606	0.45391	0.23279	0.18077	0.175	0.92039
0.36401	0.47585	0.38482	0.8363	0.68289	0.44462	0.19372	0.18456	0.29602	0.26276	0.45754	0.20565	0.19677	0.18459	0.9245
0.3579	0.45554	0.38988	0.8354	0.69135	0.44525	0.17025	0.19717	0.28288	0.27038	0.46949	0.21054	0.19628	0.19536	0.85505
0.35458	0.43422	0.37258	0.81532	0.69216	0.44806	0.19079	0.18014	0.32697	0.2642	0.45499	0.20933	0.21254	0.1828	0.91037
0.33678	0.44415	0.36135	0.8199	0.67998	0.40947	0.19124	0.18134	0.30783	0.26665	0.48387	0.21497	0.19269	0.18171	0.95425
0.39458	0.44981	0.37242	0.80287	0.68263	0.43506	0.20202	0.19234	0.30028	0.28004	0.44612	0.21748	0.20431	0.20436	0.91188
0.34914	0.45074	0.38273	0.80753	0.69661	0.41715	0.20135	0.18733	0.2774	0.26138	0.44359	0.20354	0.16684	0.19692	0.9092
0.35733	0.44073	0.34658	0.83849	0.68874	0.44813	0.19359	0.17465	0.31028	0.28445	0.45871	0.25473	0.20331	0.17909	0.89859
0.36697	0.44541	0.35969	0.81186	0.6963	0.42088	0.19315	0.17521	0.28249	0.2232	0.44059	0.22628	0.19798	0.2081	0.90799
0.39277	0.44691	0.34644	0.81827	0.69404	0.47178	0.18966	0.20643	0.30499	0.25475	0.42497	0.23008	0.19962	0.19318	0.93311
0.35164	0.46488	0.36271	0.82323	0.68734	0.42799	0.19889	0.18263	0.32723	0.29722	0.44727	0.23939	0.21016	0.19669	0.88492
0.32557	0.46114	0.38749	0.83501	0.70229	0.40767	0.19014	0.18672	0.3086	0.30243	0.41242	0.20994	0.1983	0.18455	0.91762
0.35477	0.46787	0.35247	0.80726	0.68447	0.43686	0.17814	0.19102	0.29236	0.27132	0.43981	0.21151	0.19511	0.18052	0.89915
0.35185	0.47165	0.35324	0.84534	0.68548	0.48347	0.1918	0.20234	0.28238	0.24579	0.45656	0.2197	0.21054	0.16674	0.90456
0.37146	0.44253	0.37449	0.83304	0.6774	0.45838	0.21694	0.18126	0.28107	0.26051	0.45113	0.20842	0.20854	0.18297	0.88837
0.32574	0.49068	0.37438	0.83444	0.6803	0.47519	0.1789	0.17554	0.2982	0.28457	0.45539	0.23893	0.21502	0.18603	0.92902
0.33019	0.44279	0.33823	0.84818	0.68777	0.43496	0.19347	0.17407	0.28931	0.27868	0.44526	0.19623	0.185	0.17824	0.92974
0.3466	0.45377	0.4063	0.77881	0.68532	0.44909	0.1979	0.20215	0.33765	0.26672	0.46346	0.24138	0.18012	0.20282	0.89765
0.36068	0.44944	0.38513	0.81908	0.68014	0.42962	0.20022	0.19491	0.3001	0.27653	0.44022	0.25842	0.20371	0.17755	0.89659
0.37478	0.44722	0.34657	0.78788	0.6722	0.41432	0.18268	0.19276	0.31191	0.26423	0.42487	0.21159	0.20642	0.19237	0.89063
0.35039	0.49064	0.3485	0.84026	0.69949	0.46672	0.17435	0.18784	0.2941	0.28863	0.42184	0.21815	0.17413	0.19569	0.92625
0.33439	0.44708	0.39618	0.83942	0.69293	0.45752	0.21155	0.18428	0.29693	0.27382	0.45264	0.19834	0.20631	0.18062	0.90954
0.33346	0.46128	0.41679	0.83321	0.66909	0.42425	0.18799	0.15914	0.30941	0.27105	0.4496	0.19883	0.20783	0.16904	0.85992
0.288	0.47984	0.37696	0.84972	0.67878	0.43352	0.20621	0.17697	0.32091	0.29051	0.44013	0.24372	0.1959	0.19174	0.94173
0.32854	0.47827	0.34153	0.82307	0.68877	0.48609	0.19013	0.17799	0.29963	0.26782	0.42261	0.25165	0.19067	0.18235	0.91603
0.36882	0.46552	0.37334	0.8256	0.69604	0.50356	0.16796	0.18048	0.29391	0.25557	0.44544	0.19638	0.18222	0.1779	0.8801
0.3533	0.45318	0.35289	0.80644	0.67838	0.44492	0.19721	0.18438	0.35502	0.26111	0.45355	0.21653	0.187	0.19242	0.91551
0.32303	0.48463	0.39461	0.81814	0.68921	0.44373	0.16073	0.18478	0.29478	0.28265	0.45307	0.2322	0.2102	0.20514	0.90157
