1	15.337435302734375	13.508292236328124
2	12.712645263671876	12.20065673828125
3	11.3197998046875	11.557318115234375
4	11.117359619140625	11.103983154296875
5	10.748631591796874	10.899208984375
6	10.467943115234375	10.617313232421875
7	10.5843115234375	10.660799560546875
8	10.095362548828126	10.529923095703126
9	10.41646240234375	10.258924560546875
10	9.935515747070312	10.071680908203126
11	9.5567919921875	10.214373168945313
12	10.156806640625	10.29718994140625
13	9.906903076171876	10.035297241210937
14	9.941818237304688	10.48946044921875
15	10.057737426757813	9.882353515625
16	9.514219360351563	10.138159790039062
17	9.945175170898438	10.041400756835937
18	9.767911376953125	9.66258544921875
19	9.70423828125	9.662943115234375
20	9.440465698242187	9.938628540039062
21	9.780187377929687	10.079882202148438
22	9.937354736328125	9.860018920898437
23	9.503929443359375	9.839940185546874
24	9.655614013671874	9.773228759765624
25	9.83595947265625	9.5675146484375
26	9.04503173828125	9.39314453125
27	9.874522094726563	9.84216552734375
28	9.631559448242188	9.869819946289063
29	9.661752319335937	9.708167724609375
30	9.732059326171875	9.622284545898438
31	9.7165625	9.811318969726562
32	8.833596801757812	9.706846923828126
33	9.800322265625	9.627603149414062
34	9.534727783203126	9.718661499023437
35	9.182646484375	9.537471313476562
36	9.380881958007812	9.7378466796875
37	9.58681640625	9.446854248046876
38	9.537821655273438	9.48072265625
39	9.15910400390625	9.687194213867187
40	9.578887939453125	9.547997436523438
41	8.967408447265624	9.3986572265625
42	9.373408203125	9.525341796875
43	9.129744262695313	9.574530029296875
44	9.234231567382812	9.670087280273437
45	9.547468872070313	9.597164306640625
46	9.290423583984374	9.822282104492187
47	9.324544067382812	9.912252197265625
48	9.29105712890625	9.531156616210938
49	9.455405883789062	9.549956665039062
50	9.39245849609375	9.459421997070313
51	9.514773559570312	9.56924072265625
52	9.3339453125	9.661558227539063
53	9.328958129882812	9.695474853515625
54	9.3472021484375	9.6210546875
55	8.920167846679687	9.575748291015625
56	9.365935668945312	9.537398681640624
57	9.234751586914063	9.605635986328124
58	8.758609619140625	9.330145263671875
59	9.17561767578125	9.407826538085937
60	9.09546142578125	9.536793823242187
61	8.313490600585938	9.631808471679687
62	9.366570434570313	9.346834716796875
63	9.150549926757812	9.401278686523437
64	9.023932495117187	9.415859985351563
65	8.981431884765625	9.3882666015625
66	8.779688720703126	9.444727172851563
67	8.532108154296875	9.350750732421876
68	9.139677734375	9.103252563476563
69	8.784486083984374	9.362127075195312
70	8.29165283203125	9.0411279296875
71	9.180170288085938	9.10297607421875
72	8.954168090820312	9.186856689453125
73	8.874432373046876	9.4073291015625
74	8.799945678710937	9.236510009765626
75	8.921817016601562	8.992753295898437
76	9.045487670898437	8.71122802734375
77	8.910709228515625	9.04179931640625
78	8.99049560546875	8.900278930664063
79	8.442719116210938	9.174511108398438
80	9.07857666015625	9.190719604492188
81	8.99537353515625	8.794214477539063
82	8.675305786132812	8.954252319335938
83	8.605897216796874	9.170470581054687
84	8.976371459960937	9.259341430664062
85	8.76787841796875	9.087255859375
86	8.865534057617188	9.211644897460937
87	8.79020751953125	9.237886962890625
88	8.866323852539063	8.73224609375
89	9.0656982421875	8.858262329101562
90	8.956859130859375	8.810096435546875
91	8.793258666992188	8.65130859375
92	8.59549560546875	8.582933959960938
93	8.880535888671876	8.72916015625
94	8.277122802734375	8.654871826171876
95	8.8627978515625	8.729389038085937
96	8.709605712890625	8.966663818359375
97	8.78112548828125	9.009743041992188
98	8.388843994140625	8.903135375976563
99	8.783064575195313	8.9489990234375
100	8.236708374023438	9.106488037109376
101	8.793126220703124	8.780888671875
102	7.912127685546875	8.827532348632813
103	8.922847900390625	8.978591918945312
104	8.82921630859375	8.8463818359375
105	8.714652709960937	8.778585815429688
106	8.887249755859376	8.784840698242187
107	8.50218994140625	8.73477783203125
108	8.5501513671875	9.362960815429688
109	8.792128295898438	8.666703491210937
110	8.764263305664063	8.929369506835938
111	8.412399291992188	8.61
112	8.737175903320313	8.727460327148437
113	8.581158447265626	8.984544677734375
114	8.623920288085937	8.758698120117188
115	8.7741064453125	8.733037109375
116	8.756953125	8.917866821289062
117	8.340731811523437	8.932064819335938
118	8.449284057617188	8.658012084960937
119	8.625065307617188	8.411404418945313
120	8.43356689453125	8.638961791992188
121	8.173018798828124	8.608046875
122	8.792040405273438	8.559189453125
123	8.59511962890625	8.579073486328125
124	8.336717529296875	8.586876220703125
125	8.437153930664062	8.883560791015626
126	8.67457275390625	8.903450317382813
127	8.660800170898437	8.933086547851563
128	8.052648315429687	8.63927734375
129	8.536460571289062	8.535692138671875
130	8.45309326171875	8.474376220703125
131	7.9545526123046875	8.670846557617187
132	8.479290771484376	8.646541137695312
133	8.568779907226563	8.499277954101563
134	8.728765258789062	8.528417358398437
135	8.603809814453125	8.640972900390626
136	8.437169189453124	8.63999267578125
137	8.532191772460937	8.685859985351563
138	8.229783325195312	8.531857299804688
139	8.680010375976563	8.474840698242188
140	8.495490112304687	8.728136596679688
141	8.5388671875	8.588596801757813
142	8.34279541015625	8.592788696289062
143	8.30931884765625	8.7230126953125
144	8.422739868164063	8.635375366210937
145	8.578977661132813	8.522062377929688
146	8.5000732421875	8.520614624023438
147	8.5055517578125	8.350887451171875
148	8.361275024414063	8.62520751953125
149	8.6261962890625	8.69710693359375
150	8.633489379882812	8.4504248046875
151	8.092281494140625	8.522271728515625
152	8.410670776367187	8.751783447265625
153	8.20193115234375	8.591630859375
154	8.509856567382812	8.529560546875
155	8.29386962890625	8.369766845703126
156	8.03514892578125	8.25499267578125
157	8.558173828125	8.450026245117188
158	8.174423217773438	8.5334375
159	8.024957275390625	8.299699096679687
160	8.378981323242188	8.290042114257812
161	8.270573120117188	8.631873168945312
162	8.459386596679687	8.3870849609375
163	8.060230102539062	8.290582275390625
164	8.317743530273438	8.484415893554688
165	8.132490844726563	8.486918334960938
166	8.464552001953125	8.439227905273437
167	8.485390625	8.781527099609375
168	7.940608520507812	8.382805786132813
169	8.379750366210937	8.375792846679687
170	8.156215209960937	8.796250610351562
171	8.349131469726563	8.59976806640625
172	8.420158081054687	8.451257934570313
173	8.38106689453125	8.450780029296874
174	7.9585791015625	8.42523193359375
175	8.029846801757813	8.439168701171875
176	8.229447631835937	8.417000732421876
177	8.190281982421874	8.369569091796874
178	7.790242919921875	8.305037841796874
179	8.51511474609375	8.38694580078125
180	8.26991943359375	8.389381103515625
181	7.986224975585937	8.272261352539063
182	8.222394409179687	8.400223388671876
183	8.120936279296876	8.389468383789062
184	8.21938720703125	8.149017944335938
185	8.233787841796875	8.30259765625
186	8.36673095703125	8.141689453125
187	8.269154663085937	8.124254150390625
188	8.173021850585938	8.105471801757812
189	7.88416748046875	8.24221923828125
190	8.199381713867188	8.457716064453125
191	7.9470263671875	8.209422607421875
192	8.151822509765625	8.09413330078125
193	8.063084106445313	8.189375
194	7.94329833984375	8.447404174804687
195	8.268991088867187	8.062685546875
196	8.458934936523438	7.938602294921875
197	8.22567138671875	8.153928833007813
198	8.138428344726563	8.18029541015625
199	7.7895947265625	8.116779174804687
200	8.232576293945312	8.3628955078125
201	7.83669677734375	8.15905029296875
202	8.104796142578126	7.986510620117188
203	8.18232421875	8.352421875
204	8.275633544921876	8.666897583007813
205	8.324607543945312	8.469231567382813
206	8.096652221679687	8.313764038085937
207	7.961064453125	8.12693603515625
208	8.32770751953125	8.26838623046875
209	8.1101416015625	8.398883666992187
210	8.2928466796875	8.247517700195312
211	8.12099853515625	8.2327734375
212	8.1385205078125	8.035671997070313
213	7.567166137695312	8.20331298828125
214	8.159239501953126	8.118671264648437
215	8.226558837890625	8.397395629882812
216	7.952594604492187	8.197777709960938
217	7.956690673828125	8.254718627929687
218	8.267481689453126	8.341795043945313
219	7.7533154296875	8.094434814453125
220	7.973232421875	8.255202026367188
221	7.84941162109375	8.067411499023438
222	7.822887573242188	8.093131713867187
223	7.879410400390625	7.946927490234375
224	7.91540771484375	8.352390747070313
225	8.151131591796876	7.952264404296875
226	7.988467407226563	8.001378173828124
227	8.045243530273437	8.206956176757812
228	7.823690185546875	8.194862060546875
229	7.919785766601563	7.953678588867188
230	7.986015014648437	8.301309204101562
231	7.828072509765625	8.39232177734375
232	8.174064331054687	8.056287841796875
233	8.085458374023437	7.982012329101562
234	7.947911987304687	8.07657470703125
235	7.96807861328125	8.029644775390626
236	7.85827880859375	7.9311590576171875
237	7.9533935546875	7.908162231445313
238	8.1129833984375	8.085016479492188
239	7.942815551757812	8.097650756835938
240	7.920359497070312	8.050081176757812
241	8.102898559570313	8.019879760742187
242	7.861126708984375	8.234801025390626
243	7.71638671875	8.217503051757813
244	8.130346069335937	7.977305908203125
245	7.995698852539062	7.772453002929687
246	7.83175048828125	8.01302734375
247	7.939163818359375	8.07323974609375
248	7.493131103515625	8.007615356445312
249	7.779064331054688	8.035053100585937
250	7.953756713867188	8.045198974609375
251	8.04044921875	8.14970703125
252	7.60827392578125	7.724129638671875
253	7.976450805664062	8.164985961914063
254	7.837968139648438	8.021901245117187
255	7.947898559570312	7.8842230224609375
256	7.86177490234375	7.814890747070312
257	7.8164990234375	7.867886962890625
258	7.759755859375	7.796250610351563
259	7.738164672851562	7.717092895507813
260	7.836336669921875	7.7986297607421875
261	8.016405639648438	8.20116943359375
262	7.6954107666015625	8.040862426757812
263	7.887470703125	7.9566748046875
264	7.703653564453125	7.836116333007812
265	7.886202392578125	7.7144317626953125
266	7.6462548828125	7.818355102539062
267	7.574160766601563	7.911674194335937
268	7.733682250976562	7.756422119140625
269	7.599955444335937	7.796908569335938
270	8.032413330078125	7.997330322265625
271	7.927805786132812	7.9425592041015625
272	7.764071044921875	7.990606079101562
273	7.820850830078125	7.960470581054688
274	8.167709350585938	8.084744262695313
275	7.940346069335938	7.78596435546875
276	7.608006591796875	7.73413330078125
277	7.80775634765625	8.003255615234375
278	7.961661376953125	7.96517578125
279	7.6907080078125	7.940528564453125
280	7.81975830078125	7.924473876953125
281	7.776608276367187	7.859696044921875
282	7.8755560302734375	8.040399169921875
283	7.682749633789062	7.9060107421875
284	7.58181884765625	7.914647216796875
285	7.873392333984375	7.958882446289063
286	7.568937377929688	7.811897583007813
287	8.144697265625	8.081683959960937
288	7.749751586914062	7.80661376953125
289	7.754210815429688	7.869419555664063
290	7.629827270507812	8.056953735351563
291	7.684052124023437	7.899135131835937
292	7.4816455078125	7.608079223632813
293	7.555167236328125	7.83697998046875
294	8.022420654296875	8.15333740234375
295	7.951943359375	8.1087451171875
296	8.063880004882812	7.864522705078125
297	7.910394287109375	7.97809814453125
298	8.017604370117187	8.434873657226563
299	7.801784057617187	7.690509643554687
300	7.863109741210938	7.963281860351563
301	7.569266967773437	7.712704467773437
302	7.880953979492188	8.023220825195313
303	7.895660400390625	7.765418701171875
304	7.523130493164063	7.71001953125
305	7.844815673828125	7.829398193359375
306	7.638739013671875	7.660550537109375
307	7.4875726318359375	7.872158813476562
308	7.760513916015625	7.917763061523438
309	7.549393920898438	7.8645782470703125
310	7.703082885742187	7.678717041015625
311	7.907650146484375	7.909946899414063
312	7.579450073242188	7.88182861328125
313	7.722906494140625	7.764113159179687
314	7.8414544677734375	7.772280883789063
315	7.5419244384765625	8.007757568359375
316	7.894038696289062	7.5726904296875
317	7.604771728515625	7.771493530273437
318	7.73912109375	8.0298486328125
319	7.541613159179687	7.87317138671875
320	7.753197021484375	7.7239141845703125
321	7.331467895507813	7.865144653320312
322	7.624036254882813	7.852081909179687
323	7.577916259765625	7.641754150390625
324	7.585219116210937	7.705626831054688
325	7.722026977539063	7.599444580078125
326	7.417571411132813	7.7066064453125
327	7.868378295898437	7.703902587890625
328	7.439503173828125	7.684342041015625
329	7.639920654296875	7.862166137695312
330	7.8045068359375	7.730342407226562
331	7.519264526367188	7.599737548828125
332	7.738805541992187	7.686190185546875
333	7.598994140625	8.096526489257812
334	7.85631103515625	7.673345947265625
335	7.8045068359375	7.757054443359375
336	7.68017578125	8.000010986328125
337	7.401939086914062	7.763369140625
338	7.72547607421875	7.589215698242188
339	7.435895385742188	7.5790478515625
340	7.607384033203125	8.550928955078126
341	8.145172729492188	7.901454467773437
342	7.654376831054687	7.699130249023438
343	7.366994018554688	7.8227606201171875
344	7.7573394775390625	7.716718139648438
345	7.746657104492187	7.693981323242188
346	7.628165283203125	7.633445434570312
347	7.545068359375	7.561376953125
348	7.817271118164062	7.747764282226562
349	7.594788208007812	7.584677734375
350	7.62802978515625	7.802081909179687
351	7.315138549804687	7.713367919921875
352	7.775385131835938	7.386480102539062
353	7.725760498046875	7.6636590576171875
354	7.563817749023437	7.574738159179687
355	7.409029541015625	7.63394287109375
356	7.7134814453125	7.69934326171875
357	7.427674560546875	7.51093017578125
358	7.60127685546875	7.707662353515625
359	7.589224243164063	7.6238818359375
360	7.3634710693359375	7.556538696289063
361	7.5222314453125	7.5723828125
362	7.606688232421875	7.758060913085938
363	7.72828369140625	7.598827514648438
364	7.435238037109375	7.591156005859375
365	7.80325927734375	8.572426147460938
366	7.538912353515625	8.036829833984376
367	7.656602172851563	7.663233642578125
368	7.640684204101563	8.208516845703125
369	7.463031005859375	7.71714599609375
370	7.673042602539063	8.11395751953125
371	8.064595947265625	8.261640625
372	7.79453369140625	8.266491088867188
373	7.834232788085938	8.062908325195313
374	7.8248486328125	7.53284912109375
375	7.424923706054687	7.628607177734375
376	7.498820190429687	7.562479248046875
377	7.58384033203125	7.518621826171875
378	7.390633544921875	7.591677856445313
379	7.596455078125	7.77404541015625
380	7.613313598632812	7.546273193359375
381	7.379168701171875	7.515904541015625
382	7.482334594726563	7.529545288085938
383	7.4241943359375	7.541331176757812
384	7.614241943359375	7.729876098632812
385	7.316465454101563	7.59579833984375
386	7.60802734375	7.742879638671875
387	7.5340814208984375	7.73030517578125
388	7.304932250976562	7.673215942382813
389	7.532238159179688	7.748517456054688
390	7.642747802734375	7.497891845703125
391	7.506008911132812	7.583741455078125
392	7.551530151367188	7.66404296875
393	7.120841674804687	7.562802124023437
394	7.982099609375	7.981519165039063
395	7.353232421875	7.861874389648437
396	7.6864013671875	7.3339080810546875
397	7.339462890625	7.43631103515625
398	7.596766967773437	7.291123046875
399	7.421079711914063	8.0847607421875
400	7.464925537109375	7.379566650390625
401	7.220533447265625	7.384132080078125
402	7.295941772460938	7.369697265625
403	7.309351196289063	7.54759521484375
404	7.483521728515625	7.461209716796875
405	7.352742919921875	7.404356079101563
406	7.348306274414062	7.451336059570313
407	7.507586059570312	7.55488525390625
408	7.452872924804687	7.578997802734375
409	7.7532177734375	8.156589965820313
410	7.587898559570313	7.725197143554688
411	7.675761108398437	7.59159423828125
412	7.63346435546875	7.572412719726563
413	7.410357666015625	7.548442993164063
414	7.31083740234375	7.344634399414063
415	7.48269775390625	7.373914184570313
416	7.681117553710937	7.597825317382813
417	7.365958862304687	7.367009887695312
418	7.495928344726562	7.216921997070313
419	7.434969482421875	7.351275634765625
420	7.204878540039062	7.209786376953125
421	7.27476318359375	7.272476806640625
422	7.325328979492188	7.308939208984375
423	7.289953002929687	7.318794555664063
424	7.38261962890625	7.403123779296875
425	7.404945068359375	7.395609130859375
426	7.5956103515625	7.9921112060546875
427	7.5593939208984375	7.5976495361328125
428	7.362199096679688	7.47968017578125
429	7.3164910888671875	7.357963256835937
430	7.290892333984375	7.40855712890625
431	7.250570068359375	7.237918701171875
432	7.48249755859375	7.385809326171875
433	7.437893676757812	7.228721923828125
434	7.472644653320312	7.182786865234375
435	7.479461669921875	7.259122924804688
436	7.19225830078125	7.42813720703125
437	7.42005126953125	7.315509643554687
438	7.402471923828125	7.4329296875
439	7.325732421875	7.533861694335937
440	7.11618896484375	7.201668701171875
441	7.434274291992187	7.596517333984375
442	7.269512329101563	7.31197021484375
443	7.394323120117187	7.452820434570312
444	7.415653076171875	7.571837768554688
445	7.53669677734375	7.62228515625
446	7.260432739257812	7.488301391601563
447	7.59446533203125	7.850802612304688
448	7.68420166015625	7.836474609375
449	7.623933715820312	7.967737426757813
450	7.509229736328125	7.507796630859375
451	7.530421752929687	7.337015380859375
452	7.2369317626953125	7.355297241210938
453	6.964735107421875	7.311572875976562
454	7.422178344726563	7.295230102539063
455	7.398477172851562	7.537875366210938
456	7.217704467773437	7.367130126953125
457	7.42524658203125	7.32673095703125
458	7.32297119140625	7.23205078125
459	7.206660766601562	7.281104736328125
460	7.151702880859375	7.349054565429688
461	7.201139526367188	7.268194580078125
462	7.274104614257812	7.262421264648437
463	7.100628051757813	7.2803857421875
464	7.048623657226562	7.316492919921875
465	7.17082275390625	7.248560791015625
466	7.035810546875	7.443841552734375
467	7.223563232421875	7.479705810546875
468	7.1641607666015625	7.51382080078125
469	7.459415893554688	7.245460205078125
470	7.2170953369140625	7.221494750976563
471	7.07389892578125	7.373169555664062
472	7.059764404296875	7.166921997070313
473	7.063589477539063	7.336949462890625
474	7.209055786132812	7.35350341796875
475	7.05867919921875	7.3489752197265625
476	6.722525634765625	7.282805786132813
477	7.40728759765625	7.247233276367187
478	7.067710571289062	7.2217626953125
479	7.532423095703125	8.62256591796875
480	7.529950561523438	7.595507202148437
481	7.527798461914062	7.585443115234375
482	7.273018188476563	7.361835327148437
483	7.5649560546875	7.299659423828125
484	7.189176025390625	7.382052001953125
485	7.36525146484375	7.208600463867188
486	7.305318603515625	7.310433959960937
487	7.283281860351562	7.235640258789062
488	7.304384765625	7.302164306640625
489	7.11439453125	7.309823608398437
490	7.2998504638671875	7.277470703125
491	7.170316772460938	7.218733520507812
492	7.135670776367188	7.374514770507813
493	7.375643920898438	7.16568603515625
494	6.868885498046875	7.376943359375
495	7.076417236328125	7.129813232421875
496	6.781678466796875	7.1151416015625
497	7.14463134765625	7.0761767578125
498	7.055628051757813	7.0823828125
499	7.345516357421875	7.130814819335938
500	7.18614990234375	7.022034912109375
501	7.0029638671875	7.252140502929688
502	7.20636474609375	7.244495239257812
503	6.965877685546875	7.090745849609375
504	7.321644897460938	7.272588500976562
505	7.3822174072265625	7.373850708007812
506	7.168867797851562	7.177047119140625
507	7.228154907226562	7.16263427734375
508	7.109924926757812	7.136852416992188
509	7.08993896484375	7.136553344726562
510	7.05027587890625	7.104448852539062
511	6.853181762695312	6.935109252929688
512	7.241350708007812	7.079998168945313
513	7.330791015625	6.999844360351562
514	7.042982177734375	7.159288330078125
515	7.08093017578125	7.18751953125
516	7.03915771484375	7.053826904296875
517	6.871704711914062	7.066856079101562
518	7.198704223632813	7.232813110351563
519	6.934724731445312	7.17197265625
520	7.014169311523437	7.251775512695312
521	6.961762084960937	7.300077514648438
522	7.6369970703125	7.91276123046875
523	7.6478204345703125	7.418709106445313
524	7.165438842773438	7.242428588867187
525	7.326255493164062	7.250629272460937
526	6.808637084960938	7.21701904296875
527	7.120726928710938	7.133779296875
528	7.385425415039062	7.49873779296875
529	7.308679809570313	7.151693725585938
530	7.162493286132812	7.13759521484375
531	7.17836669921875	7.72111083984375
532	6.989772338867187	7.2481640625
533	7.269640502929687	7.204417724609375
534	7.139496459960937	7.293206787109375
535	7.438081665039062	7.287944946289063
536	7.14340087890625	7.399012451171875
537	7.171090087890625	7.290147705078125
538	7.009986572265625	7.2412042236328125
539	7.041295776367187	7.171728515625
540	7.04631103515625	7.188255615234375
541	6.967413330078125	7.223001098632812
542	7.154476318359375	7.081188354492188
543	7.049630737304687	7.030679931640625
544	6.9079736328125	6.934718017578125
545	6.996691284179687	7.0865087890625
546	7.115203247070313	7.06525390625
547	7.0844793701171875	6.905691528320313
548	7.0678662109375	7.108484497070313
549	7.00703125	7.107241821289063
550	6.969915771484375	7.202362670898437
551	6.879627685546875	7.22621337890625
552	7.034076538085937	7.014725952148438
553	7.082109985351562	7.101170654296875
554	7.147613525390625	7.226956176757812
555	7.4695849609375	7.1753662109375
556	7.027752075195313	7.1522607421875
557	7.076543579101562	6.98484130859375
558	7.057098999023437	7.119920654296875
559	7.117042846679688	7.157662963867187
560	7.157071533203125	7.149459228515625
561	7.008715209960937	7.041595458984375
562	7.059081420898438	7.0623321533203125
563	6.879136962890625	7.11132568359375
564	7.404956665039062	7.06570068359375
565	7.2299951171875	7.186024780273438
566	7.01292724609375	7.270564575195312
567	6.878146362304688	6.935927124023437
568	7.009134521484375	6.808062744140625
569	7.012761840820312	6.995992431640625
570	6.768648681640625	7.049159545898437
571	7.086398315429688	7.096177978515625
572	6.989163818359375	6.996473388671875
573	8.040018920898438	10.037886962890624
574	8.082047119140626	7.1719293212890625
575	6.980101318359375	7.1901513671875
576	7.0095556640625	7.043092651367187
577	7.067503662109375	7.035353393554687
578	7.091131591796875	7.1377978515625
579	6.931112060546875	6.982113037109375
580	6.862739868164063	6.8816290283203125
581	7.2914276123046875	7.073233032226563
582	6.965067138671875	6.958470458984375
583	7.144594116210937	7.1098486328125
584	7.099049682617188	7.106793823242188
585	7.080072021484375	6.930509643554688
586	7.0130322265625	7.327987060546875
587	8.873707885742187	8.406754760742187
588	7.184833374023437	7.2944573974609375
589	7.20117919921875	7.20521484375
590	7.046971435546875	7.018715209960938
591	6.846282348632813	7.010167236328125
592	6.816714477539063	6.957867431640625
593	6.94567138671875	7.1694677734375
594	7.075319213867187	7.3943017578125
595	7.514732666015625	7.648886108398438
596	7.763522338867188	7.07703125
597	7.27008544921875	7.132872924804688
598	7.175380859375	7.124462890625
599	7.03217041015625	6.8972216796875
600	6.865848388671875	7.04674560546875
601	7.233092651367188	7.26389892578125
602	6.8742041015625	7.107902221679687
603	7.261375122070312	7.420718383789063
604	7.141935424804688	7.001370849609375
605	6.720429077148437	7.012764282226563
606	7.112510375976562	7.112294311523438
607	7.139505004882812	6.98351806640625
608	7.273983764648437	7.290698852539062
609	7.132935180664062	7.295615844726562
610	7.123942260742187	6.887453002929687
611	7.002612915039062	7.095178833007813
612	7.028922119140625	7.180153198242188
613	6.868424682617188	7.271367797851562
614	7.079172973632812	7.0853643798828125
615	7.1517486572265625	7.137203979492187
616	7.150797119140625	7.11078857421875
617	7.048671264648437	6.976734008789062
618	7.095132446289062	7.069264526367188
619	6.811653442382813	6.903265380859375
620	6.73214599609375	7.051260986328125
621	7.008634643554688	7.033447265625
622	6.890457763671875	6.91218017578125
623	6.848572387695312	7.205670776367188
624	6.951180419921875	6.925599365234375
625	6.93909912109375	6.858175659179688
626	6.822488403320312	7.01692138671875
627	7.384359130859375	7.409177856445313
628	7.330128173828125	7.2286529541015625
629	6.878898315429687	6.8623724365234375
630	6.872650146484375	7.060855102539063
631	6.944349975585937	7.040014038085937
632	6.882281494140625	6.721922607421875
633	6.778171997070313	6.8435693359375
634	6.8742822265625	6.763790893554687
635	6.741432495117188	7.113482666015625
636	6.890468139648437	6.956381225585938
637	6.838598022460937	7.04519775390625
638	6.800663452148438	6.990338745117188
639	7.03189453125	6.948150634765625
640	6.789889526367188	6.975615844726563
641	6.629098510742187	6.962987060546875
642	6.702532348632812	6.873154296875
643	6.887062377929688	6.975401000976563
644	7.13152587890625	7.02329345703125
645	6.90301513671875	7.107721557617188
646	6.875677490234375	7.048133544921875
647	6.910990600585937	6.84811279296875
648	6.937838134765625	7.035318603515625
649	6.778828125	6.92875
650	6.94083984375	6.818407592773437
651	6.800563354492187	6.783504028320312
652	7.0149163818359375	6.920186767578125
653	6.690432739257813	6.903709716796875
654	6.691124267578125	6.941441650390625
655	6.868885498046875	7.004796142578125
656	6.840265502929688	6.861513061523437
657	6.936260986328125	6.814408569335938
658	6.728745727539063	7.0058984375
659	6.671367797851563	6.999227294921875
660	6.674297485351563	6.723919067382813
661	6.771296997070312	6.67835205078125
662	6.992754516601562	6.974384765625
663	6.6977911376953125	6.967711181640625
664	6.652134399414063	6.752590942382812
665	6.68474853515625	6.858029174804687
666	6.786996459960937	6.958766479492187
667	6.692757568359375	6.793306274414062
668	6.5778045654296875	6.8982568359375
669	7.051880493164062	7.048374633789063
670	7.0058056640625	7.003246459960938
671	6.778522338867187	6.90739990234375
672	6.747328491210937	6.82126708984375
673	6.743892822265625	6.800452880859375
674	6.554276123046875	6.752161254882813
675	6.633030395507813	6.851360473632813
676	6.724574584960937	6.698140258789063
677	6.56972900390625	6.88984130859375
678	6.920936889648438	6.876442260742188
679	6.636689453125	6.8654541015625
680	6.76172607421875	6.64929931640625
681	6.60531982421875	6.734606323242187
682	6.482180786132813	6.7758245849609375
683	6.7159271240234375	6.96564697265625
684	6.57458251953125	6.905119018554688
685	6.949794311523437	7.014978637695313
686	7.034771118164063	6.934461669921875
687	6.93648193359375	6.653456420898437
688	6.67587890625	6.607438354492188
689	6.703465576171875	6.967310791015625
690	6.801094360351563	6.828561401367187
691	6.776386108398437	6.780205078125
692	6.82701171875	6.98531494140625
693	6.76210205078125	6.787160034179688
694	6.798001708984375	6.89262451171875
695	6.628623046875	6.701074829101563
696	6.956480712890625	7.0156689453125
697	6.711480712890625	6.70718017578125
698	6.825597534179687	6.803697509765625
699	6.7363623046875	6.915099487304688
700	6.905426025390625	6.561770629882813
701	6.622608642578125	6.7711669921875
702	6.452711791992187	6.800296020507813
703	6.610292358398437	6.76030029296875
704	6.69645751953125	6.7884979248046875
705	6.750682983398438	6.922030029296875
706	6.746322021484375	6.9526434326171875
707	6.53649169921875	6.643328247070312
708	6.863291015625	6.688871459960938
709	6.64390625	6.980711669921875
710	6.83211181640625	6.822406005859375
711	6.83722412109375	6.920665283203125
712	6.82391357421875	6.891078491210937
713	6.813988037109375	6.653782348632813
714	6.588876953125	6.7477978515625
715	6.50015625	6.839915161132812
716	6.672548828125	7.0283660888671875
717	6.93240966796875	6.846566162109375
718	6.611859741210938	6.815669555664062
719	6.792720947265625	6.845153198242188
720	6.723707885742187	6.7487646484375
721	6.6970361328125	6.70196533203125
722	6.532030639648437	6.729261474609375
723	6.73789794921875	6.972620849609375
724	6.707916870117187	6.677490844726562
725	6.598798828125	6.687706298828125
726	6.646174926757812	6.651171264648437
727	6.512343139648437	6.43976318359375
728	6.494818115234375	6.8109619140625
729	6.811614379882813	6.929290161132813
730	6.619686889648437	6.908450317382813
731	6.667291870117188	6.79153076171875
732	6.496890258789063	6.72336181640625
733	6.673033447265625	6.634126586914062
734	6.476085205078125	6.6915771484375
735	6.64515869140625	6.792936401367188
736	6.662830200195312	6.76251953125
737	6.546281127929688	6.789205932617188
738	6.58209228515625	6.692478637695313
739	6.661032104492188	6.684859008789062
740	6.640253295898438	6.523797607421875
741	6.773285522460937	6.716508178710938
742	6.506765747070313	6.5900390625
743	6.812285766601563	6.829929809570313
744	6.74848876953125	6.746099243164062
745	6.572164306640625	6.749769287109375
746	6.665882568359375	6.6006097412109375
747	7.349893798828125	7.723445434570312
748	8.100184936523437	7.445621337890625
749	6.721376953125	6.748859252929687
750	6.756581420898438	7.138679809570313
751	7.262411499023438	6.750919799804688
752	7.24219482421875	6.47159912109375
753	7.400401000976562	7.005032958984375
754	9.599415893554687	11.9522802734375
755	9.736617431640624	7.33689453125
756	7.120554809570312	7.354823608398437
757	6.9812774658203125	6.896810302734375
758	6.977606201171875	6.656888427734375
759	6.823272094726563	6.9361944580078125
760	6.814620361328125	6.895849609375
761	6.794100952148438	7.1138525390625
762	6.927808837890625	6.78105712890625
763	6.7370947265625	6.84053955078125
764	6.663032836914063	6.778349609375
765	6.881868286132812	6.852843017578125
766	6.804164428710937	6.96245849609375
767	6.518247680664063	6.630179443359375
768	6.6452880859375	6.757586059570312
769	6.812869873046875	6.769511108398437
770	6.759537963867188	6.739717407226562
771	6.712129516601562	6.844296875
772	6.990411987304688	6.907948608398438
773	6.65806396484375	6.75851806640625
774	6.6384130859375	6.930778198242187
775	6.631748046875	6.580589599609375
776	6.460005493164062	6.406390380859375
777	6.791407470703125	6.876945190429687
778	6.833577880859375	6.814938354492187
779	6.687946166992187	6.679447021484375
780	6.632647705078125	6.6420849609375
781	6.596512451171875	6.498155517578125
782	6.484837036132813	6.631175537109375
783	6.473524780273437	6.71861572265625
784	6.490028076171875	7.058939208984375
785	6.650491943359375	7.051958618164062
786	6.74291015625	6.777627563476562
787	6.896322021484375	7.479658813476562
788	7.2054833984375	7.226044921875
789	6.8354254150390625	7.082227783203125
790	6.962581176757812	7.140713500976562
791	6.671001586914063	6.958010864257813
792	6.864994506835938	6.784757690429688
793	6.805870361328125	6.78045654296875
794	7.0034857177734375	8.000108642578125
795	8.718787841796875	8.179923706054687
796	7.3577728271484375	6.550285034179687
797	6.619180297851562	6.927409057617187
798	6.704967651367188	6.780787353515625
799	6.693504638671875	6.829061889648438
800	6.702167358398437	6.815242919921875
801	6.5259228515625	6.545106811523437
802	6.52598876953125	6.714888305664062
803	6.654401245117188	6.744020385742187
804	6.617366943359375	6.738832397460937
805	6.571776123046875	6.698333129882813
806	6.7941162109375	6.757548217773437
807	6.7012646484375	6.851441040039062
808	6.515816040039063	6.531542358398437
809	6.472822265625	6.638499145507812
810	6.5019677734375	6.618974609375
811	6.580676879882812	6.619383544921875
812	6.5013671875	6.533319091796875
813	6.60034423828125	6.740575561523437
814	6.665929565429687	6.558441772460937
815	6.393553466796875	6.555400390625
816	6.427481689453125	6.558643188476562
817	6.3810693359375	6.607191772460937
818	6.318626098632812	6.550222778320313
819	6.638195190429688	6.66687744140625
820	6.64155517578125	6.413447875976562
821	6.432572021484375	6.58390869140625
822	6.30783935546875	6.667227783203125
823	6.431973266601562	6.542682495117187
824	6.3977899169921875	6.53468505859375
825	6.204095458984375	6.4780419921875
826	6.561857299804688	6.599558715820312
827	6.438573608398437	6.466900634765625
828	6.363208618164062	6.4214599609375
829	6.4076910400390625	6.764970703125
830	7.519716186523437	7.322435913085937
831	6.943753662109375	6.9422021484375
832	6.672305908203125	6.655684204101562
833	6.6374951171875	6.617088012695312
834	6.524972534179687	6.727520751953125
835	6.753140869140625	6.408402099609375
836	6.3340911865234375	6.791958618164062
837	6.695	6.431265258789063
838	6.332993774414063	6.541452026367187
839	6.274253540039062	6.439664916992188
840	6.3165771484375	6.453899536132813
841	6.3855352783203125	6.701581420898438
842	6.5566015625	6.669542236328125
843	6.45291015625	6.4682855224609375
844	6.549765014648438	6.653512573242187
845	6.505580444335937	6.455467529296875
846	6.417464599609375	6.3172674560546875
847	6.282360229492188	6.756627197265625
848	6.664304809570313	6.553858032226563
849	6.751758422851562	6.572484130859375
850	6.450406494140625	6.420316772460938
851	6.349852294921875	6.7612152099609375
852	7.178817138671875	7.7591015625
853	6.919133911132812	6.968631591796875
854	7.269959716796875	7.240213012695312
855	6.83051513671875	6.727181396484375
856	6.5269482421875	6.700587158203125
857	6.740506591796875	6.794413452148437
858	6.720625	6.580385131835937
859	6.517008666992187	6.700012817382812
860	6.59660888671875	6.758828125
861	6.4960546875	6.412849731445313
862	6.525125732421875	6.70158447265625
863	6.551603393554688	6.591375732421875
864	6.395355834960937	6.26700927734375
865	6.180593872070313	6.497813110351562
866	6.34624267578125	6.55622314453125
867	6.5971746826171875	6.626124267578125
868	6.4172906494140625	6.51761962890625
869	6.475769653320312	6.521129760742188
870	6.454947509765625	6.5964404296875
871	6.348583984375	6.578946533203125
872	6.488451538085937	6.702240600585937
873	6.59252685546875	6.96807861328125
874	6.568250732421875	6.63704345703125
875	6.893770141601562	6.910213623046875
876	6.702667236328125	6.528653564453125
877	6.678201904296875	6.557980346679687
878	6.626334228515625	6.95628173828125
879	6.578710327148437	6.634461669921875
880	6.49465087890625	6.552021484375
881	6.497017211914063	6.554823608398437
882	6.5959375	6.4495086669921875
883	6.584549560546875	6.600010375976563
884	6.482363891601563	6.5735205078125
885	6.471395263671875	6.460062255859375
886	6.394017944335937	6.293195190429688
887	6.231392211914063	6.568521728515625
888	6.304605102539062	6.502139282226563
889	6.462584228515625	6.513299560546875
890	6.518956298828125	6.64316650390625
891	6.464191284179687	6.67958740234375
892	6.42561767578125	6.526822509765625
893	6.289198608398437	6.42163330078125
894	6.523455200195312	6.48678466796875
895	6.316895141601562	6.303460693359375
896	6.398248291015625	6.3216015625
897	6.400531005859375	6.451690673828125
898	6.444539184570313	6.4066400146484375
899	6.375916137695312	6.4431103515625
900	6.743424682617188	6.415023193359375
901	6.4393072509765625	6.46506591796875
902	6.103533935546875	6.563554077148438
903	6.600942993164063	6.589719848632813
904	6.386188354492187	6.606839599609375
905	6.297832641601563	6.302996215820312
906	6.365459594726563	6.512456665039062
907	6.199514770507813	6.388988647460938
908	6.346217651367187	6.757367553710938
909	6.249700927734375	6.29247802734375
910	6.1941845703125	6.300228271484375
911	6.329620971679687	6.621304931640625
912	6.344934692382813	6.466614990234375
913	6.370523071289062	6.396854248046875
914	6.31886474609375	6.31784423828125
915	6.5234228515625	6.487213134765625
916	6.585359497070312	6.156862182617187
917	6.293296508789062	6.4741015625
918	6.339732666015625	6.30091796875
919	6.3217010498046875	6.648456420898437
920	6.370455932617188	6.636386108398438
921	6.33654052734375	6.4855712890625
922	6.393788452148438	6.606725463867187
923	6.39291259765625	6.38745361328125
924	6.117758178710938	6.424476318359375
925	6.367171630859375	6.649517211914063
926	6.4049444580078125	6.404224853515625
927	6.43538330078125	6.477757568359375
928	6.343391723632813	6.382523193359375
929	6.294281005859375	6.290136108398437
930	6.331328735351563	6.240562744140625
931	6.21123046875	6.1732855224609375
932	6.524380493164062	6.496757202148437
933	6.68384765625	6.92165283203125
934	7.0642626953125	6.781771240234375
935	7.086209716796875	7.056900634765625
936	6.900825805664063	7.152381591796875
937	6.977068481445312	6.95176025390625
938	6.749116821289062	7.033475341796875
939	6.66353271484375	6.884786376953125
940	6.604248657226562	6.777966918945313
941	6.593603515625	6.48954345703125
942	6.65336669921875	6.465186767578125
943	6.556060791015625	6.4159814453125
944	6.314732666015625	6.403638916015625
945	6.46283203125	6.629273681640625
946	6.36651611328125	6.4641845703125
947	6.508011474609375	6.647425537109375
948	6.720945434570313	6.661959838867188
949	6.507093505859375	7.168780517578125
950	7.313365478515625	7.483995361328125
951	7.001922607421875	7.226680908203125
952	6.591840209960938	6.43439208984375
953	6.518341064453125	6.9541162109375
954	6.430789794921875	6.7361962890625
955	6.568209838867188	6.477164306640625
956	6.375606079101562	6.280245971679688
957	6.5189892578125	6.653417358398437
958	6.415827026367188	6.435028076171875
959	6.37665771484375	6.648148803710938
960	6.369085083007812	6.534373779296875
961	6.3056488037109375	6.373927612304687
962	6.57884765625	6.43465087890625
963	6.482858276367187	6.408540649414062
964	6.291138305664062	6.544373168945312
965	6.101550903320312	6.549890747070313
966	7.422329711914062	7.646310424804687
967	7.297864990234375	6.617689208984375
968	6.53519775390625	6.475009155273438
969	6.627562255859375	6.392047119140625
970	6.53619140625	6.480181884765625
971	6.486890258789063	6.45427001953125
972	6.158292846679688	6.322420043945312
973	6.194274291992188	6.505533447265625
974	6.56593017578125	6.369967651367188
975	6.361116943359375	6.2668896484375
976	6.326425170898437	6.367367553710937
977	6.28416748046875	6.348711547851562
978	6.269498291015625	6.373087768554687
979	6.372154541015625	6.492465209960938
980	6.469747924804688	6.408114013671875
981	6.228970947265625	6.409119873046875
982	6.326051025390625	6.405735473632813
983	6.254485473632813	6.274249267578125
984	6.347542114257813	6.5968017578125
985	6.446704711914062	6.316669921875
986	6.333236083984375	6.487919921875
987	6.32412109375	6.48424560546875
988	6.3272265625	6.516764526367187
989	6.188983154296875	6.3663397216796875
990	6.187867431640625	6.3599481201171875
991	6.28155029296875	6.396128540039062
992	6.21249267578125	6.424663696289063
993	6.325172119140625	6.362415161132812
994	6.204561767578125	6.46804443359375
995	5.963087158203125	6.676845092773437
996	6.4247198486328125	6.59243408203125
997	6.478760986328125	6.375726318359375
998	6.4701470947265625	6.658261108398437
999	6.292305297851563	6.662562866210937
1000	6.360064086914062	6.196729125976563
1001	6.285632934570312	6.329200439453125
1002	6.160752563476563	6.193172607421875
1003	6.109456176757813	6.321367797851562
1004	6.203782958984375	6.295704345703125
1005	6.40477294921875	6.40748046875
1006	6.378021850585937	6.352918701171875
1007	6.163074340820312	6.32636474609375
1008	6.07327392578125	6.343742065429687
1009	6.128340454101562	6.260991821289062
1010	6.346644897460937	6.113963623046875
1011	6.105042724609375	6.199835205078125
1012	6.224375	6.508364868164063
1013	6.284293823242187	6.193947143554688
1014	6.304142456054688	6.456798095703125
1015	6.272391967773437	6.146975708007813
1016	6.113570556640625	6.129115600585937
1017	5.883096923828125	6.324180908203125
1018	5.9771185302734375	6.23183837890625
1019	6.030588989257812	6.252191772460938
1020	6.13275634765625	6.15127685546875
1021	6.077764892578125	6.254077758789062
1022	5.867340698242187	6.10417236328125
1023	6.155926513671875	6.2200164794921875
1024	6.11677978515625	6.192211303710938
1025	6.128258056640625	6.150218505859375
1026	6.14327392578125	6.15904296875
1027	6.0452490234375	6.167537231445312
1028	6.03452392578125	6.069288330078125
1029	6.0370068359375	6.341693115234375
1030	6.125064086914063	6.347437133789063
1031	6.222689208984375	6.404149780273437
1032	6.1542529296875	6.102883911132812
1033	6.195045776367188	6.133438720703125
1034	5.966158447265625	6.179468383789063
1035	5.949397583007812	6.307598266601563
1036	6.067682495117188	5.893063354492187
1037	6.02484375	6.001419677734375
1038	6.001651611328125	5.981459350585937
1039	5.983125610351562	6.183383178710938
1040	6.038673095703125	6.399352416992188
1041	6.468372802734375	6.737192993164062
1042	6.23748779296875	5.963583984375
1043	6.011676635742187	6.312938232421875
1044	5.923341064453125	6.196109008789063
1045	5.76368896484375	6.0863134765625
1046	6.039310913085938	6.098489990234375
1047	5.947410278320312	6.123331909179687
1048	6.107974243164063	6.087144165039063
1049	5.914580688476563	6.109678955078125
1050	6.138799438476562	6.377227783203125
1051	6.212036743164062	6.2865966796875
1052	5.965386962890625	6.218196411132812
1053	6.129066772460938	6.489021606445313
1054	6.513685302734375	6.617891845703125
1055	6.311351318359375	6.418107299804688
1056	6.215253295898438	6.21205810546875
1057	6.11727783203125	6.497294311523437
1058	6.482692260742187	6.30825927734375
1059	6.2583465576171875	6.182996215820313
1060	6.083566284179687	6.120713500976563
1061	6.1006103515625	6.069708251953125
1062	6.062833251953125	6.282140502929687
1063	6.102850341796875	6.31251708984375
1064	6.0853338623046875	6.159672241210938
1065	6.012330322265625	6.07183837890625
1066	6.035935668945313	6.118126220703125
1067	6.104032592773438	6.308333740234375
1068	6.413632202148437	6.224617919921875
1069	6.103634033203125	5.923073120117188
1070	5.901049194335937	5.90974365234375
1071	6.025455322265625	5.952268676757813
1072	6.1334381103515625	5.957548217773438
1073	5.9787451171875	5.99521728515625
1074	5.940352172851562	6.157496948242187
1075	6.089686889648437	6.400360107421875
1076	6.309409790039062	6.3281488037109375
1077	6.228284912109375	6.33394775390625
1078	6.275849609375	6.326006469726562
1079	6.3093408203125	6.2753662109375
1080	6.4616326904296875	6.4868408203125
1081	6.3511328125	6.320073852539062
1082	7.4147216796875	8.991704711914062
1083	8.982415161132813	8.37718994140625
1084	7.662803344726562	7.04900390625
1085	6.753426513671875	6.61355712890625
1086	6.452710571289063	6.509654541015625
1087	6.438741455078125	6.446405029296875
1088	6.462799682617187	6.470529174804687
1089	6.425068969726563	6.3885650634765625
1090	6.1631982421875	6.291306762695313
1091	6.151337280273437	6.318541870117188
1092	6.2387847900390625	6.22802978515625
1093	6.272904663085938	6.215206909179687
1094	6.125038452148438	6.208814697265625
1095	6.228610229492188	6.961217651367187
1096	6.599205322265625	6.82961669921875
1097	6.4384912109375	6.535145263671875
1098	6.311480102539062	6.5800628662109375
1099	6.194068603515625	6.352955322265625
1100	6.133961181640625	6.301824340820312
1101	6.20432861328125	6.07496826171875
1102	5.915880737304687	5.964666137695312
1103	6.078857421875	5.915896606445313
1104	5.9770263671875	6.21461669921875
1105	5.908588256835937	6.05315185546875
1106	5.945231323242187	6.075926513671875
1107	6.152881469726562	6.100558471679688
1108	6.101283569335937	6.140216064453125
1109	6.014047241210937	6.362823486328125
1110	6.048682861328125	6.096354370117187
1111	5.929605102539062	6.001434326171875
1112	5.925026245117188	5.88151123046875
1113	5.799632568359375	5.88597412109375
1114	5.89993896484375	6.102630004882813
1115	5.861529541015625	5.716309814453125
1116	6.02657958984375	5.9180908203125
1117	5.8465478515625	5.961070556640625
1118	6.106895751953125	6.254328002929688
1119	5.930960083007813	6.066670532226563
1120	5.832868041992188	5.918234252929688
1121	5.81948486328125	6.06310791015625
1122	5.814747314453125	5.993721313476563
1123	5.72351318359375	5.904458618164062
1124	5.970208740234375	5.780574340820312
1125	6.108564453125	6.025125122070312
1126	5.894071044921875	6.1178125
1127	5.871131591796875	5.938582763671875
1128	5.769255981445313	5.979432983398437
1129	5.959803466796875	6.0129766845703125
1130	5.71599609375	5.95375
1131	5.819398193359375	6.23309326171875
1132	5.770909423828125	5.961896362304688
1133	6.133563842773437	6.233843383789062
1134	6.104295654296875	6.023861694335937
1135	6.036790161132813	6.166644287109375
1136	6.075081787109375	5.91251708984375
1137	6.1532049560546875	6.0138702392578125
1138	5.787587280273438	5.822630615234375
1139	5.641012573242188	5.7850146484375
1140	5.667491455078125	5.84408935546875
1141	5.935069580078125	6.0770721435546875
1142	6.2757861328125	6.286046752929687
1143	6.074376831054687	6.209256591796875
1144	6.102936401367187	6.2003369140625
1145	5.92550537109375	6.186162109375
1146	5.946287841796875	6.201603393554688
1147	5.983912963867187	6.19000244140625
1148	6.009993896484375	5.8962744140625
1149	5.877207641601562	6.150127563476563
1150	5.992726440429688	6.053741455078125
1151	5.779309692382813	5.865130004882812
1152	5.881827392578125	6.013463745117187
1153	5.70464111328125	5.952755126953125
1154	5.811170043945313	5.9667724609375
1155	5.760440673828125	5.980733032226563
1156	5.913662109375	5.8776513671875
1157	5.742070922851562	5.999795532226562
1158	5.892169189453125	5.911956787109375
1159	5.965354614257812	6.069812622070312
1160	5.8290167236328125	5.9252978515625
1161	5.7598199462890625	5.828786010742188
1162	5.76604248046875	5.88208740234375
1163	5.9283154296875	5.91359130859375
1164	5.776270141601563	5.9387548828125
1165	5.8345751953125	5.916407470703125
1166	5.891864013671875	5.96231201171875
1167	5.731326904296875	6.069429931640625
1168	5.93435546875	6.495730590820313
1169	6.379948120117188	6.48186279296875
1170	6.0493621826171875	6.140308837890625
1171	6.197012939453125	6.1456976318359375
1172	6.2396826171875	6.610189819335938
1173	6.539154052734375	6.454290161132812
1174	6.251053466796875	6.42156494140625
1175	6.0191650390625	6.418515625
1176	6.3104541015625	6.226443481445313
1177	6.1518487548828125	6.423729248046875
1178	5.939210815429687	5.994972534179688
1179	6.214729614257813	6.04866455078125
1180	5.9047509765625	6.050228271484375
1181	5.8748541259765625	6.204159545898437
1182	6.060696411132812	6.222373657226562
1183	5.885826416015625	5.98795654296875
1184	5.743555297851563	5.925357055664063
1185	5.9930352783203125	5.9081964111328125
1186	6.164131469726563	5.902509155273438
1187	6.319609375	6.4120550537109375
1188	6.188529052734375	6.438020629882812
1189	6.306202392578125	6.197188110351562
1190	6.164713134765625	6.130331420898438
1191	6.036992797851562	5.91325927734375
1192	6.25688232421875	7.453153686523438
1193	6.92146728515625	5.9213427734375
1194	5.94146728515625	6.090433349609375
1195	5.814647827148438	6.193090209960937
1196	5.954223022460938	6.062838134765625
1197	6.021604614257813	6.377406005859375
1198	6.406932983398438	6.428522338867188
1199	6.373701782226562	6.417453002929688
1200	6.28822265625	6.401829223632813
1201	6.3040966796875	6.345228271484375
1202	6.352147216796875	6.292950439453125
1203	6.181527709960937	6.201032104492188
1204	6.246323852539063	6.346494140625
1205	6.346220703125	6.104603271484375
1206	6.1238330078125	6.245391235351563
1207	6.281610107421875	6.382017211914063
1208	6.291981811523438	6.300248413085938
1209	6.113834838867188	6.1698046875
1210	5.915913696289063	6.216903076171875
1211	6.162537841796875	6.069638061523437
1212	6.0123974609375	6.0756988525390625
1213	6.115681762695313	6.345665283203125
1214	6.149564208984375	6.222177124023437
1215	6.072786865234375	6.02595947265625
1216	6.021142578125	6.003465576171875
1217	5.999576416015625	6.248543090820313
1218	5.917069091796875	6.804898681640625
1219	9.525037841796875	10.87227294921875
1220	10.258883056640625	9.769691162109375
1221	8.99162109375	8.328795776367187
1222	8.128589477539062	7.741658935546875
1223	7.383152465820313	7.233761596679687
1224	7.054246215820313	7.15281494140625
1225	6.874580688476563	6.838704223632813
1226	6.693154296875	6.957843017578125
1227	6.446034545898438	6.491314697265625
1228	6.360086059570312	6.324767456054688
1229	6.346943359375	6.4421044921875
1230	6.46841796875	6.629720458984375
1231	6.2493017578125	6.22171142578125
1232	6.2969818115234375	6.263976440429688
1233	5.953561401367187	6.0752410888671875
1234	5.897941284179687	6.046548461914062
1235	5.972827758789062	6.006920166015625
1236	6.11967529296875	6.108248291015625
1237	6.16796630859375	6.164412841796875
1238	6.026929931640625	6.051646118164062
1239	5.925516357421875	6.056675415039063
