mass_ratio	chirp_mass	luminosity_distance	dec	ra	theta_jn	psi	phase	a_1	a_2	tilt_1	tilt_2	phi_12	phi_jl	geocent_time
7.889635125355505	4.896583115458171	6.717576301547936	9.991097825467351	9.684553083532867	4.4077583112966385	5.089353631160689	4.877603179257384	5.387803049257237	4.378415057359872	5.05792561683046	6.174495835346001	4.648013606175537	4.025623413398634	10.416573897246195
5.118808789440331	6.8879629031911795	6.1091806900329555	9.793945884151585	8.995688983790574	4.827712677684502	4.389211173448111	5.258273443961922	5.896622689183709	4.680481035263782	5.1981516425798215	7.20175064767853	4.5622328099594585	3.919512102381483	9.84012400526784
4.738611268722486	6.898104986834029	5.491373569622866	9.441969357263394	11.063430045065314	5.13880516638981	5.484242805855232	4.152140201923819	5.609341482435981	4.28641127044849	4.967437220011356	5.793141887280406	4.542418795643666	3.9846376531364647	9.858931886162964
4.547811698214306	6.753574294300111	5.826568655210008	10.605421514333862	10.994136683850485	5.1807313295804	4.624752608378523	4.049457204187988	5.924405181239331	4.514003973073881	6.943022527700726	9.258010225378088	5.025119129195329	6.040370101285287	10.316405085323224
5.407298092166891	8.021651846342564	5.849842365599611	10.213588281580703	8.71198582904526	4.193275600263831	5.33201954467299	4.35336808112714	6.133975395645239	4.921340298383739	5.546495918461562	6.499404787354724	4.361581040634411	4.206063749052582	9.75551561679769
4.726608861675942	8.57485876873077	5.779401235601952	9.695846920106321	9.727864728319032	4.78411665584046	5.368536170428213	3.4853840170085477	6.247566597066879	4.8881715644191255	4.6777585050846175	9.591558758838241	7.7964185445666745	3.6900511766370805	9.877384603373773
5.582798567233807	7.681265244413748	5.5965806294231095	10.59796372023746	9.904349287410826	6.4168655728975965	7.631578565861631	3.9946322941790013	6.337549089898667	4.777381942234838	4.822207137814836	8.333870415315129	5.513936711797562	4.249421259033954	10.19607900552336
4.1342741292216685	7.471157380649825	5.430428528416823	9.732415479374092	10.853379669002125	5.390259944741907	7.274632447741602	3.802529269031401	6.277054581913354	4.5564694370983325	4.578947738264529	7.534686264919355	4.191685443634436	4.160753961340492	9.701721491180484
4.551905913871215	6.530809131464983	5.925681665301045	9.642326684039205	9.388197769408245	4.493569285801153	5.40766606186001	3.7341351202306825	6.243384859184086	4.127502194827605	4.377101900371463	7.496214094835547	5.925679384664779	3.8853573287577245	9.845349264982696
6.337197074549877	8.295662858582391	5.158981435269392	8.877812325463205	11.451807131832185	5.401909850109539	5.553431256976042	3.748284270123569	6.592351558553165	4.547502993702596	4.476099130913089	6.335986756927623	5.933838413915271	3.9735558112635294	9.868753616882804
4.597168886181436	6.016998438482912	5.828762326616226	9.381328713874275	8.740299814847642	6.21564179910993	4.505374455537478	4.723487433051864	6.911165691755223	4.810835718476202	5.772569291952489	7.518716103226575	3.705053364216715	4.2528927691085805	9.741528659731086
5.511806196230785	6.4583993190267295	6.0798420086999405	10.594173254247034	9.770459084752412	4.689471488421406	5.8822461068431595	5.69603989184215	7.3698364253508695	7.251931070739497	5.079574871488944	6.107641169919473	5.746712913708519	3.4837724337542775	10.01678004092737
5.279497270315103	6.288280901143435	5.576536983945976	9.651669984429375	10.273575200918664	4.469963516212622	3.7017073561449307	5.222295519114949	4.9571738373148735	7.076965643328512	3.923708227681269	5.930879972696574	5.69039181371052	4.581238371519954	9.78146146904149
4.918411948142812	7.073943772005046	5.903838268699728	9.310919415696826	9.546529165355558	4.537782762935332	4.7492598431373665	4.346315469694266	5.35974520704547	5.790615588238571	4.366956611189933	6.790068785870509	4.614483341617731	6.700730730978937	9.83292341830311
5.6686889016092525	6.455996693455364	5.4556576269084385	8.987141541000634	10.013300382206582	5.828254094522603	6.59767626668032	4.9239970800921045	6.090956272013379	5.276652447589289	4.009413008126571	6.053379307944823	4.970225139123086	4.595696434236935	9.896701665198252
5.07688940573795	7.979922786483995	5.052528171561847	9.712334670619745	8.897448504258954	6.068065697510149	6.479044004144946	5.611260555249827	6.14152703919972	5.75426144301481	4.518321554143874	6.271572268467646	5.161952989134603	3.6014405809625507	10.507347265143588
6.699740946552127	5.917817697969691	6.916654950361697	9.57380835883344	10.660062024029807	4.602430325021516	4.083511824227163	4.92877148975994	6.482433753786829	4.781012173558914	4.386158661111945	5.7169502648472195	4.565419859346151	3.712912900404646	9.759822100659003
4.930080632295321	6.8305681394723194	5.689269050693683	9.646029154655055	9.44381771800709	4.667113318605173	3.9613899709780553	5.402231209039636	6.318463801152495	5.51255925017168	4.001482324803653	4.308820387453079	4.439892763121778	3.9779451907652774	10.170291762752441
6.521307135545893	7.842952508783282	5.923261579488543	10.336012896329006	9.037520185324233	7.756094837975534	6.429988504502135	4.422803377150419	6.753770079336632	4.855770872692212	4.052640038845516	5.6115844004225846	5.130676645825777	3.7612554112851395	10.53904108011448
4.883108466607786	10.268643790562287	5.669750488558827	9.628054247585968	10.347469373204706	5.104848802769851	5.3956710258681095	3.673868894819103	6.887820686334842	4.742892889958768	4.1173545803177225	6.037275096615482	4.614515251822378	4.050159132022559	9.755928300743516
5.324040687342149	7.523700771465112	5.465919960419545	10.47885509463854	10.433219279328679	4.528302283885164	6.065572618889978	4.659935868350505	7.805163357537675	4.456760804977072	4.540769969887514	5.284787742689537	4.385912770903615	5.231154136556897	9.89304868333891
5.840738118300675	7.034796723264045	6.086392677475767	9.81417603256163	10.397522256287997	5.715400139273979	5.7015547505369915	5.802887097258287	6.572675574275913	4.942628072848456	5.307065955268038	4.294137767536017	5.057959545356547	4.025676740219414	9.901419797683069
5.175418422747968	6.770931903391929	5.928915512448926	9.572996741831693	10.211262866785248	5.1565556481785455	6.084159345553085	5.187703598270578	6.940907593140191	5.24659217344935	4.9406305548753515	5.252593622054401	5.389228885787384	4.869000447106706	10.571211272374653
6.843511408054025	8.248543656390199	5.749108442066908	10.03341550576074	9.913588545488482	4.471230189668427	5.80842738478922	4.842882097166062	6.221097971724735	4.253291607775283	4.440001195499579	4.31218901737878	4.756487598295212	5.338941842228341	10.67662189891787
5.481991219446805	7.78122049251923	5.148451357466996	8.261936878634163	9.575893306892569	5.367707508343826	6.175195893435981	4.5964777543196496	6.317561464256897	5.36245101332019	4.913500477089226	9.821992579055573	5.837492810108838	4.539355371113634	9.726697492474326
6.471340455226575	8.490567762346375	5.973907222846056	9.735794714349604	9.626290515860484	5.448219404169038	7.395603926918476	4.895201636135817	6.602067062908915	4.647246517459343	5.784118648877066	7.607605676372865	5.037315993204819	4.51970237416998	10.155868124173479
5.586715253530212	7.0539237390785114	5.048806467987623	9.813716095999817	9.438133323182498	5.138247331281054	5.371549046250168	5.003211381879101	6.949379490669435	4.942886062217566	4.935773518677068	5.419302704977443	3.9995853361234808	4.726259143074111	9.814315466224306
5.5191361501185625	9.45110066488276	4.701324695703111	9.452840595445092	10.000747665108253	4.991204160822397	6.03223201175257	5.056527573094715	7.924145621606967	5.27492739531616	4.856435291347916	5.575621691641809	5.086201038343744	4.301032857307591	10.08003124611793
5.562257067348738	7.433686751140824	4.8173288502709894	10.810061845605269	9.911065380259123	5.035268928501752	5.005786209956264	4.311411976500084	5.8979292267821295	4.574028014084946	4.494816276055319	5.362281294386643	4.881085067536131	4.140804480347252	9.99425671426424
5.019082396346464	7.9169996398478695	5.292560484619001	9.185482637420252	10.466002725720777	4.710241581160809	5.003757394609254	4.155061825005927	6.744098986800365	4.703582549695706	4.812536277293237	4.935739487644832	4.557169938519346	4.035639237191046	9.681568975978596
5.476861012162345	9.625775845969384	5.5026422564024795	10.127599045079588	9.214574158768317	4.793102279902533	5.406625436520427	4.352658111630691	6.981518323560953	4.789693537240329	4.734271961359256	5.814027927076789	4.815336473925608	4.743068099922606	9.925161104194586
6.0287142797638005	7.235454418934621	5.0326382822879525	9.716578042626997	10.043813032449675	4.556989364418923	6.070069949167696	4.219791956119985	6.276425756786533	5.097772375077921	4.468464674026666	4.924692133356253	4.064007657240642	4.137281999063655	10.459627276362653
5.144491060139809	8.164637574951948	6.325248949604726	9.848456294189349	9.509300149129729	5.203505803608595	4.775991956201847	3.8841033057673937	6.1845215920750976	4.455900318892271	5.039360101789018	4.733702033801427	4.533992731611978	3.88389671670331	9.674243893267667
5.513869783405125	8.415799153647736	5.307541910992647	9.25761853965284	9.759649603447974	4.161438497982731	4.947328691816923	4.696468403569598	6.152285489409475	4.532894182032092	4.869457662904828	4.732127114107574	4.232679828514969	4.352070655576829	9.76812440058127
5.829623925126227	8.01130662076681	5.720550340919315	8.957936735334414	9.178421135029998	4.580420560019686	5.323153747145692	4.304956476617798	6.644202111840126	4.100857668331682	7.147365867628369	5.520805423074031	4.85861525093884	3.7462149235673454	10.416322436510905
5.367734595837162	8.44132668044034	4.983183907176091	9.424632897073495	10.222044286773071	4.471945229865129	5.82688068361938	5.284491834339054	6.984234458065367	4.5755103973918505	5.026942312023678	5.492987179838845	5.295451007672894	4.303393515110626	9.834185419818512
5.132698171954467	6.891042249247687	5.638423130527582	8.53746842302506	9.870892919452135	4.545792067212762	4.821396142545697	3.8795032065041455	6.176766193519614	4.328509626452718	4.952391493251021	5.464985026303063	4.3307138418394855	3.567772795476209	9.842209048933722
4.864175098684037	7.477492815749621	5.178881121571662	10.442897143932496	9.872019149297165	4.79438405836082	5.93564360834916	4.760490104674054	6.461248436878178	5.667353309798069	6.306392201578329	4.736471344837595	4.740185013183534	4.129752718428495	10.35026994421292
6.066762319915477	6.29115384446719	5.427336947791338	8.703144548050064	9.696682120953845	4.8404702763236545	5.83386790158393	4.537979073150783	6.142638227143778	5.189425294616557	4.853451994380186	4.380655963507019	5.01942699857865	3.8108756610104604	9.853829418391937
5.648889672407573	8.831360951769204	5.298174924399567	11.195582296270477	9.611046640301439	4.557792674828132	5.352365032685704	5.113018387583754	6.0269728056577065	5.276893512999639	5.425057860763326	5.606683479442998	6.515561039749753	4.255499227824712	9.996493396700375
5.360284579655365	7.252847574042655	5.494379903438513	9.784329681090279	10.59105410339901	4.8535369509947515	5.239763587764698	4.167652827322789	6.505527424432494	4.924019819203017	4.212792284950299	5.05923172434021	5.71956829326728	3.9951657026467013	10.194406242897493
5.319082953036209	7.091502093426396	7.026779689979666	9.67777871387916	10.037477763497787	5.436029736389935	5.047675159912255	3.653881281271555	6.085011053775723	5.127401518707211	3.621887634225206	5.154592935565205	5.243880772946633	3.4812360282386816	10.033049539756258
6.145009320195274	8.022773916022159	6.718617219654931	8.281641513428648	9.97814260183147	4.589311700929623	4.727883100119098	4.783181598056279	7.079995650751566	4.634145819562942	4.8743740036492635	5.223786061048865	5.266987712792521	3.7724155521897345	9.924615706580644
5.093664081224538	9.874382202184227	4.949136616055384	10.165794378828062	9.92009718138539	4.387142752721136	4.8752722748080854	3.5420234683123075	5.954724519302474	4.875597285437758	9.138747954734272	5.150988380324844	5.052778992696581	3.958881895867219	10.054156036506853
7.757497276883728	8.338539890784968	5.5376140458674294	8.0358228742918	9.193575099723445	4.7928777869921095	5.229234134707188	5.52835273252182	5.991446600562888	4.245474638861906	8.769980089018379	5.850326769011998	6.4222067517958985	4.240057054168915	9.85656259921415
5.137530536728298	8.100220049753547	5.533504843391409	10.36226128809406	10.072404993904572	4.936869862900396	4.6562388443743705	5.471099905054695	5.860069314890578	5.342273779819556	4.274588541422655	4.780266894565912	6.478562760915666	4.222715551773791	9.781358004168586
5.561471238537472	8.19083370727516	5.881458206355919	9.545954916990162	9.299234160620696	4.71849144346998	4.308153869109894	4.461215214889793	5.430885057576762	5.164991053891601	5.916884472895885	5.047989823823765	6.412567641560728	3.8621606919156655	10.385293067482152
5.087842063033942	8.042125556890836	5.1328915213688475	9.805161122210459	10.039568631475102	5.155015035247805	4.520382952211255	4.125676733753009	6.2491049489671076	4.694291555517164	10.488547818823216	3.8173828905717793	4.845799739732188	3.8834209896014817	10.073672712530305
5.5813522088009755	7.888824646343505	6.253649866626694	9.588809525944225	9.473694201739985	4.699772142889148	4.466859183259727	4.507005719461754	6.443959846481945	4.906884891458492	7.389388843802264	5.045561358877386	4.705877715541981	4.697071212454762	9.793872233177614
6.426266913806906	7.687727540685712	5.887183883139846	9.02859793517166	9.75491261802151	4.853338316228107	4.671658620683005	5.481578257591149	6.081453127695263	4.601348480436337	10.83257775254276	5.007072073344283	5.403273149546276	4.500421995051305	9.917280958045149
5.517418639389033	7.366982419262268	5.961948619993187	10.05796165144867	8.925237675717803	4.734284809158388	4.957934114949096	4.786222854274295	6.291816536615074	4.791006525173324	7.543603651983868	5.068752892024314	5.331307886043796	3.414658950594245	10.00425089298979
4.918376866205564	8.387029617330844	6.0216666899381845	9.527334533719513	10.831829567502044	4.665792968931107	4.079321785300873	4.427678908589268	5.848410874889239	4.867906793752806	7.185472214988465	4.263681662612466	4.420352366098862	4.421514170319196	10.018676465440643
4.870044374010265	7.204644008133826	4.609798600305997	9.085076900037453	10.816316614445286	4.847729939272526	4.986408968502396	4.973919745836373	6.251001958927676	5.051058890386879	6.127576279310597	5.027337732459233	4.928632570188038	3.8461217158455603	9.779388083496787
5.701198711449529	8.001217163611768	6.504862875589034	8.95286507231814	9.900957954957853	4.331593506547215	4.960776205426217	4.603103962225299	5.653978725170446	4.869166738014073	8.151717361321042	4.496437685177693	4.554773214064177	4.276718649276151	9.853764429779387
6.196921429524028	7.664273700258728	5.876177821384486	9.910752965840492	10.816961485739258	4.595388246659161	4.564760422913227	4.1810691516307	5.503937891061047	4.703152729846432	6.118273856113552	5.924559041709441	5.285106679464015	3.998942269224583	10.04714632141952
5.627519471631927	8.570775558593434	5.6893603713898155	10.440635104957707	9.943103837240296	5.136752575347671	5.21661527600264	4.131599219030938	6.269019305045238	4.762587207424063	6.227127995766701	6.841931672458389	4.730687023288379	3.4977451613944806	10.165078852287172
4.806180390600604	8.19073689306424	6.931049629716046	9.519426624744561	9.809611618428622	4.940213829488618	4.909685249608051	4.300586086803667	6.12192923983354	4.558842933589754	4.727656263507595	8.01761747935208	5.152894337026565	3.5593502226502145	9.663059650381367
5.214416079336636	6.650639616834954	6.672789112728598	9.11577518517734	9.681395801749312	5.0035889303424685	4.792807163506725	4.206601533102308	5.515128583895152	4.899742205684291	5.991439002980148	7.4697564057315065	4.879555317994315	3.7901451785650293	9.815014999517706
4.971404706676125	7.2042569815390465	6.7029287366761725	9.086301848961355	10.683085649045218	4.817161925519397	4.748419179128328	4.853546925946065	5.767063071741302	4.6730992223612455	4.39509797648228	4.879803655520701	4.338958633687599	3.495416251444406	9.786944792763249
5.069157294087456	7.17589368910799	5.584406254320419	9.912927214375854	10.448665521762479	4.773379172160266	4.259936751768816	4.548505458777328	5.9564972227099675	5.511410348807257	5.332160350360502	6.324825611019069	4.276552490859657	3.4932744120482377	9.96754474027657
5.137913443570283	7.450032877363209	5.739814981177979	8.868816209095597	12.10225665866585	4.951135817750907	4.964452337892584	4.035563258633435	5.54643353212327	4.786918764837269	10.609130138336619	5.613272410447923	4.968389543290785	3.113068386160115	10.23187647069356
4.292705817628369	7.996900132262636	6.295608078345015	9.596516108882716	12.23463102976043	4.98724874093961	5.083761132818772	4.312708717973859	5.584731357048542	4.536803330444915	9.232368357525921	4.969733206573986	4.408168185072933	5.237021945969412	10.679161413621776
4.8912933968253505	6.09229211071334	5.586851099073552	9.451903305530985	10.886875450293086	4.395408285742806	4.839770530621175	4.192581370295336	5.447184531915227	4.8542379893939875	8.001085443520791	9.562447222970807	5.210336234008085	4.223112872036214	9.943537032175938
4.913957784313128	7.024305673239453	7.115259303885133	8.67163464103309	9.495643998879029	5.138032104202504	4.365154739986145	4.650866065032173	5.973087211009217	4.683566190797651	6.716854768470553	5.553637212478149	4.615415208054224	4.130305261208059	9.389937607807532
4.997206478333909	7.060767676812947	6.847146844299072	8.641473628128683	10.056344960045744	4.4339558309929785	4.779538787709907	4.7625757457738045	6.16064114949693	4.759479934974113	7.94379338704996	7.344223826282684	4.090483197403756	5.128378081238026	9.973617411105495
4.767891212351911	7.7998665116304595	6.955567125449938	8.99737713441132	10.90541921914181	4.64653986725771	4.203096028049471	3.969497613540313	5.384247046016167	4.5073989923775875	5.216822496059269	5.583993668584984	4.340108278045526	4.188865056314596	9.786942451523583
6.575730026462606	7.531444462728784	5.7916856856078205	8.25789350688481	10.772170305675228	4.630219571719655	5.331912252742874	8.769275693703046	5.234024484572835	4.7440310381788295	9.007492796601738	4.620261948424013	4.629150519216199	4.629292495649532	10.307716426266484
5.430595464578353	8.559426832551495	6.458432499353139	8.362757339305023	9.546032999807744	4.181812041507229	4.990101461686793	5.0603909838018035	6.087058914335851	5.002644825712712	7.450938674725916	7.6529844709998525	4.282109934091702	4.759587329938535	9.636341165988568
5.780709108757293	6.763200376916644	6.107207839397906	8.672588515360392	9.587332164151146	4.663250558899584	4.426900381383717	4.69636832712606	5.363293203042609	5.336903842627705	5.911343696554943	6.762035406913247	4.291737859874399	4.085434285570137	9.77556077239545
5.321619707229923	6.255121448319627	5.593469619320892	8.87290369571468	9.444801521888415	4.4613779317587845	4.474200443414267	4.79971517801173	6.004420277698313	4.3270437240103945	6.4667726169691075	12.44806480266458	4.711236607894745	5.773745962083346	9.762225388435407
4.833213363862662	6.673395656272177	5.991382365931845	9.546707326354703	11.411641001653875	4.607391686679066	4.132332095673769	4.712126854644884	5.224893419949326	4.261433054536642	5.968448401183545	9.9887530089758	4.719940433717226	4.9436916326627465	9.829505964548392
4.857562246806597	6.26314122792205	5.464610432391964	7.99584062550176	10.119039646132636	4.4500704221282215	3.309933205530206	4.300566956334667	5.462106403125737	4.5590779047861085	5.115657631590113	11.779562753619501	3.9898727531305958	4.178023339269399	9.75407116346532
6.137686395249018	5.509240509454884	5.387152161076036	8.72460319039779	9.142262790782008	4.290013553464419	4.100950713998502	4.633784718265235	5.9403302469383155	4.643779279350948	5.300740113706041	9.345413405730577	4.784517578886648	3.93668596736524	9.656551571813848
5.368380715849813	5.937470069198569	5.588523595396653	9.017999815700138	8.606328592119725	4.562802837648871	4.048662679505421	4.484155498324806	5.06956158166867	4.854160119904752	5.238505548956841	9.057653937434816	4.064614101030631	4.360557589623613	9.940212525652608
5.811370523196023	6.677710518539225	5.887746759504057	7.860376895420708	9.701234226553483	4.286400036188093	4.1792952513826735	3.830255352975241	5.936396290775173	4.7916642573148716	4.677486623194014	8.76511136274537	4.396077240952218	3.816156960062441	9.551854423693692
5.163111967972544	8.287258744304786	6.391965682024478	9.439567922753243	9.601516381870399	4.754490029284509	4.5224536488954215	3.9322212113273722	4.906491183513709	4.687592641390101	5.116151769405092	12.15855284818338	5.634403733389845	3.9071628969013577	9.735704362324006
5.776245802387535	7.3808529626780395	5.654781725189511	9.815590970063756	10.101706121327393	4.645076180719006	3.815070419427061	4.041258372798313	5.862960981864684	4.8636870812019	5.013358834806995	13.19112605485928	4.289964996034847	4.000796071486298	10.194850059426624
5.584677671331485	8.305165230735605	5.602826681866353	10.116249351663019	9.527691074543736	4.564166483442076	4.213388766684564	4.186518858266806	4.953275937108324	4.34845670140825	4.696534596233753	11.26760193701655	4.3273536329911	4.304488694980817	10.278257588973414
5.000701692771687	7.4605704463435245	5.195292686390763	9.678974676465439	10.500211402886183	4.415854573865593	4.00614696251167	3.9818066570026387	5.33974122406398	5.181953824215614	4.901244095585537	10.483978573133244	4.16700322154402	3.7343189050934575	9.426404714469399
4.899656648625444	6.529189537242381	4.782619100835383	9.178286580175188	10.93883148706202	4.5207818089498	4.661650686712589	3.9369090649134684	6.240115038352196	4.8065644787609845	7.787398104812245	8.188616651946857	4.389234811384809	4.252944746976032	9.746193965591406
4.817536527192807	7.196606402051298	6.051793537350557	10.23350000755732	10.531499815925441	5.195544690095623	3.9572328836225257	3.478418491303913	4.913396668169251	4.317630429728468	6.900741718431416	7.8030180380027	3.6629355621715662	3.6804578092859095	10.175836497987707
5.501721862084082	6.920889117693337	5.367117503769487	8.563453760731207	9.319514095386799	4.59084517145267	4.16221613521852	3.976888379070667	5.550274598809404	4.651768229622972	6.171757944027565	6.733279810006476	4.380321608960008	4.457520665486167	9.83149903902446
5.000094171748235	6.584444735684361	6.568104981291773	10.118456046999915	9.996658114749584	4.634924906045708	4.0122386672406245	4.121686352413071	6.645051765040941	4.708678968097325	6.194929446828774	7.1906801415418276	4.233566369296636	3.599740878614292	9.964933281344807
6.967026056826051	9.435117252086446	5.806893785835448	9.633163631668747	10.403901647041847	4.8254479128525665	3.833203450519624	4.5072177166795235	5.566342807050321	4.644948780493869	7.893224353016958	5.187426872323604	3.5644328828804674	4.358536981775864	9.6829535796146
4.916214752655504	6.5371925899601875	6.215291224192961	8.693694117529216	10.84198661962462	4.803574915236339	3.9953292256048027	4.05152788191698	6.3050502688238295	4.856829015264237	6.054459919290046	9.796676568563191	4.391287479320543	3.6391963298321905	9.928754726495367
4.827084052831988	6.355028081369692	4.783382895943335	9.11745327200726	9.631959219428774	3.9529473804603326	4.060875668217759	4.03780175098154	6.458706673609867	4.156790697105991	4.238235240364384	6.313475080590569	4.239736546788555	5.246033825328328	9.707134411935016
5.190570578083571	7.9758203068784	6.271945940410653	9.386501884020703	9.195932520859733	4.716974319149076	3.8533211023363245	4.260727261728441	5.29799665565487	4.644345088191852	4.636387289554002	7.7304823660504765	4.3385217722025375	12.410212988774239	10.455694066736621
5.204425070279602	9.534812660163764	6.780876063142804	9.62071836419885	9.995460893038775	4.369180778619574	3.7734204838475436	5.015285326241819	6.033241177450668	4.540059637394565	4.759352069887628	4.77421889239518	4.028086174841379	13.260496678059567	9.571948222352532
5.462526968494136	8.83390766222263	7.229925807953147	8.56673388832161	9.69974925188857	4.665036883744839	4.1560184957852515	4.678021045710731	5.6351455435142634	4.271447696711318	5.208931214915062	5.725951929028364	4.069187068226163	4.026116806528912	9.799229779427444
5.358985848334579	10.369985228037404	8.211813418883814	9.396654388848912	10.420967118086875	4.775593803757205	3.29066694114147	4.166581195924816	5.060467331160241	5.151850175107264	4.765495400767881	5.639243839815874	4.185318794958665	6.766836172158222	9.7514176333663
4.6514909160933025	7.67198900328557	6.616830731875487	9.466139199542141	9.4032233412367	4.855256156092112	4.355654390386057	4.531256439791198	5.466083734386912	4.287746619988874	6.1622379108362795	4.8734233574524515	3.7305543264222574	5.027526526571131	9.92247274289546
5.518422490019455	9.376898644554037	7.0867212215253685	10.035507650640207	9.981406433597874	4.764202871009573	3.864854800416042	4.514472608371597	5.6205544529075775	4.394117014730798	6.126114313573108	8.037853753446246	4.007132040343019	10.414410651210328	9.441428201618479
4.893357517154899	7.79120240311915	6.419022465317775	8.192666171943667	9.40092143984797	4.686097867618988	4.01012017783062	3.75770572183166	5.060584063884917	4.664576137650421	4.45154757650058	6.271946334367433	3.6657651621155036	8.086639332570163	9.927528359919105
4.866287948410813	8.455539503826564	5.87456457653053	9.130176609364165	9.181723442834903	4.670088192595101	3.7516328808296713	3.950872170208194	5.948802061995682	4.263725979296857	4.425523663384378	4.802120188700984	3.669508730344039	4.2451345652414405	9.69015307914424
5.473916794495708	7.335238844774246	5.7367150272937115	9.53743690212886	10.019990284804189	4.798866337966154	3.540550587200463	3.938620377973414	6.2403824018785246	4.7450838171045415	4.475353916562274	4.298402222791831	4.058010378633421	10.349089303373077	10.031331343191624
5.279696927262675	7.3775959415199885	5.9871903093117105	9.28088587883192	9.513986112848501	4.6029368107432	3.954255156221382	4.197079326561446	5.297660724621022	4.222838916017004	4.194125639366572	4.870556290914084	4.576302617124307	14.294689805957256	9.740150339143655
4.652543032253715	6.418359173898268	6.873747654402692	9.8280289305303	9.516480674610376	4.547678279880035	3.666069666526617	4.2811732680833146	6.180039915427813	4.362848594895628	6.031036000880303	8.255535348002901	4.371288169405808	14.37557552300876	10.030292485624141
4.903907161134584	10.205102985068743	7.134205807796341	9.15063091286783	10.578083764618416	4.93889000760294	3.5762562934816735	4.780858395956471	6.301410373008301	4.65994861873744	5.362172962607639	7.95307011987803	3.867281419581047	14.40318860411932	9.934627714452352
5.032116155128404	7.842722626002527	8.138027561117664	8.434986403172381	9.165649617034978	4.859300154768492	3.696753220663981	4.1220515572260386	5.988373981423496	4.373060076222088	4.491123473982843	4.601804083166531	4.347590457174721	14.175695570611248	9.699020277227332
5.087420570733129	4.15297211199357	5.918243486631942	9.552752832503623	8.828154116249864	4.537910047021139	3.62269763099969	4.634115017504582	5.318468475603251	4.415713560209997	5.793725358896822	5.30700677369272	3.2682995911001522	14.43211644845806	9.813080374639368
4.823242264092192	5.413792580934285	6.800464173591672	9.292666978087937	8.93820029104745	5.094089734444253	3.3752633551606364	4.045113715613523	5.815395855227848	4.271681903750323	5.546906873639859	4.759702085691874	4.257686606559104	14.198534849129667	9.828829201811514
4.928086775860179	9.224722034231402	7.31324062732801	8.741552460750656	9.821771735379448	5.430578155600737	3.8529668782925355	4.604949330120635	5.592853030352703	7.293570660586598	4.4976508391492445	5.223640803031111	4.058271201509842	14.510302602920952	9.648434469840977
4.99199685235231	12.674854288785873	5.8542879057442745	9.189415504708974	10.095770034179136	5.5074787259940745	4.066037954030532	4.161468163396707	5.2314308673344065	8.149211172478621	5.810640491102671	6.005533826426155	3.7304858676912236	14.30031147517703	9.48721235737271
5.305752976620616	10.936914065847924	5.732207163582651	9.242226783825659	9.507672384539678	4.5147317877787145	3.9722286114107224	3.930224285158604	5.546368838442655	5.509865202210358	4.79830600228134	5.556382028384794	3.8069970378185967	13.166699542191347	9.81112056502998
5.081171389022612	10.418200312150553	7.162887365289045	9.08626564568489	10.0629895559832	4.6585787862187304	4.195129861431558	4.1428701537896835	4.547172184281263	6.033270422293265	4.924543777774993	6.040770790851162	3.9888399103715773	7.505045956045291	10.097985025455195
5.543345906865314	8.600292529076151	6.127163567784918	8.757354185381368	9.948439920887745	4.363861139561299	4.014272198490046	4.039409298414393	5.805821959246661	5.260709686469894	5.01248055670613	5.167264546649777	3.757785560898272	5.933808531184593	9.79513525705594
4.506981418552306	6.96766443056936	6.589034875855574	10.60133044320436	8.848878680810055	4.632432133286177	3.7244443723583047	3.8372504285728226	5.3254115702601155	5.01192328596999	4.1369079678437135	5.251461659908961	4.154871252995313	5.418495608642953	9.799283103347104
5.1708675012554	5.776027876938035	5.7676007392856885	8.95328658180857	9.205135077214928	4.6292611458269555	3.899875499223061	3.845338530147534	5.258008037585675	5.29671443060818	5.426804465949433	7.847678503033565	4.033834567394619	5.752973004444349	10.238620291626198
5.6538804816998525	6.192819281696664	6.873369412443411	9.661177162567748	9.272636520029588	4.687884790718081	3.6124832666181312	4.1762928243675015	5.40792055473169	5.482647702526162	4.782975970094402	9.82547041867065	4.269741351750438	7.035442175858789	9.937989946442219
4.934045931801735	6.05839756285495	6.311245634684198	8.662980260906357	9.95867138364221	4.965880561372448	3.343091618853583	4.217997624128722	5.855387194772321	5.465651057260091	4.921777151445591	6.801045820279153	4.116387577894716	5.704365073493009	9.667088505540667
5.5727037865002	6.397716327844234	5.805443877372347	9.070850366767203	9.523786996975508	4.855402030245999	3.6246268245128177	6.106067339995862	4.387267374630051	5.0781881571283165	4.568470576931738	5.766990595330427	3.612259949691693	5.660050171976677	9.749843309152071
4.554018393307946	6.467106892691741	7.307581607774878	8.627683988834352	8.526779874186786	4.68087368261674	3.8028487358359584	4.905646690682313	5.0333884830137094	5.429733505937228	4.390313874529758	5.135232785047777	4.512087741846234	5.58357737167402	9.609650066249673
4.875425152273834	8.177889357400087	6.070478582456941	9.402626879608505	9.745292658504425	4.49514366555255	3.8919704064856937	4.489411339400068	5.580584447827576	4.531205220124115	5.54320706650689	6.4464978929862236	4.442070832129698	7.116503506728295	9.83070584822799
5.447640132487455	6.698900796986352	5.891403618307992	9.230507969177111	9.862274882718232	4.730420303217303	3.7208134552754952	4.195353295273335	5.298189392236246	4.579610699070959	4.331535256150745	4.425136611039383	3.5214575839297133	5.2015004982304385	9.761868676508692
4.82680835645275	6.071131957347466	5.784060310272574	8.373561670861037	10.356712628330113	4.367091727897716	4.3310300523804806	3.824727691838223	4.699432413057216	4.964487139131083	4.319722042989228	5.287051672432885	4.193935847977253	6.931562722964086	9.939579366763791
4.71389696117103	6.411210466088654	5.56088799871624	9.167093891663432	10.420386833939423	4.425526270823655	4.128303600450341	4.025335049526824	5.5333397929682615	4.6904560387988905	4.801209150512111	5.05134868933912	3.883882353583262	6.027891743452498	10.33044580277993
4.9188454562934165	7.273139093410498	6.003322353410262	9.080200020635981	9.983242813994323	4.635635548139455	3.7513896743562882	3.698870895097096	5.722125042594185	4.382197907381479	4.426953064310745	5.336925469761841	4.093416635697113	8.050421189069574	10.444005876646901
5.047935369617241	6.462485058966974	6.89767214615775	9.035962525343542	10.320743231172411	4.3812579306825015	3.6622348607077155	4.17373674893506	4.84976174583213	4.796872466931254	4.855679885885623	7.773768677414534	3.5928920240304043	6.360804080292209	10.248593462083573
4.926196869799793	7.38476212757775	6.6162790639081335	8.687352377480721	9.543022596941881	4.077532048052934	3.9984524964023214	3.876584459648797	5.5698186778115595	4.54405079970204	4.183527800900227	5.974123674050816	3.8564151572186263	5.219490006990835	9.589117319746947
5.133398318468233	6.985542472433414	6.355517107974121	8.878271467935845	8.901684825261942	4.622798748237551	3.9593756974772534	3.4801137716347688	5.332976237747732	5.176832185080494	4.553840699257264	5.130763842842812	3.7854713784785754	5.165518036845781	10.262823635104603
5.304041925931858	6.965670315910178	6.542762729943169	9.18628846383664	9.069395540920496	4.508741532935347	3.5824083767932184	3.3724496617423085	4.140107833924298	4.50658214036889	4.578423574186259	5.527970374068492	3.727355358112976	8.440525940364603	10.229122252614044
5.268966141959372	7.856727721999656	6.1977041769626675	8.89239207431867	9.638970736263985	4.953754504686217	3.264353054008997	3.7285298590282756	5.619889544104744	4.542755109532465	4.660564497446546	5.556061824307192	3.896617364292488	6.588869762515894	10.18222299905916
5.549549647823473	7.90789967394346	6.3879711276559155	9.511464479974741	10.140597872535373	4.368544533966369	3.754704954880737	3.643763852148242	5.94362446803708	4.893398141408921	4.125216052296093	5.793694149214194	3.5000556013299917	4.795680283036505	10.200728921212827
5.124894109193061	6.070551509096002	5.941161219524092	8.11739920719589	8.563366890307355	4.803989080239396	3.7352368468330286	3.98239615526092	5.258607327489481	5.056841598943602	4.8798599977456085	4.2729469298635765	4.044131447269506	5.260561620625678	9.98585834505514
5.349749796235607	6.077933708680532	6.279543188052018	8.557083162082494	9.544363732817827	5.040405027367976	3.8857511654314436	4.750904211498556	5.671901724721964	4.905137695470461	5.05648139008866	5.241720852862761	4.011997546838459	5.261507527836484	9.841908542341558
4.793187915045032	5.3955268824695395	6.708900663498713	8.685048906742885	9.66190427712251	5.194208580208975	4.371648038852911	4.170034366576636	4.904317527258191	4.562956401602093	4.668944479582394	5.2640299043754855	3.7551970184868373	4.713977811430932	9.631236446428007
5.731564822337438	6.985088796051672	5.380986616287323	8.663809596251777	9.601297192779882	4.2712349499914435	3.7319885811020335	3.889384353534757	5.415087619432924	4.427204529252869	4.423334677646807	6.608465919685156	4.055337019736638	4.921736104046216	9.38745546342866
4.377373431966936	7.609732375648985	6.896867907602159	10.348302422365018	8.91041760767557	5.4359765037376375	3.7532826622346307	3.956048252558154	4.850946203358582	4.407361829900265	4.4888774539125915	7.682894429706441	3.6586172549450664	5.130616225088364	9.943185121438459
4.849260328405794	5.873970921877706	5.4805077711971935	8.78485881542716	9.07186999003393	4.471423289916249	3.8822401675456497	4.131589042141427	5.054595915445503	4.738921339325727	4.251788350420797	9.518245311084842	4.258631184541352	4.945316465157457	9.872590833270614
5.342537093277603	6.823677126296547	7.374819963996178	9.51698849968489	9.886657821496414	4.405128173805535	3.835601911136586	3.486755365611502	5.299704675011756	5.0449272472090065	4.469415075802714	7.077220887226668	4.219830736139077	6.29874292862102	9.896243889315873
4.53894707382684	7.154520839048479	5.863022413909017	8.730587238295355	8.995906636948405	4.294150189917931	3.643026384327805	3.287273890198574	5.05281910611568	4.089097266704372	4.750767914729799	5.387712492092664	3.794010268957312	6.396406840047446	9.868852416983414
5.0793479524369625	7.079550681888063	6.216432955611003	8.614965893479443	9.16060712223345	4.285090505800738	3.6910921826717114	3.672266389390956	5.207106753119234	4.346244692299518	3.807206169469729	4.754195363954356	3.8648433686729513	4.2005688138300625	10.028848006759965
4.929076093586789	5.9985284525821845	5.614176388639286	8.058288172648567	9.090128726639115	4.22721988761971	3.8762549590598394	5.082024278047481	4.90683197227309	4.471853061089871	4.612668073328206	4.972500407651217	3.9014721351248034	5.799557093444169	9.703388937968802
5.127792225342156	7.248029066102389	5.797682026025957	8.905307326738647	9.929436422327859	5.0012239197500215	3.9776127217527177	4.5787122036829055	4.76357227178642	4.50106444876869	4.282378394222126	4.835739039093085	3.8707740376984883	4.5754990257695765	9.768822236906583
4.801132409826143	8.012639261117691	6.113676431418515	8.604269930210934	9.818984681248997	4.465670061611329	3.487831433748422	4.398887115065666	5.511603214303469	4.0017510549452755	4.057130927548028	4.800278343316775	3.703719023177793	8.115865666457168	9.946432844156908
4.551627679434488	5.9637753957255555	6.542549538633332	9.416817707369812	9.19207203345519	5.046543289582585	3.4148064001167167	3.7780550510827564	4.389315668842402	4.200021938593885	4.269713094520829	4.458357655079888	4.543658020739527	5.335312932274268	10.111486337300592
4.6540280160838154	6.358957947774681	6.527414944011146	8.604612009707207	9.730970034103253	4.561906050279861	3.8093587606837356	4.210733029603187	5.788863635535703	4.447486991664255	3.6625377664735796	5.074447647716393	4.3631537082818355	4.203834067515323	9.852818312032138
5.356312903997233	7.558713057817005	6.471103773350735	9.428820969941862	9.947894898531496	4.715629046445125	3.3085778530556116	4.068374630332293	5.09723232650023	4.361917053454898	3.8900681533843193	4.459205990737936	5.353415746223187	7.451265693415883	9.852615625299805
4.594584324147459	7.87350020693559	5.4479959397104585	9.262257162445739	9.586479577278334	4.969243422947057	3.6821356314301603	4.608722928489687	4.094482632748864	4.820257987179511	5.482487738116494	5.404356001759264	3.9316280390678457	4.387708131240566	9.982071281822325
4.208493416094922	7.92122069348233	6.383788397808299	9.885662829462813	8.86231067064296	4.587128796989868	3.6598970090276906	3.923611504154197	4.327373041894259	4.505163962754616	4.977939871944746	6.423920023421027	4.184077324335853	5.292042014166951	9.961783961554403
4.8114123403581415	7.650271351142708	5.805336746272865	9.308146252956924	9.268114997089862	4.871117174374014	3.7958077712745224	3.817202231841417	5.078335892036527	4.2212048600997205	4.400052599051559	5.376283177221931	3.708116287731448	4.559651718418301	9.87818236770189
5.003939614403497	6.609954381755635	6.009782044062226	8.659647297905867	9.808040080106363	4.902788309122534	3.6700541105650575	4.3879423211149025	5.318648823340258	4.309327482635709	4.626658871042566	4.479500428212795	3.875072055323827	4.210357408433368	10.156493538191317
4.6944184741037045	6.8995787521536585	6.380029508600867	10.136789447604379	9.155441686342693	4.899965097086976	3.930314305495864	3.7301685986757347	5.540454699881493	4.143012050551267	3.845459004337454	4.2097142120586515	3.4361988997717416	3.7952385733873144	9.766784826184612
4.449067422297459	6.211197796856998	5.54659576599952	9.470866813323525	9.184447830860265	4.812130361910275	3.32778748974293	3.9640923641538603	4.883248890749027	4.157069338326616	4.252963096552189	4.32474768362871	3.888939802747877	5.764727661799313	10.342444652349723
5.3086910189026675	6.663309653937063	5.687166160968272	10.173621805239756	9.407192011709236	5.02273958137436	3.6281443015845185	3.9809001500289507	6.2702801105148005	4.348758718725118	4.072565530817164	4.099636800950011	3.578993775143373	4.777572390416688	9.938280043589454
5.033420805844859	6.240016367053991	6.471208055240479	8.283074200935635	8.98518156991479	5.488721799304677	3.4799293984676205	4.00349468624793	5.830296251922718	4.354746654718955	4.123003314471928	4.830035803042382	3.723078998261341	4.019505315198166	9.789079711337664
4.761323592102027	6.135312875964797	5.897399876470596	9.754277959561021	10.282911481560182	4.636262762773114	3.5632225626733804	3.779398922150386	7.741507649419689	4.277629733245987	4.537664356965715	4.022760958418781	4.597398281566022	5.943205437946518	9.768743211638686
4.813770595033962	5.660407335795661	5.520636698527221	8.69913582563126	9.64313023743472	4.616395423966505	3.5244908344559804	4.512595048393265	5.820597534592624	4.357653066071243	4.198601607090663	4.7961201049350715	4.182387194427719	4.078523562290281	9.934467539040138
4.524066792837757	6.277430708158433	5.8075695233406	8.981893468546973	9.444283061050507	4.89253980512869	3.7854090705504855	3.8832002523825064	5.278037219720954	4.630955812068136	3.627665496256001	3.7970724904954407	4.458895230786066	4.213069919589279	10.02534024762275
4.613185346030331	5.673450338078894	6.626485936204516	9.286463496015402	9.135337356861442	5.186350019157694	3.878741553442958	4.15868864969376	5.333003065432208	4.4540497521813665	4.374650105629583	3.958229480795977	3.7701807356057464	4.271669069719802	9.839146257585673
4.1771372974732826	6.397652762519653	6.195471829877789	7.949804308837124	9.18673328337169	4.933669149281792	3.885759286063788	3.582423857882691	5.640888254489131	4.320874889552121	3.528170916884559	5.038776493903037	4.107907162331398	3.7228388747409493	9.885742635193218
4.980598117094662	6.072631189562906	5.890301563306575	9.047491552879661	9.364307906281091	4.648096350069466	3.8140841967933707	3.8370890426359017	4.980729194032232	4.506006024245769	4.453996096142991	4.474941835753662	3.683793561275333	3.440806927716085	10.063421578903386
4.618495980631369	6.656812108659314	5.986723663906265	9.535437135216597	9.538674344132106	4.407226009358126	3.6409757351488246	3.770173826843375	4.995234193589056	4.977733200480606	4.233026047313607	4.912137528018543	3.7831760024016936	3.5310832434563935	9.844272458767659
5.266089159694658	6.482483948642851	5.865926389153502	9.389977292585142	8.925226138583874	6.2833782532114375	3.8680568518978298	3.4531593704077355	4.3471745876728844	4.475194044599361	4.487714729315192	4.513387170712735	3.8243197089888032	3.9963380573362013	9.909505496850349
4.970328570917352	7.061020203972262	6.753875374354429	9.284770475453222	9.038185340039085	5.026951718770363	3.941261582289786	4.066203182914083	4.85845750672441	4.578761583390397	4.358885981941621	4.213130208157256	4.132354250430068	4.111186990799277	9.840633145026212
5.320160232410588	6.279708350805989	6.460932723964297	8.81600291927259	9.128461741918889	4.733078115750187	3.496844464614892	4.296806002871808	5.26736708650967	4.486246047055262	4.58820920410994	4.267354675748126	3.9873575741937	3.360532991127845	9.927017227416444
5.229257390440627	6.056384020621437	6.564211256676926	8.333390331035691	9.373326425517732	4.868044363531107	3.741659092612645	3.8578877049577494	5.137681713320877	4.210491236549859	4.375231026899074	4.121565567284876	3.4683249658239244	3.566098589229603	9.67455347021291
5.181361288192861	5.39281559091588	6.1462216803265575	8.184662838018738	8.943199780163095	5.065782616045249	3.7535961131671214	4.305790962946846	4.661135859683477	4.265509887514773	3.9330239273226013	4.330432246566832	4.741371784071541	4.124350019543407	9.836714048961186
4.385277065613627	6.355924767125616	5.679882713357285	9.86937809788311	9.84704734122821	5.309494176439696	3.3411788983075534	3.886301453460534	4.747136398670567	4.550059398537968	4.2027717611749384	4.670386703162175	3.4681084701059803	3.499218991427778	9.398051163405793
5.626468062450196	6.89567571599409	7.238502928779887	8.373495906217716	9.407859671895173	4.804375608007857	3.4796946443747583	3.415164115871905	4.13993583759402	4.585275552305749	3.5697733334189685	3.9100463607481024	4.0365653400583	3.5080171769790818	9.965868260609238
4.259273048977127	6.3962970158987975	5.362238722757191	8.677424913585687	9.21679944464463	5.404794072910086	3.8674728661981272	3.7788493222151884	5.307322532827418	4.54489204420717	3.9221374618706726	4.548951351139552	3.5527572846381723	3.5125529488320617	9.84128658651082
5.339400382435797	7.048792733394221	5.431121726240757	9.63858853883628	9.054459153407409	5.051760601184536	3.6907147063044756	4.214656869398401	4.692495220206435	4.430941895895016	4.826897888377367	6.2976871795276805	4.295877294852528	4.084141964348497	9.84576161992405
5.5910868470908435	7.553243699842061	7.023725408702612	8.726208809723216	9.3201817561252	5.372314892322805	3.574964924799029	3.4364676188320384	4.5921998441136935	3.893301389306469	7.572146102806605	4.155960595277219	3.6331883447808857	3.782983189449142	9.865014049082877
4.594824581043724	5.902556540254743	6.002122357200624	9.955725261215443	9.400595158101956	5.770064704366348	3.6096385025894198	3.9341252214797056	5.217784730112109	4.772825551107598	7.106949999931503	5.878444395655648	4.165564330855692	4.042053565034761	10.253254738967852
4.486472806506415	6.872465834561359	6.182040074560606	9.066889766548016	9.796063820282063	4.7698269728714875	3.5713920051340327	3.8736791418437257	7.462987560399646	4.190914008116998	10.168499503903734	5.60323575635047	3.7551400417238407	4.578371407926383	9.884050427779588
5.014317853485297	6.207204071576242	6.632710833290775	8.861696145410887	9.213645159460476	4.452911404419087	3.504032958483057	4.103092020384405	6.099859051558961	4.3804870083264404	6.293959599795834	5.631993613748466	4.155130271816175	4.826049207583085	10.04849022372708
5.5206645035328	6.672391686366226	8.946659788449558	9.086457651426887	9.133820628118897	5.030561061598034	3.5096949880951254	3.93164775349112	5.297343975994338	4.264169246191536	7.576973630295292	6.594743415923396	3.9842249039873057	4.778968260516468	9.964250236357449
5.5564670806275425	6.011200969272052	12.674896758953249	9.195294443503581	8.218342217398986	4.888080181702566	3.509592646839286	3.6677890273859166	10.546690157440251	5.096752821478775	7.663149102136905	4.130176330524959	4.732434155472968	4.44854336980819	10.366492198713372
4.513409664841852	7.886256527025453	7.362687581943909	10.144068828137211	10.06483465492621	5.0594550385992045	3.897209885064028	3.8504730560537137	4.78820096280454	4.2302101905441445	7.636750597988099	4.372714451930166	4.193013455957044	4.201902727602624	9.32528504033038
4.550054076444569	7.344285354480868	5.606349173674623	8.626582089946007	9.227033653971372	4.568425327321982	3.401666620088123	3.798314898650001	5.183869919561782	4.675604951259915	7.898193286698716	4.597041962332929	3.6363407950275453	3.8725918550156675	9.713423161101549
4.304839739898492	6.727238466174376	5.642345485353081	9.015829756561097	9.87970814939493	4.487996800312356	3.4462645086017334	4.115160201250812	4.64671406327066	4.474317958678705	7.640548623493111	4.728095230547875	4.074320725441715	3.672780775700471	9.406309193267308
4.859050284244264	6.770976777853033	6.323278075333636	9.016648615391802	9.89895880409377	4.677421385688732	3.2400930133007733	4.337739417989507	5.123113232106322	4.357491943372343	7.38506423956319	4.768310697367055	3.7314858244917093	4.060164014077325	10.007422324821912
4.369339777884172	6.472771186370858	5.930793136977196	9.434174698238358	10.1995043306299	4.2692685089162525	3.4639828141559277	4.141226158144478	4.35743498767013	4.104270751019798	8.095195860247802	3.6763800604522694	4.021207494158975	3.563560068560491	9.837727627049954
5.493394545411691	7.195163484145145	5.858542934269346	8.462073885197825	8.775324122619802	4.884851090883855	3.48161203972304	4.114980708421125	4.949938626066818	4.345292237393078	7.746665135290553	3.623548406529148	3.5969872089205057	3.919324709035929	9.781558475449918
5.277912371948822	6.232671463567079	6.413242780195553	8.509612702338497	8.930345723104576	4.586485239848452	3.5569841415498793	3.837603368125222	5.2638826270462085	3.927359163955799	7.8185688281675825	4.225395656717494	4.290468225862109	4.2837362356563595	10.140061459745597
5.009110928448733	5.063324471609264	5.981432705151956	8.4823580097066	9.030850406871657	4.5263494459641285	3.787179593979584	3.725944491787845	4.29806987823934	4.775055861647409	7.59741347354421	4.668737961918955	4.001216785356356	3.624922540636956	9.783238198316388
4.775777174599332	6.274254636868894	6.5415353456552765	9.905175020359604	9.977149512695167	4.382975166016614	3.6016401771310345	3.7262524042881613	4.683180626270334	4.419624248384225	7.490445874120429	4.367590066927799	3.658895075088684	3.680366172425911	10.205993040905625
4.245910825296277	7.419458536965465	6.635026063443704	9.047015285941375	9.189227804023586	4.5169892299683685	3.7599800078956163	4.041030294704656	4.756357158939526	4.0959570745501885	7.836239848966989	4.1109276373233685	4.517220871138453	3.589853005901996	10.500535818293079
5.991318871005549	7.256471769125896	5.405276621911626	8.59540059129641	9.058532588488049	4.6297239213414105	3.386579439172772	3.2682517699301865	4.5361336663138765	4.6695952697294585	7.7601054423496345	3.6129815349170222	4.356996900509472	4.044547203013947	9.713382798355202
4.205395977868486	6.5281526066354125	5.658200585227403	8.71280302163662	9.601674952042428	4.653567977545102	3.5895530483379408	4.134376932740616	4.438533742359355	4.137525601805957	7.548525114000931	3.925243839943221	4.391601681235775	4.357016354872857	9.778056000523707
5.045506476281046	6.619878467928666	6.3884231249062085	9.500512081324334	9.104005192303681	4.632343922082026	3.4887257972436245	3.7269463518657813	5.498367209637243	4.617654081565279	7.75050282177081	3.776101537298898	4.238423813622103	4.165544068597174	9.807696390846242
5.534243648359552	6.671246284664101	5.845605850155361	8.561727970274639	9.17818020744589	4.493946071061696	3.7390136885359433	4.556529974811616	4.522084675196732	4.105811648703169	7.805639270397569	4.319519576564165	3.7154558838792027	4.326230248275533	9.882270899308413
4.286025829963867	5.834175204260784	6.165656602839351	9.033405753512849	8.839319528818413	4.573824113306046	3.3842200691082036	3.7936570249582005	7.338249014221821	4.335206870709531	7.895444677790086	4.313162964301787	3.7656906736609077	4.482671662119342	10.378207912115958
4.031656352866923	6.926703909816536	6.0041237662264	9.904962787484104	8.980167747819937	4.455473361437465	3.229320680972729	3.948661398502529	4.997019043033773	3.906397711409338	7.6215950941658885	4.010912237466996	3.9561922299562666	4.013899984937763	9.808663586003204
5.695695601895895	7.590459509746419	6.275168074064198	8.762893606043146	9.114180536374702	4.655563221066543	3.467586202507363	3.6939597309525545	4.466304254448944	4.658046197808228	7.73415009189339	4.432422440746663	4.045646016306057	3.871580547810829	9.851578855464437
4.647751525469942	7.018595156232546	6.366645803587992	9.09547960819635	8.91312779602859	4.464925429563433	3.727871030241826	4.233872472768478	4.6240533577369884	4.479397164891509	7.879827394593931	3.9655376933004867	3.903812036249129	4.022110779493805	9.950971658282011
4.762402212757479	6.967830444491556	5.933721637811317	8.944170448005885	9.429347508441744	4.650494099719019	3.587732656031673	3.985333388360648	4.844218266644753	4.370209683173339	7.8648586438475	5.258718486320564	3.634580186967006	4.726330016152631	9.714566794596779
4.558828814102427	5.468897395730145	5.836425551748514	9.842234601927444	9.663348847637467	4.802864298839785	3.591272198745985	4.273265361789714	5.483640727577182	4.287449555026103	7.788315562319999	4.333673667051921	4.231093425239534	4.12104957369731	9.720061951701288
5.186541285684526	6.291824927126071	6.154616581343294	8.966663561735995	9.270943807560947	4.4823114184910375	3.8756635101330557	4.2617708293769985	4.766442558914173	4.366167730066125	7.762419048938623	4.1308965647195395	3.974703221059778	3.4321951012720375	9.998727212149936
5.37428026751005	6.869772297923303	6.367936671758303	9.06998575097949	8.728243423553767	4.828188988773191	3.622677184428446	4.2402315997722795	4.687325819934777	4.186240066808411	7.918756873079608	4.900883971981851	3.675883890312885	4.224142384035299	9.85331743009319
5.4335736581604	6.477246998422901	5.785401117682874	9.882574633413817	8.59573572489178	5.253000444611638	3.8761749719975636	3.950041774502041	4.521525927885705	4.441551917967684	7.894598959818128	3.921285876177266	3.7644583045475803	4.009525945410611	9.762704858834947
4.527713084009886	7.420180647052207	6.103801525198562	9.32344271156602	8.787999192535604	5.892545729841886	3.343809275325842	4.433610601273404	5.1746957579826205	3.950809783942214	6.290618163237872	4.929686540496921	4.059136031953572	3.5652414423725065	10.241943703175599
4.3298819165316615	6.357063841663588	5.309230239665175	8.349335450853289	8.730004622267366	4.682608007037099	3.6431153165224774	4.861232893353984	4.527511336571643	4.962291675872504	5.180096031671585	4.44438596305351	3.8759785812324994	3.7184578914995874	9.712265844026991
4.828298207207975	6.8569295471606555	5.727555425127448	9.061970200262714	9.386456441025823	5.182360597463659	3.932516904421537	4.211702622913964	4.678986263570522	4.356067378627366	6.7015063940799084	3.5179589793565005	3.543760964035684	3.6541242730162358	9.807152360835516
6.273696818397839	6.126366539927083	5.803530374625221	9.152447148644189	9.157295567587605	5.269865719412727	4.055179981120423	4.317731555829323	4.220252858262315	4.224195812241807	7.466434024580552	4.410512173873409	3.6291629345437983	4.071998870746125	9.801926343412235
5.65672038990071	6.365086310079478	5.845082758312898	8.853000637719656	9.52387747312988	4.4155154255219236	3.062815046221431	4.134118377042833	4.210798169434282	4.404967313604509	7.646945825711531	4.392417576188593	3.6287457930473304	3.7829656661384248	9.85545023368851
5.505165764560304	5.910890556690037	7.219875045180771	9.153432631861248	9.08956891522423	4.3876850700025045	3.642596736896244	4.0532787873785665	4.119963346937193	4.300335951119036	7.597399305315008	4.454004474296947	3.6900464589250723	3.564711563561346	9.847615336651767
5.421159616792323	7.60092822719308	5.41292593899331	9.166882949631963	10.775974902898227	4.360886153222911	3.844287312191532	3.877918686516355	4.280579207249892	4.253468009519134	7.408894167828264	4.86313974428933	4.206593605925968	3.809287583292185	10.391793439113222
5.094329293598418	7.22587138972879	6.2983044377357675	8.718836922826764	8.563771859973707	4.955078801153737	3.5507971811339436	3.7711591833553166	5.16918909719611	4.240336853710728	7.878657876419905	4.687163080384846	4.061209294203672	4.169479510897611	10.312581432747066
4.911614184051919	6.806329378204358	6.593246596061459	8.228676914523255	9.427953256040414	4.201006887405555	3.496224173100482	3.749760006586726	4.974024442843699	4.148298835488517	7.615603471000587	3.995783511355662	4.25619699602521	3.7206497048436256	9.586952066334572
5.3000067054005395	7.1470508345767065	5.150126803965544	9.285531729381024	8.821853699517044	4.767116320417967	3.7905330814643383	3.3839347776696163	4.964884499095036	4.54986363458777	7.992089561026929	4.379036382494793	4.116199822949627	3.9294704168003887	9.933173962312003
5.08179991163103	6.403569205516371	6.2503895196814465	9.027932943799543	9.215903120322261	4.968118170617395	3.599959028651948	3.8379881891989616	4.685344092564319	4.224197281990739	7.8616015590348125	4.844830970870266	4.117686583242175	4.827510159402361	10.197168020310128
4.497276379703848	6.37023434237116	5.578724222958502	9.378789311880206	8.336492651131241	5.605160671455659	3.286642607616056	3.9278647097620327	4.526610420836959	4.462322952181406	7.672447095782598	4.1281723016710155	4.09843394595221	4.884301433455822	10.126626261529736
5.978651066096746	6.21275577631366	6.036960836286293	9.924401040776518	10.090764399469935	5.4984274524082934	3.548951735168298	3.9851835216701055	4.7384729187489425	4.190075933694611	7.6509225189526004	5.724001330381085	3.9183301294058683	3.946190117649369	9.857101086425581
4.649520166605415	6.311335578066234	6.082219045263206	8.327435939733718	9.151091559892965	5.053144656333831	3.481593448657719	3.766022115681182	4.462786381833928	4.153354703601168	7.77727615209486	5.335466295362531	3.684370923793785	3.776300650960456	9.94204964815455
4.800630656880245	6.543603250633812	6.160491152485588	9.422359455994046	9.175087050590088	4.835382193720277	3.269976641092214	4.175125011458119	4.294348091892568	4.239105246447053	8.16400202967596	3.66155180549685	3.8603502037373376	3.866063370553262	9.760891873158961
4.973658193395505	7.395262612232638	5.521749555745588	8.890010908882559	9.70960245868297	4.273879509804381	3.25774002337077	4.1000649312378235	3.730266828457152	4.116543692714278	7.774458046409372	4.48342970075623	4.163718390940311	3.4429522946606874	10.210674846348619
4.933720602573894	6.056443952379202	6.066683055504358	9.85488281105898	10.219982675490531	4.550774588126545	3.8140865069202556	3.8068120688231506	4.596643041480262	4.1575141134788325	7.626555742444701	4.133835028118282	4.258208120056793	3.4895526226189086	9.896893013386128
5.12009560045124	5.6470120040708025	6.310734534296139	8.498304306119564	9.218447803412964	4.263931860682682	3.4458996014274046	4.3376978183813355	5.804025398954721	4.536427825991635	7.713440006554285	4.444576040962185	4.1544313946550435	3.904928935514412	10.110188378335945
4.90433573172084	6.580428995586198	5.491304316884028	8.394898099115613	9.009961244966012	4.657858424016937	3.80699010068928	3.6893218402235735	5.629738406775138	4.299496990048466	7.883812994544618	4.29981091779888	3.839083127743088	3.761170968305105	9.888793645758488
4.904807879686275	5.942595299507095	5.301988240987766	10.150421108533193	8.592610686266031	5.268547153032314	3.7390841149364182	3.989044518369102	5.289794242339253	4.110524640228182	7.749098253471982	4.191097340931395	4.234161379956504	4.000744210427344	9.955115373004556
5.401169617747887	7.600825122310759	5.662133525592504	8.37631983650729	10.03234912717122	4.976603287268173	3.6602872853451114	3.6716574554673316	5.009804571022533	3.983106527296389	6.4950012083813	4.162021698182301	3.4075572142016086	3.708295331997318	9.796538303292515
4.55702912008776	6.713853917776716	6.053437891380452	8.548336856298622	10.542150597144587	4.354416588527794	3.489690782317093	3.4262598104248756	4.66133373652453	4.16689424983476	7.944184838170984	3.8538634697818472	3.8369714195779863	3.3774813214060377	9.853766398312931
4.106701301867416	7.785985722580991	6.2566216232750165	9.231618413374642	10.371923679124963	4.675368435598498	3.541729776908021	3.81824763891081	5.050839626462961	3.8569679113527386	6.647686610954003	3.895711340423568	3.8210542207527403	4.173027657942748	9.880976743322181
5.059052091389769	6.35799484809159	6.033095469033192	11.38640231237942	8.76961092075865	4.791517743255429	3.456950352709517	3.8155277774240757	6.498369045981447	5.073224408325949	6.92292891683616	3.798511408585023	3.352031042353238	3.5678288586916844	9.452571816443477
3.9119064759039377	6.79873434619763	4.603809394564899	11.821423867658277	9.234876815266283	5.119748527208614	3.909379883839822	4.222421910030334	4.906662587328721	4.515208243735334	6.320596985443487	4.034225025355694	3.5075877903846013	3.506200741628709	9.88348418201612
4.999599629287995	6.284745177704035	7.27038263811465	11.909040559442763	8.61911343529311	5.377498637073781	3.4612352081881506	3.632132762388367	4.468749019287884	4.428914954174139	5.352990724530859	3.7571782490414063	3.5827968775493626	3.4083393146879346	10.026409446968561
3.8615808463146335	6.073306820521284	5.800472019451925	11.79073330879768	9.107191175430348	5.185181782707312	3.827496677843024	3.5792780149377394	4.022396831623236	4.586601801914443	5.596648839793724	3.7793641011869403	3.7635604855532336	3.7161976573438973	9.893534864998333
4.605475199893384	5.830448685715614	5.890124126130818	11.795677489343642	9.216339822885232	4.468658711723435	3.6112887884976543	3.743786683099049	4.650647348520758	3.9453031678553345	5.5943479784485435	3.7438129574126036	4.1323727198694025	3.444037650169745	9.890296788312915
4.1908666234305345	6.076820293294853	7.577419923485921	11.738826205248095	9.430700542819874	4.833181219986482	4.068366056758411	4.31799128580213	9.163749088353	4.744099546649985	5.095421705778328	3.799638867971873	4.043005639137413	3.912185999446773	9.908033829998267
7.663232227000075	6.69849893568849	6.367985199912761	11.757003857849545	9.401461001780666	4.970995765841768	3.6944213173013556	3.6244607770258166	5.332481062153899	5.622994958353669	5.5880519386276575	4.010569035112628	3.853152844678228	3.488721006586304	9.825374327771755
6.138702291771943	5.658223946963437	6.288729248645006	9.219336620782894	9.70467472866793	5.0859071335897506	3.295355312197865	3.43236600050637	5.746133227242564	4.161541697867033	4.86758330252534	3.431593083369379	3.657665038379817	3.987087264941524	10.331174262178608
6.612262746364662	5.8992964907088705	5.736897303537162	11.325546520574447	9.497101475164326	5.50728937298754	3.6306523663471792	3.5590997375676623	4.99029475584959	4.342372057012586	5.114172232941117	3.9383412711618893	4.002098337488058	3.2831917095637775	10.14166355597749
6.058948182884529	6.173825306480655	6.439745970435226	11.840951169554122	9.734946790501795	5.845611718362116	3.7399021902533627	3.987725904390783	4.444669425608601	3.9900693855339617	5.48769255910235	4.310574586505277	3.7499170385451124	4.132522955880857	9.94795527355258
7.064721493763999	6.514113044947498	5.98874646915289	11.546409777976628	10.362239156638134	4.701761774117267	3.6742612123721403	3.7910455359570627	4.5972401871252435	4.195498651974888	5.684218380899094	4.4902151167568345	3.3833367094012017	3.384168793406677	9.885247570070325
6.859968761029142	6.949258668200526	5.475660364225794	11.842076288435704	10.461791970900135	4.533774031415936	3.708936978103111	4.875369009474246	6.444161637927046	5.081249840321769	5.525935912123563	4.397946279165457	3.5428971265737204	3.638265342952334	9.932372423205136
6.770571159953965	6.0089679638411	6.783135867200332	10.867105291645096	9.184496352398941	4.362153603353636	3.4771527923475194	4.371305905850046	4.922435061438475	4.6926932464196875	4.968620445431339	3.873578564603815	3.568470292923828	3.372497258799595	9.91039377592749
6.998460860178296	6.651053386312025	5.79863489356603	9.964305547453273	9.374744413505201	3.9179419939971307	3.652269187639128	3.8580127747778956	4.710109721341004	4.257859370734748	5.062005550201531	4.398084125637405	3.3171818938273754	4.071950440147016	10.03868566065378
6.107309380687879	5.580538619041021	6.594205079485675	10.335766935488179	9.897320026698347	4.435615966251949	3.4804249422773452	3.5702156021276763	4.384381037038237	4.5084108707571735	5.612339304521404	3.813042183537667	3.6642149032829154	3.424032235854216	10.093940203637613
5.7553620214300185	6.136038377579654	6.483464155003998	10.954070092858483	9.789050080811375	4.662413401652228	3.5237350075562017	3.4597368928342114	4.490009281299057	4.0204035750184905	4.654428674831893	4.119607304766153	3.8278654182763754	3.597703109034965	9.984913947976874
6.118223313539715	8.025403337361606	5.915788918532598	9.642911282055744	8.843292342058902	4.4543658098200964	3.5465988141781377	3.623654608185803	4.551468510388822	4.528777511490827	4.5276891317512735	3.926500880740293	3.891884374140693	3.2538090961116053	9.813216564735907
6.336377234054974	8.292545575900606	5.6316299545978765	10.515468578663043	8.932103599142538	4.561036534970866	3.3037073141575513	5.802932662899223	4.282160004509958	4.478551949677194	4.497855118731988	4.038141336437934	3.796041081727757	3.8668185857231268	9.821335314907019
6.662549583875496	6.717318578153407	6.968757278727658	10.16242710497238	8.412749811764813	4.301131772592418	3.545237255208586	4.128617493340913	4.836426498682189	4.152669829862105	4.365450258415262	4.568085592745754	3.7293645653614016	3.4294042066894272	9.868812052785815
8.504681924152466	6.788878762580639	5.784814445804201	9.783911857742725	9.349947575249846	4.298838178095287	3.589992480309386	4.13564153966658	4.463307665637194	4.683462670359729	4.605587993183015	3.6799546250302537	4.253175095756167	4.117468320624686	9.804510053736825
6.833915191482964	6.729056155666762	5.906725345456524	9.747886883055104	9.029053394867063	4.41077374195138	3.6940891969078087	3.322652063650831	4.384064289075539	4.126674532574855	5.0771185436048505	3.7910996049483314	3.7668485538183374	3.3537709454602	10.533904138394464
6.03552549533832	6.2462397750176395	5.3065646248402185	9.674330792878143	9.434445714771934	4.444597316828106	3.8434371282590276	4.184624846282394	3.8310490980507486	4.16126987911839	5.392401094007724	3.6979508703969497	5.044750780224172	3.911061017345801	9.292576254565219
6.243812249853853	6.240773881192383	6.282604601034282	10.762080857304987	9.387635438518219	5.697240905907833	3.838000738704428	3.8569718532633117	4.203811134293237	4.09345905783238	5.782415491744779	4.099364054921914	3.4404132732990296	3.6521774999520478	9.979072325223104
6.249698444325344	6.057358974793921	5.306738980692514	10.600576098693159	8.456775427930484	4.73931386987305	3.5029778501202133	4.91944943747039	4.432231714100911	3.949058288275414	4.955733413540769	4.088212463884725	3.8150166358825164	3.2181883857252003	9.906235392551757
5.679737574086374	6.696811647558271	6.124931637412362	9.75799086310967	8.99859577897736	4.769950582171627	3.208426023328496	4.005158099039716	4.5572691982935645	4.990398843118375	4.586479352017082	4.058011072956951	3.463763341379214	3.5118427879677663	10.276346146982227
6.4929132224266395	6.157795628906157	5.78399784828058	9.682521137601718	8.577101340986392	5.08196172245246	3.2656105567646287	4.364579265344501	4.220559130020525	4.2901721032854665	4.729487669782866	3.913908054059872	3.7344055966724263	4.087620989673414	9.776023785345577
5.596889518406199	5.890235609393609	6.437656058439186	9.765672846046712	9.588345046922383	4.940692354306421	3.8079974909685688	6.660657911641254	3.861851633073361	4.892674081278765	4.708759204131683	3.7929438252021273	3.558666629134521	3.4321927950216193	10.288476435810617
5.712478985626662	5.826829209078895	6.19698159159136	9.89146128377487	9.386896117624255	4.4498036786665836	3.7148949093507984	3.4599623739715772	3.9988111237450696	4.191307278217738	4.287751169518674	4.035105413897175	3.7910337657268802	3.98049078341261	9.79693413301694
5.902954966323701	6.515787619707653	7.504653535855714	10.476414002073989	8.639529075591813	5.345334874084973	3.935892616911886	3.315120342286292	5.162987176773451	4.173874399418101	4.877771054304675	3.6164541722410806	3.798224642108445	3.84971020813541	9.924273816553333
6.01049651709697	6.373888150799121	5.410585334351368	9.887932983454974	9.238716382130159	4.9836367630478895	3.8233253991627025	3.8910438774357328	5.072019487083096	4.298415594185332	4.254878956727419	4.037497569667947	4.143672684666767	3.850484984562411	10.056140432211414
5.605843301544105	6.453698870650932	5.756265083140188	9.953774828418888	9.391116025140054	4.919387750662844	3.0917959736751053	4.483799756617468	4.503610490337278	4.4532577303580165	4.343609404615609	4.330805285329214	3.37855812195114	3.8593918135705625	10.251424121099927
5.931121318398142	6.00799263419483	5.835856620011105	10.054977040364951	9.107940486546465	4.994146338660712	3.7001337094596463	3.5177208388342236	4.437733335678156	4.236806415185223	4.31190641760572	3.8027792615207403	3.6157025612542832	4.666694840785426	10.125424906907837
6.210615767043412	7.083820854677572	5.288485079140141	9.732364480114642	9.123980835289967	4.555777536672055	4.188556191824167	4.676551456247573	4.079856978097752	4.512870812193414	3.769961108084335	4.16289280682437	3.9288812332014467	4.039506361829917	10.099652261393414
6.706367967191345	5.925859687503597	6.622175500027613	9.679828387058713	9.390097165432476	4.974639350783176	3.664931500211474	4.773697231083036	5.2998524120765	4.566728695452269	8.065032358287276	3.91918645566138	3.5695912773595917	4.53882011029303	9.98444270922555
5.9959513300454015	7.4101013510769995	5.088899162464848	9.935148826825099	9.104288530020456	4.518725770851216	3.7357245582694656	4.183489323180515	4.6308753876074515	3.8214947256167786	7.106138955576975	4.035574019450452	4.1109822106286735	4.463716603354302	10.338682480433725
5.608412629065355	5.7524312821312895	5.625022198886486	9.66695769868795	9.08933815050505	4.835135822497021	3.970649532981553	3.655631447822142	5.098190453389571	3.9407992146144815	5.329185625718797	4.033037641398671	3.4626976248497643	3.6110226995333323	10.074925345898176
5.5684279190259165	6.246847219159838	7.310844316477502	9.60852769911456	9.236679525501021	4.513958671036984	4.0164086169239015	3.858344495119916	3.8847694166341675	3.9432177142976483	4.829964872068034	3.947195350209265	3.4996109916758167	3.5926669836036536	10.198610036518692
5.2520111137076775	5.2752399496005475	4.526772942373619	9.87668440946478	8.563960794070269	4.610759312235205	3.774139110677303	3.8413470695736973	4.364463809946888	4.45902056961172	4.651228762424651	3.983180183044405	3.5924175653533483	3.4611797571813403	10.198808968026054
5.231440016398627	6.500573994443046	4.7798030367670705	9.526770272620434	8.915770187651262	4.7521972443725025	3.994923135590889	4.026463266491827	3.982709658816865	3.894499740928613	4.670984890831547	3.8182613154355374	4.18570213097153	3.6871045428222304	10.107426317482846
5.736778737925456	5.148845628493919	7.235520987447061	10.26199316772569	8.762455010290116	4.723004491973184	3.5432694890528147	3.8064058941506826	3.739145408456947	4.115499647218945	6.061040020969982	4.092425656536125	3.399635863901749	4.166256620447478	10.089170061810444
5.190786726824975	5.37773522763031	6.087945996557447	10.448335289873736	9.520183364348325	4.95913432638	3.5834247971309345	3.8911721571866202	3.8705453199900823	4.432138564754726	4.8049446780906875	4.046976092727242	5.085886003896151	3.4747895230592327	10.014282550066307
5.20583226420084	7.110761189713905	6.5164419196295436	9.524418102660192	9.319415386099582	4.6164325235933426	3.5943133034340042	3.9921530868180097	3.8693782229005325	3.831342707523426	4.183173253640269	4.134887306113393	4.463626702536988	3.3927021053368174	10.102413753106786
5.177230399913288	5.655558899162319	5.598872553334089	8.936334689303553	8.883185051860742	4.60307528033291	3.542200602740967	3.7336087125214577	4.117807626214258	5.067048314938151	4.296609598213256	3.71962375880619	4.462889192938517	3.43600252692263	9.83460939727462
10.590460632694992	4.365159924999088	11.652625382270005	9.143872670602054	9.612716512488257	5.828184315421657	3.5392903653108463	3.6440734829423707	4.8185697987097305	4.4284091584962875	4.002623491063821	4.405115986764388	3.973384059517725	3.878787810447723	11.04919951251917
8.834623622600606	8.071771655368877	5.156904520896912	8.685128701311575	9.122130080808693	4.685702777055006	3.3604667044739602	3.727699909359379	4.395683320670511	4.289445915545688	4.015704677171795	4.396143487097723	3.6984944497948296	4.693863417415011	9.821938403688865
5.8749771142557305	6.061001756086797	8.989266508543343	9.481108894350587	8.878943175076332	5.068112726256128	3.3386518975829027	4.081933528724402	3.984053654897547	4.245777976131363	4.077876796962113	3.9781457243738183	4.014452587890832	4.068935450150247	9.857223614966545
5.786474541950558	5.069213223005484	6.924759148511862	9.77529836737853	8.35486344055402	4.368150322703006	3.8002282836717143	3.650219369755577	3.6943212273870687	4.229735872674063	4.157164472821693	4.868865342194825	4.092308972469677	3.2151417581240302	9.813064576139869
5.491268832960254	5.999414225710199	8.10040574687199	10.51750705173485	8.3420740229424	4.570618625747203	3.7778006814107425	3.9787381692202253	4.0882117262543645	4.682436395278462	3.805796044650514	3.7788581078408137	3.7067128530252202	3.4474940754259293	10.5805471373988
6.402619281991037	5.1485288727136895	6.37397617155869	9.94723552239479	8.989910023698327	4.317680090739359	3.6657110324168913	3.8425986196738404	4.279921865360339	4.413083764704322	3.8472582672811106	4.2386944055765365	3.8161096670988623	4.4902724472574995	10.379488574521673
5.560541169249871	7.383909923827566	6.649677851788046	9.649371732657352	9.188358427526826	4.755833901760678	3.3178184176050314	4.046115852452416	4.268485698108892	4.795328446250301	3.3974480967615275	4.115658218380063	3.7800281537501372	5.2136929422204865	10.239001618673415
5.189362112404693	6.526876909799459	5.650869528886143	10.08139445899032	9.246472366863397	4.240496024178168	3.3608314994709874	3.902365994890882	4.188356908940157	4.09952795379001	3.7935876970028266	3.776910627834602	3.277106276806973	5.475389634648369	10.896604828234155
4.644359843638401	5.612669961478064	6.428870035213114	8.973105710886827	8.907039150967153	4.870794190253712	3.433393640049324	3.9173409660747494	4.125514655759931	3.821822004680384	4.003266592489536	3.9021256890308638	3.275989499114178	3.73007071677926	10.949901953048844
4.807950952372048	6.180583857864416	5.22293595707826	9.438488467031425	8.815700936759054	4.319741707363201	3.2943509437971565	3.7264158314096494	4.258914216829346	3.976254881547597	4.063556989989512	4.91417121981887	3.5594123384770118	3.438148337548298	9.932265310097135
5.135559902724057	5.8448905281046075	5.436795762994937	9.804507582884858	9.456090638315638	5.051112085498649	3.688078156492291	3.1902088704604474	4.127334013223703	4.575801991181417	4.916244525710381	5.299577617910438	3.76746411646368	3.59599002279571	9.992999044761893
5.087767941598167	5.711004587466813	5.999841353223509	9.71200208451214	10.025311577304455	4.807933356726958	3.426608798982572	3.714666014013169	3.9245942807436367	4.512759369539162	5.76060614273481	3.9239991216187087	4.0325266470468195	3.8178585303167396	10.10495931254555
5.4066653372303275	6.642407834963269	5.401261416704161	10.170784512586087	9.44471559938521	4.743743736929722	3.339423387765473	3.3746986262441565	4.271117602918621	4.18791552948747	4.761197841449577	4.001988215994978	3.674514182962677	3.885790240906787	9.843689179980068
5.426316062530554	6.292711140614323	5.350120941851952	9.356335711997664	9.636774613090004	4.750504479453954	3.6748368334218013	3.808390898888727	4.318556134051821	4.666739503773241	4.287521921908033	4.793068405208879	3.969554894068059	3.920568999164805	9.94135258387215
4.942071264864617	5.654087175137216	5.747014029820803	9.604123036623777	9.43089053332782	4.638264517006096	4.022387473114825	3.7593303888169793	4.174599619670412	4.18269756539898	4.420689144067567	4.203837118454861	3.758166345576389	4.192854258935721	10.124320107699132
4.899156068081371	6.2413550395762725	6.314269002104431	9.40036464507983	9.611076139317666	5.366571243231326	3.961644567144134	3.588085220879185	4.107440639849404	4.305482309693927	3.6699584124158826	3.6159315691809453	3.4886370154958626	5.6600726948363125	9.972236100027002
5.23591378409951	6.694342985007969	5.415295015618403	10.014949863007107	9.41931263951722	4.9898712015419795	3.9732079676926126	3.5706002428495114	5.378437441628448	4.486061063713573	3.971273859011297	4.144781014003542	3.8981515099563415	5.141388124133168	9.888607007652354
4.916968177381062	5.719248017452138	5.551290762770199	9.14484490242543	8.565581892188384	4.707407981102385	3.226016405702215	3.726810547492106	4.137952678993231	4.079906198639512	4.031686078139851	4.424611004156842	3.1492002792849805	3.2071300559623297	10.077798728800227
5.071344606699751	6.818812108366752	5.30054318527861	9.14161129985842	8.836153513534681	4.5163010777319474	3.313890869696346	3.356095296526535	3.92676484456854	4.603691857500946	3.7305167567540964	5.294821923615085	4.303277698986495	3.715283362070484	9.692188248221223
5.392850005134575	8.754987431821435	6.967129553759035	9.999383163998948	9.128623747959876	4.219826607587177	3.3765900804189006	4.309723683145293	4.037312007808158	4.437538827297985	3.906586080910112	3.5733363171812473	3.7172847343383775	3.8359159509897998	10.358330598352346
4.900776504365965	7.107452245798554	5.082948289050283	9.353123395931844	9.013244602325399	4.320610616755544	3.5260755279836906	3.5695445499642213	4.205054950296306	3.7460168200274264	3.7063307331187967	4.150499421340554	3.56258468018133	3.192169224478518	9.827098112679316
5.193800913748699	6.281108342357669	5.922346073566092	9.43478498026046	9.210497595459906	4.650770073102527	4.481436527279632	4.920118021567842	4.286784469453586	4.230498580379916	3.805179309971908	4.036992766276983	3.710725069282801	3.952986306139632	9.977337994093109
5.353530446842334	5.75775230621757	5.812485878664543	9.126423055581101	9.230289606501794	4.519916790607609	3.7270763716926294	3.7506778082251304	4.208896466656373	4.363946637236695	3.7671336725512967	3.791548289663589	3.8903728066617926	3.6723867244155826	9.695528951762212
5.294847145587777	6.608478253810804	5.346705453795179	9.55542910309062	8.641334602145768	4.353669041397189	3.5740728598872096	3.4991676884185594	4.386473156032081	4.446963707913167	3.899005738779367	4.003148675993405	3.8045378670949543	3.718016535923575	9.804746174534563
4.785613758953308	6.9109887748576915	5.556346250733351	9.020887904372696	8.770938978469864	4.756870464148928	3.5813595209761337	3.6489979904153533	3.864150881331192	4.360527304636369	3.805807452720772	3.89909339480086	3.7904719581396478	3.8376761536818416	9.782874136279148
5.289904210469468	6.944886492696814	7.350577000634315	9.37923046852475	9.687649988788532	4.440422787423218	3.8456448801899237	3.6799974582595474	3.792211867783348	3.9704830043083517	3.7766409945664834	4.4903963540433764	3.499103127447935	3.846841060230458	9.83179542677979
5.16274113327572	5.887520823309518	5.045436141991273	10.258342137299307	8.388618253136002	5.315345508085289	3.7659338215936753	3.2669307019461513	4.544295063559008	4.20871960636426	3.9456764324924216	4.424732404767954	3.8952921011059325	3.4011756223982825	9.82380403844857
5.183297586102694	7.221718850338618	5.7914171297741355	8.875806832069555	9.030251662391489	4.589891626890654	3.412126989277651	3.8608055764595792	4.404095856048146	3.961719710034287	3.569636439477086	4.50063853966185	4.175484282351298	3.4648517470096634	9.739662586840705
5.02497734530097	6.070228880662494	5.685345663798415	9.842644250912	9.06700624151709	5.103671038310238	3.8056124304750147	4.051117623991124	3.9912184962441755	4.378275016094568	3.8752667904480944	3.862150012771459	4.3556383510687455	3.752764731537512	9.800126054012265
5.046079191221048	6.334626628953794	5.161259389334307	9.450011005735158	8.869314740082155	4.767983600420334	3.7332280482790776	3.6330920491584657	4.451351045476953	3.7135569278682117	3.9059107677961244	3.349168670095303	3.8340083764974953	4.368415650619146	9.80569349868785
4.856500531100104	7.170039754941501	5.412159952819206	9.407068114400822	8.57089358707664	5.201680991435384	3.497853981758035	3.590659599739193	5.423435464858106	3.7877913530733873	3.986215190860422	4.564048303409337	3.465868064999093	3.739940225779401	9.907038077276294
5.405358925121211	8.06444468106223	5.4659949481836305	9.95500192577638	9.301610244191764	4.641247392498764	3.5343953021865233	3.698919569782466	4.190119827355466	4.241949721784003	4.022957523332602	3.7762597300591327	3.653077121791839	3.860335775787095	9.888702563159962
4.81361641000614	5.763456753591187	5.456265308927215	9.710316034233806	8.965306602584306	4.65089671691632	3.542238663846358	3.802301047418598	4.143153813904662	4.269223100307488	4.118630143335991	3.942391461033095	4.025402500747992	4.223201600419538	10.314649954040972
5.787179902942533	6.371581694131932	4.62624709184768	9.494501688252749	8.834098878097382	6.070294860283082	3.1610403056056113	3.8083424240226664	3.9610446842003975	4.417505727153312	3.5662288974010563	4.303625103915947	3.404393263932676	4.178793010160939	9.936527886112685
5.007269055701288	5.9428870208550535	5.582943422945979	9.83224834964341	9.35045171518049	4.50086613364085	3.856608871941868	4.4479182148685705	3.6748011259472393	4.468678161210871	3.8496522277759	3.877473840944388	3.4659282759289245	3.9521621256937323	9.927771492113056
4.624979865100957	5.345511812810041	5.295240901420222	8.944984704323435	9.667335857301127	4.369075247049173	4.0213348109339995	5.065925778328034	4.0848714628759675	4.353717187246901	4.097273661850854	3.590044675871999	3.0496906268507322	3.8954437496713306	9.771826205740918
4.9539924557013775	6.562632943152243	5.158316423601634	9.183011948200475	8.505696968375474	4.974722208441883	3.923358579475402	4.669204834090871	4.31873141508579	4.158475319772144	3.694877728050045	3.942121171137628	3.0793685261527797	3.512994000708086	9.999942209903157
5.278177294375745	6.0326747421656925	5.989579912739048	9.157234059613613	9.366684644871658	4.806237093677003	3.412553759551125	3.781889032530609	4.266890007766655	4.118574887585228	3.8349239463449054	3.9322285686048137	3.4119789852153626	3.7244715295383712	9.817062013402582
4.907603117296897	6.565146013179964	5.27492154702392	9.705393052084856	8.662408092338056	4.512511316373037	3.5424946898309404	3.569775609634136	4.777710851715755	4.448760676374257	4.056600645717875	3.6041932157722365	3.6050127660859683	3.6818539854626264	9.990121660138131
4.639949754167341	5.409079682222902	5.143611793999281	9.902679792926696	8.900817256017763	4.695781753894794	3.441744592729942	3.2982080556615316	4.698009567276467	4.068874752962404	4.1815523107629025	3.8571911444541107	3.781934708121313	3.6944572266803437	9.81671836531918
5.169578462024897	6.330957255624482	6.6527690613150545	9.272910714747407	8.229867465953527	5.212383818707168	3.6159879704311515	3.823854147235894	4.250145494171833	4.291476126368669	3.7532909773200362	3.998008540583618	3.1926767409427232	4.258907701093079	10.297874404067828
5.171323556458552	5.857590248063276	5.5859591395977635	9.44926903363391	9.101002367135107	5.509454082911935	3.623654866285343	3.8607951838425993	3.9855792123284837	4.388929618417765	4.2774564187408215	4.276560230904873	3.4210886428309637	4.236321300675235	9.871932036642619
5.067309114390832	6.497658342538898	5.5004525870216625	8.731809535899144	8.619439922043252	6.088937707044738	3.7403149461541383	3.587189009396108	4.027662965490002	4.519292890731281	3.505397329750626	4.096134715741251	3.560897799679824	3.3246280059172455	9.731719872748124
