mass_ratio	chirp_mass	luminosity_distance	dec	ra	theta_jn	psi	phase	a_1	a_2	tilt_1	tilt_2	phi_12	phi_jl	geocent_time
4.512168198184154	5.476382431003064	5.0927863698080555	9.17055961939995	9.892192210629272	4.252576248977683	2.2065486086169908	2.17590059318313	3.343289005923133	3.19450284248953	3.297585156122257	3.0596443749522506	2.0099392131205347	2.076910130352589	9.97428211512801
4.07652464246419	6.063711683886876	3.868911356117499	8.397711022412796	10.138555997558592	4.238173080046995	2.4340383559682452	2.210814715360677	3.0536028412401595	3.3039052459238385	3.180730610528396	3.188400767399429	1.9409003466349801	1.9461939377496669	10.022121266455029
4.114646764568583	6.571104636470871	4.654094073256906	8.976652579516733	8.964163767446749	4.088852359484902	2.0464806674266427	2.6168563110249123	3.0212460333173143	3.2893956152448314	3.1424847144365473	3.19255776888299	2.2893325730036236	1.7168506612676528	10.313172958035697
4.660184989812424	6.035630663918355	4.5409917591723525	8.391419797751059	8.951035339479013	4.001150151909016	2.1772658742679725	2.2488933785231433	2.913768944780329	3.4040612475936065	3.0728356181884666	3.021863985394767	2.1474092834486402	1.9945931734369513	10.23720024240093
4.6422227652391435	6.531322571935149	4.16578471382877	8.576443667114155	9.767813693618532	4.13676828109848	2.3767890151662265	2.2728343502452515	2.933730392785372	2.969171934193836	2.92912959315632	3.2432007699589205	2.3192391769353398	2.0668742768587913	10.501616222301593
4.609099438243323	6.559826262730127	4.152132383323091	8.734706500738293	9.556667383906	4.293533601163068	2.0784870355402094	2.1281632320607002	3.2758758260793575	3.4249049322972387	3.0850862413755635	3.043036403574999	2.146105690889915	1.8733106989125348	10.260411804597084
4.396059038011098	6.485788362600982	4.329273647739315	9.062780492398131	9.5419548741999	4.126521190829666	2.357613454563711	2.2058723884335816	3.432389278281342	3.0703335671470082	3.451300627460093	3.0774596375255965	2.0504840010002265	1.936589784848338	10.062912467034518
4.559037065492955	7.026361984479759	4.443829915807243	8.759760520813451	9.79852278279547	3.9262257709079855	2.455981571635142	2.0816205389536107	3.4300467306014166	3.1177456616704595	3.0391933184417117	3.124704214594587	2.3514649769767058	2.0033816273530607	10.343791582712692
4.789895801014945	6.503748282124217	4.1541401762269725	9.249686543431501	9.756532544697226	4.2905203676786465	1.9747143161320277	2.1301668672570453	3.380474058055539	3.319555154675893	2.968405441589208	3.1976938597528903	2.220692158479995	2.019442816832041	10.104845931157715
4.47346952436079	6.71835358228924	4.644621938528079	9.637888773266498	10.058561915148983	4.114034682657077	2.2713364477478266	2.430135309786289	3.372118023809178	3.180667178478743	3.32895146871827	3.3164777967672086	2.1789527881285866	2.0629047658162287	10.064656371660007
4.799714512069324	5.962599591987532	4.0175681433522445	8.888012138871405	9.808347030144793	3.559106587494515	2.197089294041919	2.2895580326166987	3.1446677907904816	3.7004979272046157	3.297221034858408	3.2379266578271815	2.391352549826275	2.0076696884033858	9.943781352466171
4.566240729375114	5.90470778302028	4.193907668784579	8.686101579754846	9.378756130498665	3.510528447274989	2.289814337371398	2.3842006025581166	3.3072356067209916	3.272445899055175	2.9777974298318184	3.313459473182931	2.3541949577258436	2.1725953561862013	10.343852134000231
4.559327717756717	5.889469219301983	4.43688030268844	9.097273274842204	9.518395083428059	3.6051347937511715	2.212984030076288	2.364904159969648	3.3224372951373167	3.266326008830214	3.503791514976218	2.9746249852642412	2.0315009014067504	2.0459296032233927	10.309384073941363
4.3360090205108275	6.2345268426827705	4.718717056249387	9.131881164198536	9.125450088864282	4.458629432047096	2.253555520364122	2.2338250988612565	3.280308378038105	3.363577744693118	2.9707005720096	3.0060018193766846	2.295367083472121	1.8762148508759353	10.477739604916573
4.759657535687256	6.9685264821699135	4.149832691687146	9.025410822579392	8.973673768699701	4.3377640737083105	2.2206909330293043	2.2372978095855394	3.005478278089845	3.371479461519432	3.0528365982682875	3.177426523623471	2.1757082918520347	2.067102562723965	10.436816791227129
4.402502058309497	6.686160289578109	4.091622028534963	8.545661133234455	9.132067826992815	3.8288844606322954	2.205995052667425	2.1529647139294292	3.445155067876721	3.0254927246997165	3.369290097860263	3.1314217732877783	2.1540133340727783	2.0153714195347665	10.142313891820109
4.7337140980494	6.426819882572719	4.519884997080952	9.32488454367778	9.613121014094324	4.427959538564338	2.2469364654351818	2.27767806790323	3.4455553368462524	3.0128386485726364	3.246690741339605	3.115117241024178	2.0503753963208204	1.8240433177631552	10.217721844170113
4.795730645207285	6.466190919907361	4.552003734094816	9.794334929768235	9.220285312277966	4.012933249046923	2.2143862944343313	2.0894564175529817	3.22423407502818	3.1282076451232532	2.91910242223701	3.147011406086147	2.1185605916136385	1.9522680064693958	10.433526008112237
4.3198272546002165	6.107716427385656	4.464552541062456	9.126098095483616	9.272965949086354	4.126653199012465	2.1507210211313184	2.237976388915067	3.66779815888083	3.2816845491288693	2.7156407550165986	3.5285362314669344	2.2796116428115893	2.132028115573526	9.86271308305103
3.961218213277271	6.284686485836801	4.423458283929353	9.54254701273016	8.95703151830783	4.266109220777483	2.0033910882338954	2.2930634075713394	3.3720199054050948	3.112822414778102	2.8679797715819992	3.0131349340859663	2.1847656985991275	1.9313671535651276	10.024049697775697
4.6992297602429485	6.924335609514457	4.594030052510861	8.465132999509255	8.942482606345264	4.065442732748901	2.320209672977801	2.072486965201315	3.01684329240364	2.967906535864439	2.884016525878045	2.9180688352153044	1.9655364192808504	1.9681171918347224	10.586385519183692
4.556878483418622	6.494770728890268	4.5372830522636525	8.659627466966139	8.780911445133922	4.108477277850721	2.235968399156314	2.1620509857466246	3.2384738089449776	3.3462143768462433	2.9341294665083457	2.756654425335156	2.2841279472423204	1.9449255415120863	10.36501119581744
4.397768889675488	5.439217101280123	4.109064372529691	8.91017665547806	9.296762692173036	4.367314910206174	2.147209927562038	2.1896041606837895	3.2238075309524157	3.1262467225902792	2.812663369314894	2.89126650184217	2.1305967507593966	2.086565938907937	9.683314070604565
4.28799200681801	6.5081884675633175	4.185839460456321	8.876257748609758	9.094685306614537	4.472584246998712	1.9171779035149523	2.085179702618021	3.765390417636776	3.405959866834995	3.0836531958280533	2.7917288506194886	2.5116867569556955	1.9377122749980258	9.936965712882419
4.086188974185554	6.250915461787042	4.38698279228008	9.117081400263428	9.591466048127185	4.574420798014551	2.0928178422260197	2.324845764471699	3.4875311336046897	3.2925699555963046	2.927776249191798	3.0282827791523097	2.140955474868943	1.9624921321938493	10.363682027208215
4.44415810638492	6.29042762749456	4.614185135295564	9.106475948201822	10.199709100943775	4.347536117221243	2.226947961563805	2.3150735583799062	3.202832668093642	3.3049759840243373	3.246764559721749	2.593274995822613	2.5339742191809176	2.1601698647615026	10.52876172130515
4.426231591635248	5.773954032366923	4.243904016734855	9.569024527926308	9.392201214322034	4.580354639996808	2.2112197262325997	2.1534302733313915	3.4755992862019016	3.3563839315560116	3.135722357822363	2.901915077769343	2.113201213727149	2.159995468163725	9.904603944260511
4.489346178148549	6.3288852535285685	4.200087788229632	8.330351958715333	8.938186320001051	4.911537680015265	2.5811228468282685	2.0400955119455064	3.0449515849093243	3.3568745257346215	3.002485060956812	3.097541090991348	1.9512723699058518	2.2232769340626066	10.098953626136192
4.804476075143422	6.027222800138734	4.029749690952904	8.984358450862693	8.911347381132991	4.100893269133693	2.2998267254085776	2.112973312329805	3.456525942584011	3.348079508666005	3.370013272916246	3.246563807829378	1.9401074689802136	2.0972043898000865	9.782921851868362
4.869682284696146	6.396376183039217	4.3341194500876155	9.844365441696324	8.61300420396795	4.208258815925126	2.0952189478684757	2.2142110604860132	3.1964518993579345	3.525684867128679	2.921552176652106	3.304324475214696	2.247970544081822	2.1141080141164452	10.008662876111822
4.532683528038838	5.961232823711931	4.611293841521401	9.058766394330851	9.032306423365734	4.348421015953652	2.4337506358093353	2.006138993650324	2.9023241391631323	3.4954020653843028	3.255761295563303	3.1103239540524625	1.8009545038981787	1.7976072755569814	10.2281776312911
4.087144876477813	5.618648618187473	4.275334593693998	9.195358137002232	9.970771362092963	4.7818427968196575	1.9568718665989586	2.1768786053918623	3.137045429532352	3.158700149516445	3.233278378102746	2.90449102736262	2.23012327462281	1.836750931489948	9.937227505867277
3.843476156386845	6.15718832317049	4.233362346194763	8.732126766621752	9.922284559337674	4.347577726019751	2.100954815148091	2.24970124515502	3.2353251315519547	3.1903758425070263	3.110541259392062	3.1419344347253877	2.4129562628789696	1.8936865017553197	9.82895661749586
4.298735591873521	5.581107160906859	4.0488508102123255	8.869221025011782	8.890832881146679	4.0621308945370345	2.0944010981386443	2.1003222054673203	3.295785599828337	3.0927720834691046	3.2966279885891496	3.104270237685723	2.225102119150435	1.8191151805928918	10.132159022584503
4.139057476937883	6.218588978658432	3.9780228844125762	8.497531356434699	9.039162329982723	4.1645079610082165	1.9840541053580911	2.288209504705169	3.3869362432838215	3.0018288803671282	3.0416635971293466	3.229749668363931	2.0457711155550427	2.1400393377500753	9.749474412992337
4.6771731284709785	6.039316583881376	4.26941581999569	9.148137439161067	9.345115278873495	4.267405961689944	2.1247527390557583	2.143212440337778	3.2167214563205366	2.848399471415566	3.190863422369846	2.993865184551708	1.983030375372925	1.8645267802464898	9.995153150146258
4.6026845183358525	6.373750672307847	4.490285138119721	8.505266870299145	9.531938182873883	4.335171653507515	1.9653253523567606	2.3333737905198184	3.3931925680647614	3.1090300314035804	2.996881830250781	3.299292703504654	2.294051011086343	1.8486887832151562	10.209338052253202
4.449016731764848	6.5593170836385815	4.123887180152866	9.959648421833615	9.516708058627152	4.806104530757994	2.1312890785742913	2.521708379256876	3.311961908840642	3.249912301779974	2.936560002504795	2.828097247203938	2.0718797124232435	1.734137375597134	10.301578010720958
4.349757139296978	6.4086006566079865	4.356224633541799	8.41401212505644	9.213753596859302	4.389322847798708	2.3451865348790992	2.1851812398646953	3.2964503092841557	2.98052177384244	3.2134189160169098	3.3210279555471747	2.3518622954626793	2.005645245473808	10.169588435996877
4.560475278225003	6.303588472071082	4.710442645638153	9.5645131023311	8.994828600672262	4.400516676170397	2.534370633488201	2.305090692225035	3.1978201303081657	3.055987963960898	2.9993295045049804	2.9791235819311592	2.365528071179734	1.9824375554756828	10.183483420665883
4.3638258099687155	6.77289440520776	3.903824935536731	9.698744076198109	8.644230712124179	4.764765041223405	2.3154372710294076	2.4485959978943637	3.1587769572613182	3.2432538409564535	3.244710855027976	2.869709329082402	2.07553714748184	1.9797930877566152	10.357772852467077
4.38277752461483	6.066592304212568	4.342493595251388	8.482665640647152	8.809902249319672	4.235064578205587	2.4096531980288196	2.136583704135786	3.3540813878185793	3.0880329854258295	3.0197980427505495	3.2250522397439227	2.227099881303641	2.0403466394567085	10.246049014246756
4.128222723706116	6.730686150928889	4.399661882338066	8.398751601170238	8.486347509701513	4.550020952456336	2.307976282709905	2.0110852771953884	3.110445797681852	3.124691497632833	2.953793951221443	3.041083762661885	2.2199370269880325	1.829014946589524	10.235449448075512
4.773849669348962	5.695108957828413	4.451832742672397	8.807550203292978	8.940117376154575	4.212864657944214	2.284295615536537	2.347683669897894	3.432318165845792	3.1319035774835666	3.133933676041322	2.8550890090419245	2.116684939646833	2.1210983591954164	10.743798260750888
4.546417263947092	5.957451425280221	4.317040536269233	8.35790527549203	9.208555784959756	4.090742329220802	2.1188958295086637	2.2178754949277537	3.0274535019801405	3.270228641906927	2.915877193241479	3.0985393179095615	2.148005084427357	2.232995201819068	9.918921863049302
5.0965898390273745	6.58087258326282	3.9881022905063	8.772672836243403	9.380409533555966	4.272359289407255	2.225871629760173	2.268854477705696	3.0389274622374347	3.0388894304444074	2.8988262936167306	3.0006469326278427	2.0770595875988462	2.107839709360442	9.768435407128804
4.825023657649662	6.334416949507541	4.3340863385881905	8.614464654468453	9.583847235973048	4.2267584744152975	2.1864372265636742	2.0531434448911945	3.0225492797783162	3.2597080370167335	3.039100655280457	2.9880168489846124	2.222391285443554	1.926078380445167	10.170847576358673
3.750549907310659	6.752170439280098	3.903150609316934	8.984375009968335	9.463429730268858	4.294612319064953	1.9974978695688532	2.388730034409248	3.19684424303319	3.316809176777943	2.988397821098674	3.00182997071701	2.3029000200982916	1.9053863157804884	10.265360508000262
4.842079492853436	6.405063749923356	4.400246240447507	9.040076966190442	9.273150132619875	4.109174630297925	2.3252435221874346	2.3689595573485835	3.387720291657522	3.3089234628006134	3.283417861676856	3.0200928008434773	2.153034361256002	2.0114493297151195	10.702497470930505
3.9816624395502105	6.29098315797281	4.564559745803187	8.305536198847863	9.269855221475876	4.359920716904644	2.0992841982495896	2.2742838763258253	3.463309031453458	3.350364302758277	3.269188824948033	3.19196877079692	2.186232841234439	2.286989711754778	10.216280079500955
4.17698658710592	6.371191634866944	4.534105484225653	8.993058972881567	8.573774621308772	4.199991098810915	2.148269458699408	2.2719191614456995	3.451492776582458	3.1770679980719794	3.3620751584142448	3.1499504748756064	1.977480673416068	1.835059485239666	10.371646374470664
4.71970807101613	7.081401775984122	4.615537013465975	8.944097412535337	8.749404208005139	4.464078389161786	2.4931178272739185	2.221111648146874	3.085761923114034	3.189103487866926	3.2109625239702324	3.155494291254653	2.395468269532358	2.033063540650686	9.813343783052508
4.320038072684695	6.797464778632514	4.482276411924004	8.75928321246767	8.887818378168893	4.4017327421080985	2.2224836360520257	2.1239120926443555	3.272152583539893	3.265515043873389	2.9673643561275775	3.0982423721044605	2.233277448001811	2.069587690702305	9.91641195284909
3.9681140086130338	6.135642489308853	4.731284928925595	8.997283441997942	9.957532357862728	4.276454804761096	2.3015103279891496	2.2785662946684035	3.2564388683840524	3.2568514171631757	2.9058331645294917	3.087799134590575	2.070548911116481	2.274921469711129	10.294366087062201
4.52475481515402	5.698910573604026	4.3314929955749335	8.719112927065533	9.269240249981195	4.141555689257955	2.2895108925096377	2.076444234478563	3.3506915932347745	3.0191297532966064	3.2311824542893346	3.0582920987994227	1.8984461531959576	2.2234406669514186	10.035643627984166
4.572385585039482	6.623617820210337	4.427843215283372	9.357334763613702	9.541962022349546	4.182459887843135	2.338530339382218	2.2642308084535845	3.1674838690266838	3.1146613388424793	3.333555935458473	3.2033967006667776	2.217435092670507	1.8320425304864105	9.909832385099849
4.224680945468369	6.124996163483305	4.43095619713678	8.573091681746815	9.411916783590774	3.9424992339830456	2.261001037348116	2.266207493842313	3.202491816051927	3.2577303927629466	2.965266685246011	3.0726105013514067	2.085508707429586	1.8842955696965011	10.017980980577358
4.675781702006387	6.5113521881429435	4.055688658579014	8.680005692418632	9.287990363934508	4.41349330461801	2.088408651915873	2.241018403144631	3.4811181708786516	2.934095651470662	3.0904929737660787	3.384426960190635	2.1558375984349	2.4581579486150833	10.007680398742274
4.4355006214946915	6.295617210480272	4.662565183287133	9.282396212867361	9.331748749411055	4.338494233933591	2.32239700622453	2.0578098230704573	3.7510969410363764	3.275432690306973	2.8058218517740654	3.0325695825871013	1.997828704539335	1.9795945927673932	10.224808230047383
4.61912049640285	7.0170646067635385	4.2437507281442555	9.196050525606315	8.873960559010467	4.244260499937904	2.098718134145234	2.1647283077738924	3.27603930134623	3.0137289141323027	3.411700310247486	3.213124530132937	2.3310134131130633	1.9535941347431742	10.256733019496938
4.390755710344462	6.337120996982712	4.71111226537338	8.22986847797433	8.883891743495916	4.095595208108121	2.101814441076442	2.309090406695415	3.0932063195731665	3.408667884471808	2.732454900923785	2.9901489253398186	1.9766645193695735	2.170762178851785	9.851908536449221
4.826142068754959	6.149593005769204	4.555898282324249	8.560266638665578	8.855635326127873	4.066516379108843	2.0524257005957036	2.0989219360975464	3.654709921608651	3.658446114064086	2.94294799412089	2.832688223700925	2.13228693838631	1.659046205588176	10.270851092393555
4.101013030003836	6.204882012550381	4.420503093908857	8.376099463984739	9.089790268948605	4.342422039362993	2.3416390640774147	2.190321175227612	3.105489908071957	3.4029109205848256	3.3332794502639302	3.0357798646559897	2.1527705459942688	2.065866468248825	10.325825128200302
4.098231745427777	5.586439801019623	3.717415503074705	8.389525938222492	9.028795292384459	4.219677089660427	2.4923041662512335	2.2664768317929513	3.251458184469846	3.3144200853933956	3.313359280764561	2.9631667249687377	2.0050145564928186	1.907277072120404	9.727964161429576
4.510272732310442	6.253377498788976	3.9872206526864824	8.874010602764752	9.536446781028179	4.305383936886545	2.0845903304023454	2.364528182230858	2.657665856414562	3.3062623801735693	3.003288735192122	3.2492747425063877	2.2301767237016112	1.81905497119945	9.561552478677681
4.576372227528344	5.629058210000922	4.232808766495017	8.977948912593048	9.270814603781934	4.6908478563055676	2.40780427471597	2.3061415390716222	3.2900721358250675	3.093250458040922	3.1490806511546157	3.392967507749235	2.1663037662366675	2.384586137892886	9.919796406238103
4.6009779613321085	6.430036212318711	4.510936804741672	8.71339102507919	8.778489364138602	4.702386469343075	2.3313904391127735	2.120448390980078	3.33128075155211	3.0897479688607494	3.09760041283952	2.8399730422052567	2.447199519668183	1.8871544793891055	9.924636046231191
4.241607640297657	5.526961519588531	4.415002941066749	8.876124389578337	8.761565184462967	4.398564665226558	2.2888715393581824	1.7215629102070875	3.2104965083718002	3.4377393151104245	2.7169948235210866	3.4431026040540136	2.4585049185830647	2.2409394445994155	9.94714292183969
4.419554938341517	5.229494753628141	4.424955187676283	9.353885132100048	9.31329212013941	4.434820551975276	2.313188049172843	2.0997790762702646	3.437069873775146	3.286847394648383	3.1567655326583806	2.9341766813332497	2.3732929126944184	1.81391670247252	9.749791170198044
4.540787406074305	5.829371882879773	4.267600152014887	9.317359053341862	8.953902078511934	4.449385005569066	1.9846028183315845	2.2725722969663438	3.3080063779754845	3.3244855068813783	3.069339872819589	2.798964433718462	1.9210546108365063	2.027344300698092	9.750137867055525
4.574554869648176	6.493415945296322	4.0399366301415345	8.508355038709235	8.732960712622948	4.637812223400597	2.2334010909827393	1.9788192173357813	3.427129616585296	3.07054253043185	3.0346839406409694	2.9546851670481797	1.9222546864368752	2.2463954468612974	9.829961132703351
3.7847370462740257	6.294646615219303	4.31524887537571	8.773770961241395	9.160642300647961	4.358570367093502	2.237806854374243	2.3417361368788625	3.303195053852334	3.32785192446586	2.9512095616453586	3.4093643583551243	2.3116482086657895	2.1292991159731542	9.895417847755999
4.30505916379343	5.796669653157931	4.002440439608289	9.25445917180568	8.999402314248282	4.51322954414256	2.3263922426982084	2.1108751365364773	3.201681861569609	3.3674814827315918	3.2720202423933937	3.18428824001825	2.3646018370873603	1.7838549746728047	9.876489254480047
4.745007178510761	6.47486197981082	4.222025487910269	9.532727400372336	9.549735693146008	4.673100358343147	2.196909058482657	2.196125421153779	3.1817971044916997	3.4908328079446855	3.099509002423085	3.2585588465162205	1.9613576260221957	2.039394525728043	10.004380391500428
4.069686020549547	6.805571692540143	4.429010898061609	9.022703532169828	9.253289870134147	4.383939322697498	1.9587088244472899	2.1837997935368656	2.885524160963149	3.097198162507213	3.279606615920785	3.5464125317594517	2.072314460459025	2.0681505032968728	10.150205629718485
4.532023726326079	6.411334301610557	4.532111790603282	9.765847726036645	9.294885854149545	4.080492338411148	2.030082226105346	2.359261310143738	3.1351550655712903	3.209972994156669	3.168829810860416	2.9207187375487766	2.0615962543538013	1.858415917576696	10.112272850360082
4.014012338187559	6.076874389710277	4.079853422441761	9.487981435242908	9.187035796855968	4.5930299495321565	2.1727764551253093	2.2671058533135864	3.134868343727938	3.1683481805195304	3.444200252691494	3.04251630647661	2.2727395250936073	1.98268583428058	10.029415596957273
4.443016167199199	6.612404714455981	4.380767919494274	8.90472945064861	9.53545926089003	4.431670650691366	2.256310457617151	2.141355700423798	2.910252241283701	2.9837536172475048	3.0091535466240447	2.9098371953391924	2.31012793486009	1.842527336763127	10.025654978885578
4.248486994971767	6.581890858749522	4.597818112592928	9.427074489554121	9.391404358199985	4.360815421779309	2.2758928402755596	2.0374734257211125	3.3256899361341	3.248998909536904	2.7042188887813965	3.1126003947904213	1.8671527207728669	2.0241195022999254	10.211399587544358
5.056457816522562	6.7410062267366255	4.140140682119419	8.20678838410431	9.364013775383121	4.360481435574517	2.1144043497221654	2.1838735268325324	3.0003671172942648	2.927136661808676	3.2304184959951368	3.3477677683167584	2.603613152880612	2.127379998328808	10.301880408859839
4.4079665330417885	5.897064920487708	4.0734907674347	8.811901471141548	9.333977668914958	4.300341040136427	1.962416338760139	2.040630890073778	3.3921973417462303	3.2297942024792277	3.2646772332856955	3.2450194665560588	2.013160213271023	1.856196578761666	10.301271584326898
4.070354411730973	6.213629653322846	4.721827123431924	9.307777602438042	8.507293901583935	4.221406330466719	2.035512639839299	2.2669110721882673	3.2641715659424206	3.375086388897395	2.9140248323043427	3.0528018546085893	2.4228696563270042	1.9897872084898656	9.928176710598684
4.446037169004504	6.236772709537085	4.479811193744322	8.466457178953847	8.750569440210318	3.816812691956215	2.219825145158949	2.0716300919034003	3.2919098107527076	3.0454787868985718	3.523223065348082	3.2947832276522218	2.317652146831017	2.1318594958019452	10.252731964476979
5.108060082316337	5.973231083874155	4.293376884323363	8.596458215387944	9.219702529957559	4.238187802844953	2.275042943303463	2.386721320214305	3.2982045499955883	3.0926670951106017	2.9969571126909926	3.4990522284837504	2.1598533889616407	2.0399911976913296	10.333505961803212
3.957609449679671	5.780779889773026	4.450484085340176	9.197654382678259	9.355471070679188	4.386758434243682	2.1992081799315844	2.4514066634290645	3.315766737461529	3.1352998268775734	3.1436225309279746	3.3457166837935173	2.049396145311632	2.1978851627921676	10.056851033583204
5.231269204954922	6.242872911299016	4.184859032803546	8.975193433610974	9.445351729121068	4.229211162686182	2.3200704099516067	2.3703121848201434	3.3931870554413743	3.040736104345856	2.6457486085109	3.5014590521736895	2.125003252732409	2.0738814039726226	9.997319483697025
4.6705871645952	6.102977180725978	4.557130331029051	8.760360556237158	9.248603574032705	4.40175702248603	2.368929573393127	2.4659750999259353	3.287236130532304	3.2139374418021043	3.097416853278269	3.118393347127708	2.2044708222586986	2.194114887713532	10.387997312307151
4.599287701365905	6.614944118978123	4.175810343941141	8.897626916675161	9.049431774383837	3.8073916132606884	2.1480551928977065	1.9429722395845754	3.3393259604856933	3.2455716550862577	3.0920287237954973	3.3214859490546607	2.253527738712622	2.207993431576555	10.257377918900593
4.7813923515164785	6.203997881046804	4.386474663581533	9.557475320099014	8.860895871692964	4.473275440681519	2.09516525799009	2.246215244516836	3.325341570142022	3.060048880719202	2.86220513459967	3.0208978606490455	2.1661487649164393	2.2108851870843087	10.053453302749618
4.453763272544362	5.975635968362289	4.393538831411439	9.559670953756868	8.779426467827097	4.404178053239218	2.3119411841391044	2.135749077192309	3.176966785960924	3.1304486724638503	3.0504913197065213	3.0305892731710284	2.201920319136809	1.9641717782705141	10.05788096026774
4.73996240823531	6.226615708820868	4.4014752273778575	9.330765940103506	9.159071999114847	4.101748418508501	2.1852023777696874	2.2397189878709725	3.205251124247755	2.879202855309755	3.2809723099499988	3.3754436810871202	2.169207752861902	2.005627815951286	10.06893926219931
4.1218909536693795	5.855619811940367	4.05978734447028	9.027438556236328	9.250063051106723	4.2682721488544555	2.4579296278788085	2.039602124299921	3.421578299246182	3.192477792359432	3.265532210954185	2.755326880438844	2.23422037240927	1.868552017433411	9.548095097700237
4.819958801933941	6.129689787529002	3.884393940636333	8.013254427575948	9.375621647370835	4.392153320092706	2.168390063569106	2.028176914507905	3.1574726337205887	3.1099014175841164	2.9523056203424307	3.148295273277435	2.059339976094212	2.2892709166176988	9.900938273549567
4.76626869514347	6.037297416336051	4.069151331169991	8.558743473833784	9.633902300725671	4.253666161014477	2.3491152244257925	2.212006214140533	3.0928416332969593	2.885776316949174	2.9602419111902103	2.906184930319051	2.1788837508736743	2.1051496712597206	9.90090245176463
4.1879794819622145	5.79491597034648	4.233263466928755	8.582984484203807	9.354138139322417	4.470602859619022	2.1999265639941696	2.201944697651949	3.1885565753242244	3.4134470525482152	3.498699505867242	3.1385843661764667	2.110680730128767	1.771887542284579	10.00348953292373
4.324413667891132	6.567059304428915	3.6035966639694665	9.149737027334261	9.30072656270455	4.610113239531417	2.2450343235647923	1.9248487687594464	3.2200506600370016	3.281845683465573	3.509785703432481	2.8086943733595615	1.9773855142900416	1.8364711714600832	9.81267926147873
4.163582044386106	6.280730895577301	4.241956461465446	9.054748613337004	8.983413069247746	4.514135314362381	2.0556616732695985	2.0455537405822084	3.1468152098514803	3.215433825946242	2.903152299083237	3.0310791426576658	2.2741165052202073	1.8330102892146587	10.147818386118265
4.842902979362974	6.363528882349746	4.278144163091335	8.685454691826699	8.431713546933711	4.2731468943181	2.169417355783605	2.092905485429363	3.2053763196066316	3.046581882141316	2.7808160733253247	3.0141059565532253	2.615589513717538	2.0450170715825444	10.009956545167086
4.729369781757726	6.915418574469061	4.268801533858145	8.370317510288915	8.767717748694995	4.330878124196563	2.1964861385464087	2.2297995780015447	3.219503047033658	3.470527808115876	2.7770896013882735	2.976398291018939	2.025626451066285	2.0558519936801978	10.551721690682786
4.286622356587217	6.3715364304513225	4.251937707640485	9.759661366212399	8.59925157530965	4.533162003205841	2.1840757973585334	2.1499044324877623	3.1887230654604406	3.081998551813564	3.2197192534552186	3.1465333448599155	1.9431753122395783	1.8488726685800079	10.150119958962476
4.100117452979339	6.177294714144197	4.464535840272282	10.026582028644048	9.00985587785217	4.162798726902769	2.5476147078421207	2.104940336038968	3.176443470927548	2.9579079952517517	3.101538739829991	3.226663243342882	2.137074636760788	2.024067311851798	10.388744993092574
4.308403704236455	5.58598931873784	4.186463279728489	9.378485723138327	8.80594729802761	4.260967530730483	2.1812606367719805	2.153567186662383	3.1754228019484376	3.1474716914601997	3.165989938864794	3.323122582042013	1.8756542273186887	2.030252694751594	10.314040211012426
3.8252759142278068	5.807424739139721	4.174254726160617	9.219019371463913	8.706407725173856	4.777873109348041	2.188324226583785	2.578720481155915	3.359086803489448	3.196132052077845	2.9722716944230387	2.8942848833688	2.1210541840868853	1.76876841116422	10.293161830631757
4.27718827727783	5.815686842704736	4.552625599638095	8.90913763395716	8.669077409114461	4.399765731238889	2.1695095375820386	2.1416511126486535	3.4653422830754352	3.2929667046865037	3.3613785789424973	3.027667936468475	1.920403668317647	2.129448259533138	10.151707710248415
4.549937432351409	5.50410314311066	4.434592712964165	9.346126422806407	8.431580875331264	4.156213258742694	2.115226023363117	2.2122838565184577	3.435338128436649	3.1009211543032076	2.791216982932589	3.078282592951226	2.1417548119236423	2.123115042879066	9.931122472337135
4.11787517755072	5.985037500346298	4.1426609317772405	8.890906689820712	9.072779029655322	4.281338382303671	2.3495400764273717	2.2738909374934275	3.4645859478077528	2.966783291722093	3.0319678057387494	3.147887878932861	2.331278370748792	2.0653551036142104	10.236688799884087
4.348878648079128	6.312002673053799	4.0463311870508445	8.95489049897791	8.592221422034761	4.121444998593929	2.1218355562370506	2.086857098310775	3.3835789276267807	3.2933877982997606	2.9415497302263938	3.2987330466459435	2.2295584880511066	1.7213513563694764	10.391789693748903
3.8495697882124014	6.8221024730487025	3.661802837773792	8.90739367397155	8.86970460210001	4.272023843424096	1.9884798318690728	2.1576744040889637	3.247354156371046	3.194822223644427	2.9560624490953553	3.3933430953413266	1.9455305510000753	2.0767139181434127	9.872043708208462
4.538283745310107	6.461371876180912	4.228553587625119	8.773067609351383	8.98237262014937	4.436327784143934	2.2132085443756546	2.3624787574824193	3.3036360430981504	3.5222325368082283	2.9792746481481753	3.243728520833785	2.102758728381328	1.8889595596188118	9.952213293415223
4.5790281637000225	6.204218282868318	4.34264490038474	8.615654645691787	9.269928368945752	4.640335825716204	2.4663502701420463	2.422089418736576	3.051232782840202	3.4564455434046444	3.2058839828551324	3.3073114130308494	2.0506835912522683	2.0255373148170994	9.9705387060506
4.384793714269635	6.127915060339626	3.9397535312694263	8.771578878198584	8.822502842224225	4.293650741323178	2.0797184294308226	2.302106340512001	3.4484795459745223	3.3828173748969883	2.8917833269619915	3.121501974133145	1.793720919132125	1.834703825773086	10.226180815720376
4.843344860346524	6.324091796836055	4.309385134398963	8.588777926102372	8.904625256497996	4.228953139257918	2.195588056688173	2.426022500549023	3.288829206355557	3.013679522490064	3.0855715870710636	3.189205431339447	2.4140056350488877	1.9253085581821334	9.765499385891747
4.843874416739564	6.149753417422458	3.769281153895317	8.910368210031953	8.91819697944962	4.234718956268286	2.4977916824314854	2.1303118588507868	3.447164264798125	3.1174202191257465	3.1883456875195524	3.293990320536823	2.262195004891629	1.7066893056817916	10.197724614889452
4.337438931673074	6.599828962727016	4.554962806548723	9.218233158023622	9.764682997210212	4.740651406821373	2.2990917783835614	2.17549423693292	3.2433153009285514	3.464487597084225	3.406507732581327	3.3556985192363937	1.953665578756259	1.8614846633701592	9.838209481117532
5.021076376072798	5.763506368319547	4.489318143840057	8.77839656066198	9.685074289390702	4.760061234946966	2.219544165895437	2.335860542189768	3.3019874920824197	3.3048803809616865	3.18143718522197	3.0304964732645803	2.4343819989400344	2.0342733259860073	10.516723607653711
4.604130169326201	5.9600147915204085	4.300350548072333	8.544818869198798	9.664968140425357	4.837268037357167	2.318494279142894	2.289591730805824	3.4083689416933813	3.2879506501785487	3.1049648081101475	3.3006818428651776	2.3486347965197782	1.9135732536620251	10.414290690203218
4.454523325813497	6.040762018569755	4.074500301633466	8.24752801975926	9.295398769605729	4.279512801143998	2.3449888463362796	1.9156308686361645	3.14122603992173	3.240155074204095	2.8816822000915288	2.8345294950514295	1.9801626458781103	2.0990867631510755	10.31916615130466
4.920430621370523	6.162021077530762	4.058272314962158	8.906483719863928	9.172410998757945	4.542848064215358	2.3362732850698222	2.103972831971874	3.3939122706195777	2.9020912274415136	2.8120109679127707	2.9616891137857047	2.266323190618723	1.9516041167239384	10.434593944095491
4.389968524154644	6.037567090798782	4.33542755347816	9.393185194974448	9.157297759182324	4.1769175334606405	2.196172968061076	2.29942762760622	3.213152351560485	3.193702321404682	3.133234499464597	2.7511998211582394	1.8973256230957463	1.8971924917182343	10.14245133118263
4.118905331372785	6.331572496820688	4.345911727917647	8.152922627161908	9.296621593515185	4.602969346723636	2.425668003985721	2.1978171765487864	3.374100307039278	2.9760868934736324	3.1027020552655236	3.0995007055391754	1.9805312685936385	1.9608598768618155	10.301913831890698
4.088894605317817	6.810445694581728	4.420104450766472	8.610790065150564	9.21708850126281	4.390979548772867	2.3343205854137454	2.2652375221279772	2.9768171959602143	3.270010472828469	3.1066146746486094	3.106652030253084	2.4223700394230097	2.254514001402445	10.3872067470703
4.470400142449336	6.498322013828724	4.303958114426313	9.541296552817935	9.470725795995321	4.378581280390853	2.3264802559484927	2.240917077814919	3.2797268378103297	3.3122218225133584	2.860324411552648	2.872081899354969	2.253876140177804	2.15599803547093	10.08645491032387
3.9885753976584937	6.621421644690846	4.442625616883571	9.770007018338541	9.20348909740812	4.115471193020299	1.8365291732288203	2.5148094496513465	2.9566036148060357	2.8888582309199364	3.278501130493953	2.794654085998887	1.9754202556683784	2.1700414359823377	9.859071325801228
4.446044334363768	6.656539245891365	4.320506019550823	8.657955529172094	9.271607259159705	3.9022179040095666	2.285471048427058	2.261528195697399	3.0651826010420162	3.376971619333813	2.864615100273545	2.8793202113927316	2.237075525945391	1.978883744465475	10.149639288565455
4.395160685938054	6.562008811025109	4.1701855095829465	9.196299692275458	9.139172722581009	4.55156391426293	1.85308426673258	2.16449337106207	3.571034973847563	3.3290761578373527	2.8535187435890106	2.9193882729859286	2.219669320653571	2.1433903838997703	10.219662625440387
4.573305147266449	5.9622896484296195	4.508074246009068	8.765298057285417	8.79308637458068	4.10839622954877	1.9698506620477023	2.1896752256757064	3.4540322164989714	3.132590917004327	3.0503407082002263	3.4682699625805666	2.2204960155422646	1.8918031112462759	10.062726648935408
3.974768870113056	6.231253286547853	4.041793641437497	8.839157941494504	9.010024578097468	4.914457850763685	2.2111519527812122	2.2146036736355788	3.0588097613200844	3.4790086622668603	3.097469996174709	3.2399230439318956	1.957053590804843	2.1904288215744527	9.808979045401413
4.383225945644084	5.856520990796181	4.16311542043401	8.712474264215594	8.811000621762558	4.301489249865106	2.052922094490539	2.444099668052271	3.4243880314372843	2.7062427145160166	2.7815160114673927	3.2355592529044506	1.8252751651191008	1.8431118442263241	9.744538491620272
4.265903115150276	6.105103555185809	3.7343364135329944	9.053664914906399	9.120244873635558	4.469902349072595	2.2171890890569395	2.050766383155335	3.0440598570921007	3.2858527572145855	3.1395625155906957	3.0200523078804062	1.8405227232681334	1.905904741995771	10.14287255631025
4.3460298910744255	6.147214927866353	3.996321630136311	8.495605602423016	8.727522207008043	4.346691869557856	2.1092440625140814	2.422763183975823	2.9735575520720214	2.804523747469717	3.114565383150021	3.113295511913599	2.121445315603122	1.928179185229367	9.867036421081439
4.257851980703222	6.396342034897903	4.062782608887615	9.862580421914068	8.507743607873616	4.554584001802367	2.0936726391113076	2.158602035108039	3.145445577129447	3.5631933779293132	3.401720828214379	3.06107136167605	2.2997294976584612	2.0838465249402787	9.90538984499159
4.389636073164672	6.2450309859762205	3.799857232303995	8.822111718580704	8.91602206716032	4.650759218472205	2.057774893001586	2.3043179959370637	3.0138105893443377	3.4129874286367743	2.985814435419474	3.156420282167483	1.9640495010132824	2.095641171196393	9.840383108677242
4.508208532272696	5.938355916180436	4.402349171613079	8.765954591373301	9.21665454394583	4.487738496166532	1.9326675942885778	2.1394566188374955	3.2980027135488124	2.8865329722714512	3.148865858771264	2.84734165969469	2.1428966938796705	1.8185301943036414	10.332578633441752
4.655693671943468	6.259011114594081	4.195541050775879	8.306764708072352	8.636748236396961	3.8892602748715346	2.215807151674104	2.095716848114035	3.3993137094297508	3.240261285701721	2.8847243129652327	2.940937791077296	1.8673166724203796	2.1417552268052917	10.128788739906286
4.751229787919546	6.146726248675794	4.329401575590304	8.630067284900557	8.55349884598963	4.013636999241456	2.0798478572955448	1.8262979994987825	3.364759030153629	3.3118030952920936	3.1232865123922977	3.123859049966419	2.0958293500130343	1.7806177492557036	10.228159609446546
4.454042922143871	6.871860385377354	4.441915906810838	8.586438907785725	8.759617927056553	4.153233948589731	2.1926948991783926	2.2084496209014413	3.187467952191522	3.307280014728882	2.936966546394835	3.0390261362383426	1.954322367386453	2.2015208444401684	10.165628716697423
4.452072400791455	6.295044911464106	5.063350670975047	9.220126724118073	8.83010888586074	4.479287080902916	2.2671034253127154	2.151929167468788	2.9285890999690682	3.3618639530556793	2.6759585900270784	3.2427972689026	1.9808585712017734	2.090204313820779	10.207655715965936
4.396936885814217	6.211061798839659	4.36287056008108	9.616480129422712	9.299315863719935	4.391165139767146	2.2466007809544095	2.1415549772935103	3.319229328246919	3.213677052736033	3.165929523902655	3.068153450378689	2.4673206329014636	1.8687957788167957	10.165802551833549
4.474231595440474	6.527031552658356	3.7528216434195114	9.345989839986052	9.135631341940584	4.366509498134355	2.111639786125173	2.1237979152016746	2.9508413081911113	3.0763309891219057	2.8088886225640026	3.2322488713263753	2.141668843985141	2.0388322121118203	10.233130061800958
5.050563252615566	6.0064081025251905	4.203435942580495	8.993495410586196	9.29794491445498	4.505132571791969	2.172483707813431	2.2726867890229885	3.1031793505076393	3.467225236404267	3.213860610586799	2.989153380909793	2.227302921840387	2.1002213494268487	10.42476761515839
4.575777561970564	6.179722599196798	4.284610684219868	8.641279414572468	8.849090446852749	4.298617224206909	2.1410691934402815	2.3870890415367025	3.1913470990134396	3.269974149107924	2.9387600508600826	2.956170439930503	2.0723680823467676	1.8486803826072464	10.10115898043763
4.06175327954831	6.499997923565126	4.403386814702911	8.538205547074428	8.93802414638627	5.16974957735959	2.2118592442732674	2.128239002253782	3.2589368268041334	2.9936776303750516	3.078901492756665	2.977039502784124	2.1615604089038074	1.7006724488645248	9.896882285978934
4.141812803837027	6.425856708255597	4.3797842165219425	9.139961317745318	8.93555793306516	4.290650848182729	2.01393391891181	2.280010807367692	3.5885140108945768	3.236604494091791	3.21409429757249	3.221440879091844	2.324738532782135	1.9005114939464023	10.431674206477663
4.056432159834353	6.4020414294110815	4.314290998564982	9.501105139767965	9.008471162184087	4.39516595985303	2.252716083961386	2.1093258906782486	3.597563005596449	3.4849394093026977	3.1584699713230386	2.9728241474268833	2.0303482562299244	1.9457963692213192	10.485659512219796
4.1232867830085205	5.701883112845517	4.480699059818961	8.953627380480903	8.876022033062842	4.381892244845645	2.204984786610038	2.3381340473663976	3.6454941565003764	3.334512773439052	3.124857524475325	2.8086145385460486	2.229475969373829	1.9966832186873056	10.023423543313864
4.56500830061002	6.040748614961649	4.417505573209447	8.871539225101667	9.083453717524623	4.462328920071784	2.0483557625160924	2.190605062821409	3.1161492525486154	3.074543186364766	2.786556036256516	3.048532878697872	2.131206931436023	2.1563819393086927	9.832110702490814
4.617631239374426	6.453433063005717	4.197219097681346	8.601368662823843	9.168630559764113	4.265350003273546	1.8783035962262877	2.1637986662502637	3.164033585339641	2.9903848476125847	3.0947238797101617	3.411777882387944	2.02391787277372	2.2565923070779847	9.651828406524276
4.428505091702214	6.18740028727199	4.558431364621788	8.18021478303391	9.116130576616962	4.333112912537228	2.4231610783994433	2.3705724086708204	3.357737251598144	3.172610605168237	3.056941038943744	3.1465153745228998	2.3959462276727814	1.9732785562200987	10.053901411702949
4.7479029024041175	5.923909399100779	3.8140984856301805	8.11886976258439	9.005086793092094	4.1713256642533265	2.2551863332008604	2.307830724220338	3.279374820695853	2.881267082835285	2.779441614505724	3.2599027009949095	2.214770763505376	2.1385240547831175	9.798153973705482
4.280567267104149	6.2852809804048615	4.632194182481563	9.828020766404137	9.025614501120659	3.8093629084073553	2.0167870284530083	2.1396559169486835	3.271734178442094	3.209286060045275	3.003383627560904	2.941877944134853	2.221523724311681	2.1006711955769535	9.852571444538194
4.650308320137505	6.200854066488346	4.119670326761992	9.199745271593267	9.172840220991228	4.262929044714031	1.905681662973795	2.114157952099775	3.244412889603041	3.1342904353367333	3.1333203981934035	3.022991486939168	2.1247000721481974	1.9951801044587696	10.349532321123776
4.453550623532215	5.922857518718373	4.0246476237407665	9.172579370400472	9.131315188101695	4.451339641371802	2.1405248366913643	2.086473097615482	3.22717398411476	3.4019813572189195	3.2272336670715243	3.1850577851286004	2.3579852580317437	1.8989588725163584	9.87008794224101
4.487605815613079	5.755506036577842	4.570265404433647	9.14620498257961	9.097744301393314	4.838849333866747	2.219616795895326	2.5307545558924778	3.3942815975892238	3.421848527700256	3.1281207288917527	3.078064782591514	2.170549015898817	2.2009452204164455	9.885358200800011
4.530841400296822	5.804773894083836	4.253411196509316	8.558540854569	9.06086082094338	4.120818532018643	2.170064541331755	1.9641209069124337	3.4812100913915964	3.1188074662139305	3.2180727640245195	3.411740308838904	2.050166036531718	1.9069299619732145	10.224154807303696
4.529727025036583	5.810967783585383	4.064634658285227	8.968637957263752	8.992078494875592	4.244998625350643	2.1434026187678827	2.1748792869518203	3.4428864271941015	3.4407849276332425	2.8985814218891304	3.1631020788674244	1.9743879415090675	1.8909181507133073	10.500382266529321
4.644131370477675	6.067004159562481	4.4089530904527665	8.95211132505174	9.005494456020912	4.621641454787481	2.14421066344496	2.1296177253918627	2.9750974431561406	3.2404395240244495	2.778089553075396	3.2970961890402375	2.1569474952305563	2.013191204620693	10.265324939782431
4.039956460941951	6.234458077345026	4.800010998178219	8.210530945533172	9.352762664161784	4.441817268382048	2.083314696808476	2.4982130572182086	3.239337959949591	3.347068316327277	2.7982949102630554	2.8566627425660625	1.910189137368167	2.143538687738065	10.157076315870443
4.002933983407976	6.0012069058074555	4.307718786638548	8.793162417374194	9.422452622547807	4.330252934308459	2.3143696857569345	2.206541890592775	3.2119326398216037	3.113291876552402	2.6652131063947317	2.765585147049839	2.1291077143020942	1.7850104361279122	10.27859989547931
4.21350006931891	6.174347433259737	3.789357473602603	8.997995092079881	9.142317478910032	4.405921644668164	2.33975887020707	2.447292412137278	3.301024741081274	3.3167680989383577	3.363721024056285	2.664244535850283	2.343681424151255	2.0350741301172754	9.977277819559157
4.515242775156107	5.868422080302286	4.454253569093343	8.618404289756173	9.227829000715047	4.661562383892462	2.043813733665449	2.306840971999279	3.343072731466017	3.3096990642367	3.0223427899089725	3.108431412204397	2.245711777709715	2.0487611017884495	10.31061030362952
4.670720240497348	6.666490496533434	4.0984591748302455	8.688467076436845	9.230386692114292	3.9010968065480403	2.011406254341429	2.335765825346057	3.109777340383551	3.1012849661813986	2.7663602906701916	3.1660889970306805	2.2156284734557965	1.7605305455969755	10.038602150477722
4.738148369088914	6.279881079619611	4.178295334053665	9.0762174273593	9.020018288522389	4.418454935197553	2.0235294029638524	2.3384828667889996	3.2851614084420726	3.0104985752995357	3.015084008059152	3.0315910252667937	2.117217605346324	2.0114684209661564	9.80558586517347
5.060754503648533	6.487636570841498	4.174419069017581	8.756944349735766	8.722184972440171	4.14620644389998	1.9699032600045305	2.106834094307691	3.151223823449403	3.515414452563918	3.0163971770997646	3.3384371046690178	2.2180338068952175	1.8474469031635776	10.210285091401246
4.441509854971622	6.4981656896441	4.629017915586947	8.554561870295098	8.644657904637853	3.8539689755047677	2.0148503530781956	2.1445317835128495	3.2064795842179525	2.948254043963894	3.086489479375	2.953907706147222	2.1030153122593322	2.2629547037703652	9.971922177629747
4.197794706287418	5.533740054493499	4.333032934197449	8.573640169806383	8.968316512188231	4.272971434629962	1.97851475166508	2.2038171723722813	3.3279598033982074	3.1695020253203943	2.7670699802075163	3.054820075833871	1.995745231371134	2.176666382316926	9.865662852099442
3.7408469505092117	6.116099853286212	4.017907944130554	9.580482401012281	9.02481153842123	4.297676566823949	2.3290002680188118	2.068450403272616	3.2635511796368935	3.1656232577856684	3.0239042773875644	2.9694937158879515	2.049762651821767	2.190688846064307	10.246590568906857
4.688999816223593	7.051637543900305	4.215446802781191	9.225266519723544	9.182261015059849	4.31774089139469	2.2094511856901087	2.187273317323573	3.2466739285038275	3.1687592619279257	2.8818042873455156	2.905024137238863	1.9393900371984811	2.0241754891515256	9.84944162180433
4.560392710446657	5.530240030467254	3.7726597170664435	9.530207875672888	9.002526107290675	4.275218168350298	1.9301112962022187	2.3484675271603206	3.6111114348986444	2.920231649780725	2.912528270552746	2.9907875292665254	2.2050002572411014	1.8783903684317913	9.989948709185379
4.352260117618126	6.336623864906576	4.483398348504997	9.390785908063327	8.705321050028722	4.3080975316268555	2.2979538506302912	1.998748586396487	3.332069672799037	3.0462594677750814	2.828998162791333	2.9685788639916337	2.0011794428461704	2.143461071930941	9.74757449998895
4.46932268757931	6.315952372686888	4.386056974105554	8.704408765124704	9.332925829847788	4.660110929725213	2.4601297720414017	2.0123278410245793	3.0354196124905015	3.4931825117619564	2.7071300839315957	2.8633936030411697	2.2900361851771103	2.077490176106197	9.936861583337961
4.539613658936287	6.138189348769665	4.171181847246723	8.67751556539622	8.850455421746695	4.1251380320459745	2.013639270012733	2.235774464562921	3.007487559594179	3.110655452240158	2.8171512937587706	3.178654097478982	2.4521479293997634	1.927265513262183	10.020164522975191
3.954183837686621	5.9449275418055745	4.167708938940185	9.155541636388495	9.137611477799332	4.206534497804773	2.1155637121389743	2.2821622329124964	3.2653517593319763	3.366488654750984	3.0362525246985492	3.172649305182957	2.4314834111800305	1.907971457766142	10.12873809176544
3.936680780423434	6.378975605726711	4.6143435807502575	8.618471420193615	8.737160950966441	4.52551657603302	2.1547001571117237	2.250894072687285	3.280589811524375	3.2207418033200157	2.956967950702409	3.39659907557085	2.146554261555713	1.950033887309944	10.508951828062056
4.512891096445509	5.565776954633803	4.465140308903383	8.060779828621229	8.771779505765695	4.319706673307341	2.1281510608563896	2.0599854472520356	3.233396788135888	3.536443396479936	2.7120357542654037	2.653116764318978	2.322449140025123	2.100498960592382	10.288892641831774
4.510351942791339	5.383207357091382	4.495303642448158	9.124548059188422	9.070081089845635	4.409116733336809	2.151536104793792	2.3158299644166527	3.6221613765030516	3.2189305953923535	2.6120670653044913	2.721037070663539	2.309539653462875	2.1785561077630695	9.87341896841887
4.428258689280473	5.845941978416672	4.041649560421674	8.989631064719172	9.319205461107352	4.86494370059268	2.1096081329361436	2.1632875914878458	3.2621403661024027	3.1148102020330035	3.0137294229552394	2.9978480313748816	2.1912018299837013	2.0292981628118687	10.609436038285326
5.0670156780979	6.5452679657010036	4.19788785637832	9.352920450416532	9.424321156916202	4.497502404436545	2.233683853205029	2.3123336506319756	3.1743150499164843	2.910189466708886	3.198799744589351	2.945741200942519	2.088595544217417	1.6963522679694825	9.886564407271338
4.860655183991266	6.046753308041405	4.316086352624779	9.236821819411714	9.184204426267085	4.412927127058206	2.162889690044373	1.676977120706458	3.4232314461877795	3.3002445666560516	3.1692139972076023	3.2167561892385255	2.0307851570103024	2.0447179419233614	10.123463947648343
4.595420473057188	5.695933202664477	4.550655469270174	9.28593907781964	9.210127206682024	4.824169022707716	2.4732686770078858	2.1694487002645784	3.2828808146212984	3.295939179727991	3.2018487084640683	2.8175414028797583	2.25381355086446	1.9200497235913105	10.33400386217633
4.364938575823266	6.243295605374681	4.1885685556698435	9.514853272994447	9.013760527733101	4.599757573114425	2.144868590521304	2.1903594616731596	3.386120035405527	3.2534569090159993	3.29018763738265	2.7389982226322758	2.2426494824326033	1.8777534659822699	10.233835106849336
4.279510222360721	6.338396380328144	4.452282302605933	9.39842041528285	9.590294705724437	4.111283771039956	2.232740478962069	1.9819048898531746	3.1196357894118267	3.062417602025555	3.36742276566608	2.914301230586095	2.4023320363286325	1.9963533031406648	10.524761852337964
4.281715543012805	5.652509002791446	4.422554528788716	9.286997211173794	9.332288786499474	4.277388555689687	2.1328130659415963	2.1566219775158832	3.3139919720703728	3.1537410483332735	3.1783114149508616	3.3884858325823775	2.221322946254797	2.118693934205873	10.09446077046831
4.416702760589998	6.418895003047637	4.104838648932858	8.420593612629848	9.184008627724431	4.1913814415134905	2.2078211826403287	2.058293622079573	3.0317052137182325	2.9382506868844165	2.9076913353015152	3.1907928940971892	2.2615661840828225	1.9007547947263865	10.038944221611478
4.1930079367232675	5.012631999826058	4.328180983144939	8.143824545829446	9.111625553741291	4.188402352239549	2.3035768501465226	2.0938152857566745	3.7519025908394976	3.2686192647411394	3.379928554036632	3.1882686923237062	2.0476934398801303	1.733083489022585	9.835490200848035
4.713864277882156	5.912447806568695	3.8228249722541547	9.55700525246315	9.080357958636053	4.7254826021419865	2.1707849589214057	2.095324460771743	3.402635552120455	3.598521503847441	2.972422355072554	3.0408069747125674	2.0284041185981048	1.739740057004904	9.957491366345895
4.439866975887216	5.441953914778805	4.848957608290758	9.665329143666009	9.172295359874315	4.5202098046566865	2.0800319471408097	2.295910954079107	3.246926037978068	3.302914573244399	3.0346140136757724	3.0578250485567793	2.17130169363721	1.9058561991679606	10.061409182807424
4.368028698396112	5.924288286911163	4.468342280240632	9.106861921300327	9.404994795665276	4.604084973118303	2.5304221310399093	2.390708561968581	3.471484361253717	3.2589811777817195	2.812795863869048	3.01878900699769	2.2105046010890677	2.14633448099478	9.964305160840459
3.885496397610206	5.87815464128101	4.216710429211107	9.983793735139995	9.169730286770424	4.231055036921803	2.03021804275021	1.7718530532148276	3.097475095213394	3.326491486904541	2.9537702773717993	2.7092007699952	2.2250237721817543	2.0562247982060002	10.015200224879274
4.170043880734606	5.4173664932114045	4.491718544839781	9.233942498088949	9.315129452291105	4.166076538957347	2.121330300042459	2.1857890657064694	3.250210793317088	3.5100654161131426	3.2553671632240198	3.2264138729325484	2.1576918145406307	2.147962022927641	10.064342870733705
4.3785272127058805	6.074937072380349	3.7801571720986162	8.186125639271856	9.256958877229321	4.214399146855102	2.1027503237048757	2.0374230264679754	3.185245563901802	3.3087504324166153	2.9862681340071062	3.1092058627611037	2.137498113588777	1.869747035465653	10.049512647745866
4.0479863109768734	6.354119063529396	4.687710292159743	8.446927459434555	9.250596534850263	4.0159418494327035	2.0236681512064596	2.3791054199679125	3.2614909081487284	3.301511150787608	2.957789909401588	3.135366172186373	2.3072188846411485	1.9661935886633997	10.240787050121135
4.523309264432223	5.326756040550501	4.642617394734039	9.151738142401415	8.798769103416108	4.274269988732683	2.1435584750294026	2.4301473385907126	3.3356035529052743	3.3158318742518786	3.1067379015845216	3.0697977311960885	2.138643952958688	2.0185697638509015	9.940949692827587
4.445377784038821	5.759698493537393	4.208662042310349	9.269897972650295	9.569967100882398	4.565141590200371	2.222036663555805	2.0425929941526126	3.185284022174276	3.1569934446129677	2.7791456461583017	3.166677649418195	2.250404346402509	2.2113461879721332	10.268596963915076
4.681031281989004	6.454355269660929	4.725791017372781	8.78524421076149	9.245855348252888	4.393080833403258	2.0664096527483036	2.403834613824528	3.119913348452972	3.321784388217488	3.5488110196938853	3.266366719488555	2.2242111223322056	1.9102301183710275	10.072614451434012
4.147724951190877	5.422130410244833	4.946181687700552	9.686104549571782	8.997879237320861	4.447077216326172	2.3718939824613026	1.9821213283285914	2.962895646616467	3.1774787182794437	3.201548574464736	3.1582819476178723	2.055418145479655	2.047414837505095	10.027514363097467
4.064717087656213	6.107343668825112	3.6487771650006344	8.898202322341511	9.318590311772645	4.535152267042457	2.1884491208336634	2.16026137884498	3.233262361723388	3.232932621152076	3.2215043018426446	2.9176789537423398	2.06681380294792	2.0437445313103075	10.368637619233834
4.45203860774232	5.682590039349388	4.036236288960119	9.438546746001466	9.147457742441764	4.273987804764228	1.9587541724048434	2.3618803444438123	2.97600073347462	3.4057243853518333	2.928277228921142	3.2546043424585633	1.900771432260193	2.256348455386504	10.161476224731016
4.544750576226124	6.37088029849272	4.377219235604903	9.787244447550787	8.882842760787433	4.234080385130524	2.064320116380743	2.360311271826804	3.2409878853972622	3.285388595770865	2.8873132685561296	3.2529616589592374	1.9238139374231242	2.0967402778952766	10.098248939799374
3.8759237710626504	5.946418837499018	4.537571662976741	8.512407469322161	8.903314806390327	3.9631671374353883	2.348549750076723	1.9546587804014015	3.21064870430992	3.1334762878473468	3.1157375229477435	3.315515706680569	2.1402681702235156	1.9078501780736783	9.910765213599202
3.9284224931401193	6.312576320488822	4.633487429247941	9.377572841959388	9.029336050878642	4.265429074307619	2.4267884270994844	2.108369869841419	3.0905937047880014	3.3529773539704086	2.979608830022954	3.463412240349461	2.067498436037915	1.906554831995091	10.161985801867822
4.786241823774094	5.881095928849934	4.468447695653888	9.25534373878463	8.952918810637174	3.9446683419647726	2.409238099226474	2.292257555538006	3.227049685440829	3.0238953366915404	3.1155090006795176	2.986499893175122	2.202619535767348	2.0721725181208486	10.344167366441875
4.539945193077313	6.035429713553095	4.0506953608616545	9.224262511716553	9.080637360196183	4.01502805457479	2.0994309779298503	2.453851963382933	3.5129792558159076	3.112043039334807	3.0683159353514853	3.173747450963064	2.230393589430743	1.8120935268756133	10.174860132753615
4.071630124338465	6.102536468371318	4.338321699622674	9.17499291843623	9.05585135992054	4.271326825130624	2.1862063611893694	2.1485002166849467	3.3991159604049965	3.2223539454859904	3.0403263960732976	2.7786721055785035	2.2745815524766098	2.2410821488198316	9.886403684766883
4.179244197871619	6.750934004189515	4.295675030264947	9.170547752732265	9.188049477056326	4.236488713121561	2.322362116959413	2.144925296764884	3.1198059034312684	3.2960389041616045	2.9212250468334235	2.9900823634682774	2.1861067149644877	1.9833985906285965	9.97932404622365
4.399478404160732	5.931554996621156	4.216560250717262	8.704038126255735	9.177848320790059	4.599910353647209	2.2489973889241557	2.127560044874721	3.168278199552857	3.2832833705625073	3.315610533339759	2.8625195260747067	2.233487829721905	2.055691156295154	10.27630874741911
4.988556044072704	5.899570338946041	4.2741036552945735	9.205632938704145	8.965577001552324	4.816846919473604	2.0849485627673325	2.1190790103935977	3.585678854941781	3.255047973371201	2.949259779586683	3.057998921473122	1.9966633926352602	2.349369813543585	9.882274594239545
4.655270601905366	6.426673373557023	4.467084742185329	8.483468207510032	9.034566035487105	4.100897498808757	2.1142214215879678	2.0107158499055813	3.225750975094744	3.1135055742999076	2.843220560636688	3.0140918154028085	2.110655399971498	1.8859479378725925	10.177239667270499
4.417050615473739	5.823968014515299	3.700976947858649	8.833944653323162	8.90507848845528	4.037584950628901	1.8933716462214298	2.1721579494041166	3.0521649901916805	3.197978035844382	3.087799269461535	3.063259710502617	2.0544168265803857	2.0601831451518886	10.04260619094821
4.675210342104944	5.878920300761963	3.7490093307321635	9.360769412005713	8.786675086301331	4.36830200677316	2.150617923842711	2.091116530638342	3.2677945025130217	3.248282852983385	2.697287932456052	2.7461204542474382	2.1548557489470586	2.107516545103906	10.292493137140685
4.535904184218998	6.432225161482232	4.421910208125757	7.852842621443427	8.709363759282235	4.094057024389811	2.2942062790784403	2.229050107709961	3.190016238011704	3.3923289874577733	2.959347578931467	3.0610861065611212	2.087364341161116	2.224928072354375	10.106513517891312
3.9478191651176076	5.921152944090056	4.094702382132432	9.251047848628618	8.669731750451213	4.544842915639922	2.049620405992306	2.0888248662514264	3.476913971104325	3.0810008778514786	3.004793383935194	2.9532716849010656	2.210471497634877	2.0487196745564034	9.96780484037035
4.004331846260876	5.813394054326217	4.331400881223157	9.237405846169798	8.722336874636273	4.209112575690223	2.227903940085807	2.377252699146034	3.479197748433527	3.273105437026138	2.8388604398754143	2.6821090315538467	2.0639345321253706	1.8756891352353728	10.297566301277246
4.26179212654486	6.422786775250565	4.069984187511856	8.734590675581675	8.618612487070854	4.564705361375807	2.078155171625884	2.1055654033815707	3.4349920849091715	3.1863542303853167	3.115983093310452	3.040015788012418	1.9090883045407496	1.9027612746273823	9.929369206313982
4.00139984642484	6.4637081315470155	4.154063787135891	8.416138267963719	8.536656751457766	4.541939732318963	2.225909925760871	2.1999543252652436	3.3825167140627816	3.058095349131862	2.520242406089529	2.8071594210541733	2.375800567709951	1.9715330122277797	10.422771784165915
3.9304936989432218	6.237570300232636	4.217221257415586	9.692542566192929	8.764419967348157	4.0925016540132075	2.247486881580383	2.3660798827150655	3.5836917362247407	3.2486345687500946	3.0551312857003943	2.936897856925597	2.1343881963918894	1.899495304718761	10.395113114941049
3.6470664280464127	6.702796502146034	4.233825455429777	8.752633435539789	8.648652553147333	4.076893443108946	2.114038375734771	2.136503438541436	3.517711889442134	3.1225402296007503	3.308091500431148	3.038952572330732	2.233450268568063	1.8906169437547826	10.279831855549054
3.772737741020718	6.801280065867027	4.1647259957638205	9.400087440342286	8.658672570707958	4.42734851515787	2.105697218161732	1.9613523429182946	3.0871388045425023	3.0146617154587965	2.833104732302637	3.0197781103005923	2.2752651868277636	2.057325141644713	10.67038667979123
4.116167456489029	6.473019005931032	4.473470677173323	9.227531161403546	8.924358910393922	4.676066209873233	2.214313775097036	2.049937876271112	3.219741299611305	3.242697190577112	3.023456984287157	2.7818803291828225	2.150245595741711	1.8974334550215375	10.118565778467339
4.31132252341285	6.117609533633947	5.060161949396309	9.349934253795846	9.34426345816539	4.139615788021051	2.222315515332845	2.056242580564921	3.371938509929092	3.291336537925166	3.021541206279618	3.105439670702126	2.0376519272252565	1.7835593010146469	10.121953724583404
3.8382052263574047	5.753495320858971	4.476349337315228	9.197023756044711	9.1487525261506	4.173742455191578	2.1743015548007647	2.2811239596862865	3.553095037938906	3.4898868808107912	3.2651256288105337	3.2772905387664535	2.111415477138121	2.010715365267684	10.124093496907491
4.864768432997364	6.889903616358777	4.712099936467206	9.176483586789272	8.890186903768429	4.26003182298463	2.078965295738555	2.1582205285035867	2.9244675583677764	3.3801979238384297	3.205638037045478	2.9080463278110913	2.1361882657208673	1.9722553567886196	10.134594516543554
4.402755087131381	6.936570794286143	4.491208378952048	9.11013336708643	8.897819561964486	4.107052240838165	2.438559099273626	2.1730537267695946	3.49714814565016	3.3435797813085455	3.0356337437730505	2.9588882543597856	2.204942095440298	1.698841811799163	10.098716022162021
4.506042504627606	6.6402097770611395	4.579561042523171	9.044245743014187	8.75020780857749	4.347549537068426	1.8956693706238164	2.4577579780802017	3.091270599703903	3.276443699410559	2.8815014100288687	3.105073826984887	2.1911815277659326	1.7508409873874695	10.170085035783357
4.147946967854109	6.023081720884043	4.445642073056295	9.678283891843051	8.74964336173932	4.529060406227946	1.9199994673508236	2.3152246945653996	3.4529488135347446	3.267069226211017	2.7957689758148128	2.6615644429087397	1.9478969787812248	2.2065861739919774	10.1988315096405
4.436337336194917	6.651780802045592	3.9580773526747444	8.942268629859212	8.853125072955915	4.4626208400474265	1.9092312112436733	2.173356648987329	3.2618546597176916	3.345686053428389	2.939880875863455	2.794842353127869	2.4876636163514525	2.170982465023233	10.262375811542544
4.354609724495094	6.899171543959576	4.300490433134683	9.47641668007319	8.831665717344723	4.295102275870697	2.0349628695666357	2.3311002577692865	2.997541033936716	2.7830863678562285	3.3123255999877053	3.1109781090324717	1.9332379784316327	1.9759410470853465	10.013485915966042
4.351231296269235	6.120986818791279	4.538833711970339	9.275778291102338	8.51181004277272	4.315238632235263	2.181690783447338	2.3194312994426265	3.3728267880901295	3.2813005693562607	3.2142036241213727	3.0441325756840136	2.3064427829456027	2.091804563227231	9.807278154921086
4.670373581301033	5.820066324020949	4.641033500578236	8.829822390329934	8.962510684748812	4.014342240166703	2.2793389316960613	2.1851668736535665	3.3388388163500156	3.04203979074758	2.669933455430657	3.0483633618789807	1.8937529584609192	2.0885802651017524	10.497038134073305
5.287763544429639	6.529702336752691	4.538511893675622	8.794110988389686	8.901322418006544	3.9399803424200415	2.15026022031152	2.05269976319683	3.7203807792778156	3.349770069791618	3.247890888010747	3.049372396269904	2.0730504822302307	1.9263825012114963	10.176068753036047
4.402043085163092	5.896973287130722	4.474423394681336	9.051066578531762	8.530467915638894	4.161600227973745	2.005473971842386	1.9451247712092337	3.230377046615063	3.224554283389027	2.771887846475635	2.9679873393292073	1.9384605314940484	2.025495088915009	10.001838693012502
4.370038949675101	5.883275200457069	4.360495920881896	9.60093781964003	8.657919268589122	4.3607600693240824	2.2119861615183756	2.5166679684088105	2.952233069167779	3.329402585324992	3.196663300020996	2.9466370686802956	2.1447444869728667	1.9290462671625568	10.063616566139052
4.834774464735739	6.318561479913217	4.389885327023695	8.603507571704059	8.691208237690695	4.327047064219762	2.178467271393517	2.024424009337901	2.972185672273506	3.532024873242015	2.7994375987891056	2.904969216836736	2.2381289439373466	2.264783369592913	10.45294356488738
3.997492301083295	5.890758369759499	4.399953776536274	9.212370980120355	8.713689453274553	4.127553097979568	2.0002852125482207	2.2988599825736853	3.3370686263031315	3.518912649944014	3.102196299944767	3.006475783120401	2.2326796334294947	1.7695826984128313	10.301106750084418
4.662162512913277	6.502637920788335	4.645704833506982	8.995863997640377	8.773293697998401	4.202217856932214	2.251038775931021	1.9819991141044364	3.282641360997792	3.2717190662520763	3.021115595315757	2.662751337232344	2.230868729583849	1.7870430366121803	10.356097118398631
4.767385189614627	6.5310943922137294	4.138876114554724	8.662068880524034	8.79738396126627	4.190897800498107	1.9955264820739689	2.4221367344494813	3.313789582678848	3.34227331947591	2.71311740928714	2.978621303697101	2.2423179095744405	2.0894489963208596	10.17225756970131
4.651865762258777	6.394155330526617	4.432951221438583	8.916008507127563	8.950687443520644	4.388359215773204	2.2629485414017556	2.5217890995692867	3.3262611057942713	2.9889798078135352	2.8752758466503594	3.1862504277607426	2.2663469746230667	2.214843736742868	10.164986904424378
5.2781784689656215	6.079807620531084	4.824412389654083	9.020172332404846	9.018147213726884	4.2164626594035965	1.9644927268205092	1.9997130342402774	3.395470876090268	2.8739424063858596	3.3622292099684583	2.9819388993184073	1.9334657024963342	1.9779290394488118	10.06352769722397
4.014560467597332	6.731332856612841	4.17041797272081	9.240210309317591	8.79740309854856	4.521868345859449	2.2372432885480045	2.012207433301531	3.5017626522882384	3.4101212671949073	2.811872282463716	2.8818757023993995	2.2664896987845533	1.9054151084154711	10.170036996733366
4.514873916149838	6.692639708441065	4.304716785428826	9.71778104171563	8.460440472201102	4.2788711149655505	2.1065964327512363	2.2419833230218313	3.1999737407382653	3.4514285479860307	2.8572427244295344	2.894298733224093	2.169214715263592	1.7731763840654713	10.241398747768844
4.644153421844853	6.380962650044095	4.407144547228905	8.946139015251726	8.577239241382511	4.045452847401924	2.1582231872339848	1.9951398853828688	3.5933648510042704	3.264719535690521	2.972916157587421	2.9168477615776487	1.9762603333546818	2.05106950006808	10.008897683468152
4.448529170956495	6.29070560092984	4.385929396869149	8.107902356661834	8.48569347088374	4.26326275583992	2.361290636493662	2.317171814902228	3.302481772489309	2.8272364194264124	3.0702257171867666	3.0829405809183537	2.261929829664257	1.8643791502856861	10.329553584263994
4.723836417024259	5.832220459847573	4.1713258967455085	9.124454516362881	8.82846496247293	3.873136000298407	2.335705624874843	2.125187529945952	3.2247102585811356	3.0588537368379494	3.037181112563955	3.14248144197208	2.579644330317459	2.167204022282659	9.964735001410071
4.394692214880189	5.837580361242745	4.080657250821526	8.861920189276153	8.802536904701913	4.33546894438637	2.231605654317995	2.03462574677957	3.717648689687689	2.958868672084309	3.076958150686655	3.0881212023997007	2.227717175592945	1.8106264777403371	10.27515463382134
4.902375939802301	6.415523790942041	4.276811978640929	8.52780482875143	9.161726374757759	4.331567370984948	2.45606670600227	1.9394441273853238	3.6043978076907623	3.04154146613033	2.871868431620914	3.0005829536355444	2.0818477229992625	2.1546881907128292	10.044169686461297
3.8827553973980695	5.5941740613937085	4.313852002690399	8.776762946362426	8.934339819584048	4.446418382500864	2.132061788660553	2.2297280184197215	3.2902999961706083	3.130932553982337	3.058703001800632	2.8771595919622936	2.131370220857105	2.094542314934868	10.03326108142422
4.937018683789292	5.455254245287942	4.070813375853369	8.647578829339428	9.166309796791989	4.52077872566431	1.8910166853891794	2.143007262454699	3.252803912785722	3.1409742936646805	2.9370568793420646	3.1759245682162005	2.145364302244556	2.050623825844746	10.103077394514324
4.530717152117017	5.690805875195258	4.097534488197644	8.520541820879613	9.252652655844177	4.467647078898384	2.1028569252028464	2.2355689576293796	3.058562448950229	3.213668470660198	3.0003993741626274	3.007111618528474	2.393445505713377	1.9476999241734505	10.01360690342301
4.144902668710263	5.8888245540914435	4.50240487691198	8.768355837298412	8.976231145077579	4.1976262826275645	2.025171531021224	2.0564398353210085	3.371671990089052	3.2465382242744316	2.973639374894356	2.789929637223642	2.4221052924953055	1.9501509078586357	10.150908482572655
4.485104027858923	5.6738365140429865	4.444986350699965	8.677437984031906	9.258983845408775	4.429085106788031	2.309040225882466	2.4551007405151486	3.3032584853271008	3.0694521568497284	2.8047997311280923	2.6125282608293263	2.3291246678853277	1.8996730225265348	10.129382386464519
4.963574058582978	5.99141993588215	4.538478425312354	8.455142066983726	9.00568524473921	4.4222300209889305	2.0819860243327715	2.28387471610045	3.786145604900423	3.3271439496884883	2.728690078332363	2.9322048693330935	1.9194167074550705	2.3284464645065026	10.072872112225292
5.094490012805943	5.440421240526408	4.372076532539329	9.05756216213579	8.881976090046765	4.1989222639829356	2.199616245186748	2.3022329991992514	3.2726184765484314	2.95369823672558	3.0018398906217136	2.886131133334537	2.0779003397695743	1.8374317733150456	10.317486293269033
3.964588565941146	6.4073617547779085	4.180410443273737	10.096392043183558	9.350813848872143	4.5303448090869285	1.9628838673316253	2.2593982437899283	3.2773474482053038	3.060463166533932	3.059595616623289	2.873092181617683	2.25436102741366	1.9584311204372116	9.906659542268237
4.240063969604321	6.0699442560129935	4.013717687712667	8.225750735259467	9.05486177353995	4.278312987037979	2.063149340530624	2.3713436741854714	3.435561445091591	2.8494443246847014	2.737149045682899	3.177336727082777	1.8510771439358058	2.2028668511870855	10.308546371758373
4.201124275988047	5.357858358844777	4.042916821756882	8.653411902336206	8.842937392695097	4.095938624299133	2.166885885425956	2.048260125391284	3.2039402293038606	3.2576276107818734	2.6828294697054487	2.832536394971827	2.019457874155034	2.1689538980687497	10.305717364520442
4.413330321773643	6.018692360896125	4.771812135130084	9.552537305781538	8.689433454848254	4.6234502426875626	2.311611336708513	2.1537384322053494	3.359881496423928	3.0008651309202863	3.0771850009471415	2.9469872185231685	2.1363026716523197	1.879503220449407	9.984007157982882
4.830903314908939	6.683380420665121	4.269204978408938	8.931699759440598	8.548404915037892	4.3310434099982755	2.503987525170683	2.23794464525284	3.2280594836559833	3.2726415869354706	2.9823593517128617	2.918742796685246	2.1097638194190664	1.9712068840867718	9.888211499588985
3.9972367759663503	6.390527083422927	4.522575821719881	9.371679781206025	8.724064073211563	4.379998251195604	2.037407028890363	2.1850640926549945	2.9837100376104853	2.748072894540691	2.7366956888200287	3.3619605086376483	2.0776759551429134	1.9940217060908427	9.88948599546335
4.7913562617331955	6.396616376505849	4.551561520371447	9.276266822799435	8.911057990274973	4.677718225584214	2.575493188408592	2.5757256437684712	3.2934280183066518	3.1090548920137224	3.0309628422075243	3.074267221163191	2.257472547304338	2.0507498782611076	10.110430585727755
4.434706483092046	5.735168005143651	4.232241617094078	8.894125512315352	8.688301555341504	4.451813283741002	1.952729369397923	2.065049895021419	3.367844347460659	2.925110218741015	3.1129667259463325	3.0531912664816248	2.2506913444427927	1.9590983875506267	10.128161300324784
4.740834073589803	6.476861418401611	4.498739180271332	9.086686890813391	8.789659785099836	4.237959872346613	2.23366628945831	1.9765530671009557	3.0861077488830087	3.0063814849069606	2.8059800861524278	3.251517761039818	2.047660790991443	2.0850031732662777	10.050085488843154
4.649516602015974	6.040482220632492	4.370594170531579	9.285144032876325	8.57606294636682	4.367111819433436	2.3564249162506217	2.4337768601932463	3.7162404887958265	3.200441247343943	3.4078107657689523	2.8961520533891503	2.4395248838353667	1.8961866470048612	10.18190366546692
4.575138828036582	6.493664363693492	4.090026186583491	8.691381382843456	8.608206740999172	4.424465049631874	2.3780078028132476	2.2449053775559684	3.2591094582786675	2.9342826501781993	3.312581231924671	2.917410319679985	2.133438412462483	1.8969951976704207	9.815842580322057
4.407582621304523	6.010454916520244	3.9159537909489597	9.036269765319162	8.61899542306758	4.198113002381173	2.4161244197465486	2.071834241654479	3.2682535159563257	3.1674147257791687	3.041785881955507	3.236131080783946	2.2087793217692684	2.1453458931967764	10.443613263055356
4.351363294411672	6.437013277669526	4.110229177928884	9.62156191961442	9.216800100778235	4.428924994226596	2.250921720862081	2.1049293633425803	3.395329084565496	3.047090012738438	2.8234253772694062	3.0769483046650636	2.323921083984612	2.2325135204765605	9.99721645561301
4.276908638124735	6.760184951746907	4.328929893539957	9.89392586874887	9.26924428363935	4.120065615715526	2.126422537179216	2.2128198408513264	3.305455506507147	3.0359693451861705	2.9856911430490403	3.0379126687478264	2.028328971834527	2.0002231555053425	10.105615952305314
4.520964814921508	6.262816850326948	3.8992579961509324	9.401631214553232	8.753955971505036	4.1469461065697315	2.00686752785604	2.267953187683893	3.07268868155178	3.253148470788641	2.7303721237790546	3.2736664380180183	2.1598498843444403	2.1333955291273075	10.183465155627061
4.218563621248441	6.555714410087225	4.55233846747016	9.230489265332016	8.804076277108125	4.557700180482255	2.2914790397778404	2.041769501990829	3.2248498365573854	3.0866345104611193	2.951468240616107	3.1994789570785387	1.9069036663620367	2.1687163441784745	9.792874211299766
4.178172170531935	6.3797270610487145	4.536229967405695	8.926249305900875	8.837554407650755	4.1890705115751246	2.1785741948466755	1.881310656283726	3.197277479361504	3.387746385635472	3.029704331501464	3.04714950100368	2.1581143169551713	1.8767764607677904	10.07236023046414
4.130215894451973	6.08475821649182	4.321629058463704	9.642936491291886	8.880429813160644	4.297973607816947	2.281505526655455	2.0511120175119846	3.006865655095079	3.059111841583256	3.132706061879961	3.1248217944994297	2.1850732128017896	2.0800188781817335	9.776953100177023
4.294967089222736	5.963080959441602	4.580405066966989	9.991074998486372	8.594325942035251	4.047312069502516	2.2964497450790966	2.2659892467698524	3.3061496363534966	2.9472348107972315	3.0911910325475636	3.3826405485751754	2.2112609109859025	1.8379778191240395	9.906083419261515
4.581562986124258	5.872356933620626	4.457188433849399	9.32228840449864	9.176104300404331	4.039298809959532	2.2950767325575625	2.2662258069333907	3.548240505455189	2.9062728967301803	3.2085600863160644	3.063037900415499	2.097772030932536	2.025829847845323	10.227108783119348
4.539859404621617	5.903917125024795	4.051020654498526	8.958838342251012	8.822799703477072	3.9992775329127572	2.1873535051177204	1.9781236194903473	3.262216278174141	2.9284251839335225	2.9945671672143797	3.1977538868864364	2.029686907097047	1.7956630802896063	10.057975537235055
4.033635342690158	5.535714729857114	4.84000940625512	9.86265428278237	8.668304593872241	4.103252220279993	2.2482850645610615	2.118599921513505	3.479657978067201	2.899677542055744	3.0429019442515837	3.1754446845093685	2.295158258986155	1.9366988703277719	10.39419493119047
4.265763784427696	5.284143870087553	4.407542515764907	8.415301665777337	9.097667524852696	3.560168805658258	2.382542992992977	2.3000026529676507	3.3419342370899163	3.1511817248064338	2.796344627399231	3.307054465197765	2.091620169570948	1.7991290290351563	9.857061441111371
4.760176037513235	6.433283264637756	4.289059941566613	9.567577604572548	9.024283757984572	3.97464317830178	2.039185241542197	2.069878866151277	2.8681729179084225	2.974781331692918	3.1265734605272795	2.9736216101963766	1.7934020861408515	2.156248529356532	10.016393572532344
4.523373857009022	5.420125726057522	3.919848478043105	9.14642348246711	9.034995949526976	4.585100302948915	2.0954259088502294	2.1357715953337872	3.3924519583904305	2.693094440896161	2.8998259116837795	2.9641013787914203	2.262288828724462	1.9707417811422463	10.285600031645917
4.56286941910058	6.2518634521609595	3.8763354233855223	9.141666742144459	8.992177891552409	4.055368225631199	1.9079445723677333	1.820072273598812	3.07844802535538	3.2164270198804767	2.9774425567395055	3.196190252266061	2.5605116124821694	2.0632223800701097	9.642333368366582
4.147812268884477	5.670407534626058	4.071001947000668	8.467911112314868	9.091254626365638	4.055032703634566	2.226639120682087	2.2082344461394117	3.1039038421749217	2.8674234763635096	3.093743193730502	2.6606046721835876	1.998932394431701	1.990336532717137	10.211324587470177
4.540132943868902	6.3563632238788585	4.461549893615981	9.425138788945407	9.15040696610805	4.227875807938095	2.3152213535806796	2.3968306924403064	3.1127538379051307	2.8383095635726363	3.064575713577629	3.0850321654654387	2.2500244568236774	1.8916636172661094	9.964410541227938
4.610521895173074	6.379513739510931	4.366811530073827	8.74596060276796	9.293769560299294	4.494904306257136	2.304199592793848	2.510428517145373	3.095764935370298	2.9943172001916714	2.7842415302603505	2.629022819755098	1.8812062994293268	2.243600707853723	10.01866224921438
4.462491971449296	5.503339311397194	4.0614754860619025	9.585253008613343	9.49123924931526	4.133512370132818	1.9639369186307194	2.1819751495566027	3.651515070190027	2.8674553676157992	3.3291469228985715	2.8401598817528346	2.008432884568918	2.1924112045708464	10.226194914948678
4.161275215702971	5.92562699294828	4.581821111470271	9.622495569268393	9.313477177233299	4.543607931039612	2.0349262338317233	1.8813222063129837	3.1305568012869105	3.3450002941225687	2.869470281862075	3.0496546191765836	2.241706816608864	2.073756603167647	10.359195899916635
