1	17.3754443359375	17.288975830078126
2	17.263790283203125	17.27750244140625
3	16.9603759765625	17.08570556640625
4	16.839344482421875	17.00865478515625
5	16.67426025390625	16.585726318359374
6	16.56547607421875	16.4930224609375
7	16.408538818359375	16.452728271484375
8	16.488197021484375	16.312757568359373
9	16.55237060546875	16.23838134765625
10	16.541343994140625	16.16338623046875
11	16.36651123046875	16.46276611328125
12	16.35412841796875	16.42731201171875
13	16.41882568359375	16.248006591796877
14	16.181837158203123	16.15961669921875
15	16.274027099609373	16.00632080078125
16	16.075323486328124	15.880130615234375
17	16.082796630859374	16.029949951171876
18	16.023929443359375	16.13412353515625
19	16.01757080078125	15.94400390625
20	16.2807373046875	16.066943359375
21	16.170211181640624	16.08530517578125
22	16.02666015625	15.981275634765625
23	15.879637451171876	15.83165283203125
24	15.95788330078125	16.119449462890625
25	15.990677490234376	16.0864404296875
26	15.995316162109376	16.0903857421875
27	16.129881591796874	16.078394775390624
28	16.195048828125	15.900345458984376
29	16.160518798828125	16.18992431640625
30	16.1587841796875	16.193323974609374
31	16.098521728515625	15.976666259765626
32	16.130443115234375	16.090418701171874
33	16.076885986328126	15.9709423828125
34	16.084906005859374	15.875859375
35	16.023389892578123	15.90848876953125
36	16.136165771484375	15.851717529296875
37	15.977852783203126	15.95193359375
38	16.23951416015625	15.969686279296875
39	16.145955810546877	15.861898193359375
40	16.010208740234376	15.953233642578125
41	15.9989599609375	15.965008544921876
42	16.13997802734375	15.936558837890624
43	15.938782958984374	16.114130859375
44	15.841866455078126	16.087037353515626
45	16.049481201171876	15.946080322265624
46	16.169749755859375	15.862431640625
47	15.94385498046875	15.87185302734375
48	16.099132080078125	15.7844970703125
49	16.204906005859375	15.8696875
50	16.006949462890624	15.890958251953125
51	15.92798583984375	15.8929443359375
52	16.1902490234375	16.008580322265626
53	16.0318017578125	16.04654541015625
54	16.314215087890624	16.174871826171874
55	15.98691162109375	16.1090625
56	16.13986328125	16.07855224609375
57	16.069571533203124	16.0713623046875
58	16.11195556640625	16.1282080078125
59	16.1146826171875	16.062291259765626
60	16.279593505859374	15.876964111328125
61	15.941591796875	15.8533349609375
62	16.02031494140625	15.861119384765624
63	15.993277587890624	16.030399169921875
64	15.994298095703124	15.969227294921875
65	15.890325927734375	16.007972412109375
66	16.09352294921875	15.809730224609375
67	15.983360595703125	15.919637451171875
68	15.903851318359376	15.85824951171875
69	15.92658203125	15.776800537109375
70	16.00041748046875	15.97087646484375
71	15.926650390625	15.93117431640625
72	16.094281005859376	15.855203857421875
73	16.140848388671873	15.944461669921875
74	15.971119384765625	16.08830078125
75	16.168538818359377	15.934586181640626
76	16.098807373046874	16.016884765625
77	15.96033203125	15.854876708984374
78	15.763568115234374	15.7985888671875
79	16.154080810546876	15.8694677734375
80	16.131265869140623	15.988642578125
81	16.03350830078125	15.891964111328125
82	16.13350341796875	16.140614013671875
83	16.19823974609375	16.124232177734374
84	15.867847900390625	15.86453857421875
85	16.14836181640625	15.90594970703125
86	16.017591552734373	15.958072509765625
87	16.054560546875	15.83314453125
88	15.96149169921875	15.8848828125
89	16.2720947265625	15.910455322265625
90	16.063555908203124	15.879970703125
91	15.94651123046875	15.79150634765625
92	15.963966064453125	15.8027978515625
93	15.87806884765625	15.8086083984375
94	16.058243408203126	15.901578369140625
95	15.95777587890625	15.880382080078125
96	15.866221923828125	15.85435791015625
97	16.09489013671875	15.834844970703125
98	15.97231689453125	16.0777734375
99	16.059718017578124	15.92519775390625
100	16.063658447265624	15.84116943359375
101	15.91031494140625	15.709830322265624
102	16.108917236328125	15.8528662109375
103	16.023505859375	15.95680908203125
104	15.900579833984375	15.990914306640626
105	15.992872314453125	15.964483642578125
106	15.996981201171875	15.8442724609375
107	16.11989501953125	15.8260791015625
108	16.054149169921875	15.9665673828125
109	16.202872314453124	16.145087890625
110	16.11621826171875	16.21507080078125
111	16.061968994140624	16.018829345703125
112	16.051165771484374	16.08513916015625
113	16.037506103515625	16.000404052734375
114	16.127276611328124	15.83564208984375
115	15.9604541015625	15.850743408203124
116	15.994100341796875	15.97459716796875
117	15.907193603515625	16.00843994140625
118	15.915614013671876	15.936119384765625
119	15.89858154296875	15.883436279296875
120	16.007998046875	15.963955078125
121	15.992637939453125	15.768697509765625
122	16.004537353515627	15.75939208984375
123	15.834638671875	15.817852783203126
124	15.932442626953126	15.771890869140625
125	15.930152587890625	15.831162109375
126	15.96212158203125	15.82916259765625
127	15.87919921875	15.9557958984375
128	16.0577490234375	15.92682373046875
129	15.848465576171876	15.88014404296875
130	15.8881982421875	15.9948583984375
131	15.745401611328125	16.1587060546875
132	15.949522705078126	15.84865966796875
133	16.000826416015624	15.856995849609374
134	16.012791748046876	15.928543701171876
135	16.1770556640625	15.988924560546875
136	15.92027099609375	15.9513916015625
137	16.111156005859375	15.930517578125
138	16.0184228515625	15.879625244140625
139	15.996949462890624	15.842025146484374
140	15.69138671875	15.75869140625
141	15.9198828125	15.886903076171874
142	15.906590576171874	15.90373291015625
143	16.0490234375	15.8429736328125
144	15.90145263671875	15.763057861328125
145	15.88861572265625	15.793897705078125
146	15.96734130859375	15.78953369140625
147	15.960791015625	15.6498681640625
148	15.978489990234374	15.817559814453125
149	16.01965576171875	15.79376953125
150	15.92813720703125	15.84202880859375
151	15.849326171875	15.81859375
152	15.806031494140624	15.80187255859375
153	15.88691162109375	15.823211669921875
154	15.989698486328125	15.82750732421875
155	15.89979736328125	15.8249755859375
156	15.97967529296875	15.722637939453126
157	15.9031982421875	15.876888427734375
158	15.932271728515625	15.8365478515625
159	15.81656982421875	15.75490966796875
160	15.968931884765626	15.852135009765625
161	16.0641064453125	15.799857177734374
162	15.99005615234375	15.8141064453125
163	15.97718994140625	15.8734326171875
164	15.909715576171875	15.716611328125
165	15.859075927734375	15.875711669921875
166	15.9606396484375	15.8197900390625
167	15.84361083984375	15.79436279296875
168	15.94838134765625	15.89668701171875
169	16.092430419921875	15.77839599609375
170	16.045155029296875	15.7754052734375
171	15.90118896484375	15.741474609375
172	15.776075439453125	15.7346240234375
173	16.034429931640624	15.71087158203125
174	16.0347216796875	15.91802490234375
175	15.987474365234375	15.875477294921875
176	15.76884033203125	15.796793212890625
177	15.8812890625	15.83193603515625
178	16.050125732421876	15.8943212890625
179	16.03095703125	15.795020751953125
180	16.0471728515625	15.7378271484375
181	15.8640966796875	15.90115478515625
182	15.93488037109375	15.881849365234375
183	15.97478271484375	15.897535400390625
184	16.040267333984374	15.70019287109375
185	15.845560302734375	15.8268212890625
186	16.1894091796875	15.919879150390624
187	15.9073974609375	16.01115478515625
188	16.0136767578125	15.9671728515625
189	15.999254150390625	15.812691650390626
190	15.97644287109375	15.7379150390625
191	15.826358642578125	15.79914306640625
192	15.862259521484376	15.84980712890625
193	15.833939208984376	15.836627197265624
194	16.1058642578125	15.911402587890626
195	15.880020751953126	15.7522900390625
196	15.928961181640625	15.875682373046875
197	16.01458984375	15.907418212890626
198	16.19982177734375	15.94744140625
199	16.149483642578126	15.91363525390625
200	16.396343994140626	15.79137939453125
201	16.31052978515625	15.825614013671874
202	16.070186767578125	15.99238525390625
203	16.181025390625	15.98033203125
204	16.294798583984374	15.8462060546875
205	16.31979736328125	15.816243896484375
206	16.308006591796875	15.9253173828125
207	16.209976806640626	15.9157568359375
208	16.427930908203123	15.8743310546875
209	16.140389404296876	15.889810791015625
210	16.325311279296876	15.95423095703125
211	16.353218994140626	16.09761474609375
212	16.396112060546876	16.047744140625
213	16.371318359375	16.04156494140625
214	16.135262451171876	16.03650634765625
215	16.207794189453125	15.84411865234375
216	16.16736328125	15.77040283203125
217	16.196173095703124	15.8377587890625
218	16.16904052734375	15.845655517578125
219	16.0951416015625	15.840697021484376
220	16.31128173828125	15.994620361328124
221	16.361663818359375	15.81538818359375
222	16.178642578125	15.7890576171875
223	16.1819580078125	16.071318359375
224	16.364171142578126	16.113109130859375
225	16.243428955078127	15.95714111328125
226	16.13579833984375	15.8053173828125
227	16.232669677734375	15.71942138671875
228	16.12079833984375	15.8927294921875
229	16.049716796875	15.923720703125
230	16.0903125	15.892242431640625
231	16.090787353515626	15.8775341796875
232	15.992415771484374	15.798995361328124
233	16.123348388671875	15.811998291015625
234	16.206376953125	15.900853271484374
235	16.006177978515623	15.788624267578125
236	16.155218505859374	15.802626953125
237	16.175186767578126	15.94479736328125
238	16.15076416015625	15.98470703125
239	16.1021630859375	16.061640625
240	16.169886474609374	15.9346728515625
241	15.924896240234375	15.83747802734375
242	15.88833740234375	15.899202880859375
243	15.994349365234376	15.8997705078125
244	16.072391357421875	15.908890380859376
245	16.178521728515626	15.88799072265625
246	15.98384765625	15.882125244140624
247	15.9454248046875	15.901207275390625
248	15.93940673828125	15.899080810546875
249	16.027803955078124	15.789925537109376
250	16.147779541015623	15.9348828125
251	16.01914306640625	15.7848388671875
252	15.9303466796875	15.754716796875
253	16.037716064453125	15.941146240234374
254	16.006314697265626	15.896839599609375
255	15.846749267578126	15.86702392578125
256	15.966409912109375	15.853304443359375
257	15.87366455078125	15.87224365234375
258	15.865963134765625	15.710576171875
259	16.069481201171875	15.76226318359375
260	15.912176513671875	15.7291796875
261	15.8394580078125	15.800001220703125
262	16.01765625	15.6672900390625
263	15.8967333984375	15.7258056640625
264	15.777880859375	15.773538818359375
265	16.076644287109374	15.72623291015625
266	15.8627978515625	15.7097607421875
267	15.752283935546876	15.6798388671875
268	15.814871826171874	15.653658447265625
269	15.856414794921875	15.96353759765625
270	16.235511474609375	16.49548095703125
271	16.36044189453125	16.2554638671875
272	16.30821044921875	16.206966552734375
273	16.23531005859375	15.93320556640625
274	16.0386083984375	15.96958984375
275	15.947366943359375	15.9368115234375
276	15.965858154296875	15.713126220703124
277	16.001680908203124	15.76660400390625
278	15.975849609375	15.73975341796875
279	15.959525146484374	15.925374755859375
280	15.80824462890625	15.89596435546875
281	15.800880126953125	15.839937744140625
282	15.8866748046875	15.820948486328126
283	15.962218017578126	15.788905029296876
284	15.985140380859375	15.789052734375
285	15.873792724609375	15.8270849609375
286	15.8156201171875	15.729083251953124
287	15.944423828125	15.834918212890624
288	15.71640625	15.840098876953125
289	15.78223876953125	15.65852783203125
290	15.870784912109375	15.65668701171875
291	15.87173583984375	15.719959716796875
292	15.949713134765625	15.71745361328125
293	15.7986669921875	15.749808349609374
294	15.842723388671875	15.7076220703125
295	15.835712890625	15.67894775390625
296	15.8759326171875	15.6775390625
297	15.790089111328125	15.672928466796876
298	15.695107421875	15.61331298828125
299	15.64421142578125	15.69563232421875
300	15.78802734375	15.726163330078125
301	15.71395263671875	15.75152099609375
302	15.837457275390625	15.766978759765625
303	15.759652099609376	15.69528564453125
304	15.768826904296875	15.70921142578125
305	15.730023193359376	15.813616943359374
306	15.716588134765624	15.809248046875
307	15.712569580078124	15.8364111328125
308	15.927691650390624	15.756220703125
309	15.890921630859374	15.6866650390625
310	15.732225341796875	15.681370849609374
311	15.791640625	15.776041259765625
312	15.870792236328125	15.65550537109375
313	15.83939208984375	15.75668212890625
314	15.750924072265626	15.74473876953125
315	15.8363330078125	15.7478857421875
316	15.746083984375	15.742886962890625
317	15.83808349609375	15.68052734375
318	15.7967822265625	15.559039306640624
319	15.703560791015626	15.719072265625
320	15.839122314453125	15.99299560546875
321	15.94700927734375	15.915631103515626
322	16.096529541015624	16.03255859375
323	15.8463720703125	16.02077392578125
324	16.187738037109376	15.932489013671875
325	15.981072998046875	15.849217529296874
326	15.763006591796875	15.858951416015625
327	15.91578125	15.787513427734375
328	15.9377392578125	15.8500830078125
329	15.821094970703125	15.62517822265625
330	15.9475244140625	15.7694140625
331	15.849803466796875	15.771644287109375
332	15.814979248046875	15.74643310546875
333	15.698768310546875	15.73242919921875
334	15.894290771484375	15.7845263671875
335	15.73646728515625	15.66614990234375
336	15.91178466796875	15.65825927734375
337	15.899862060546875	15.74389404296875
338	15.8954150390625	15.8886279296875
339	15.9192333984375	15.84432373046875
340	15.89375244140625	15.6854833984375
341	15.76209716796875	15.770145263671875
342	15.89854736328125	15.675086669921875
343	15.84565673828125	15.7465625
344	15.719736328125	15.7470654296875
345	15.834195556640625	15.7163232421875
346	15.757421875	15.77501708984375
347	15.7129052734375	15.676217041015626
348	15.744949951171876	15.706285400390625
349	15.791943359375	15.7672119140625
350	16.008179931640626	15.783983154296875
351	15.715709228515625	15.76961181640625
352	15.6777734375	15.759610595703125
353	15.819761962890626	15.787501220703126
354	15.722310791015625	15.76744384765625
355	15.619166259765626	15.81566162109375
356	15.931650390625	15.6064599609375
357	15.805986328125	15.772713623046876
358	15.7540966796875	15.6863330078125
359	15.77513671875	15.607291259765624
360	15.69892822265625	15.675902099609376
361	15.98806884765625	15.726939697265625
362	15.842276611328124	15.55001708984375
363	15.66922119140625	15.5958349609375
364	15.743231201171875	15.643826904296875
365	15.746796875	15.669713134765624
366	15.6391064453125	15.7519970703125
367	15.752845458984375	15.68103515625
368	15.772012939453125	15.738519287109375
369	15.709559326171876	15.638944091796875
370	15.59201171875	15.57870361328125
371	15.78238037109375	15.661595458984374
372	15.742886962890625	15.928907470703125
373	15.739415283203124	15.778955078125
374	15.9175048828125	15.739376220703125
375	15.735093994140625	15.802576904296876
376	15.805281982421874	15.643135986328126
377	15.876846923828126	15.636707763671875
378	15.8344189453125	15.64001220703125
379	15.77394775390625	15.67013671875
380	15.641221923828125	15.64298095703125
381	15.6409423828125	15.74726318359375
382	15.777730712890625	15.757845458984375
383	15.83812255859375	15.74552490234375
384	15.83902587890625	15.7043310546875
385	15.7365380859375	15.773062744140624
386	15.791282958984375	15.78959716796875
387	15.840555419921875	15.686226806640626
388	15.84888671875	15.71384033203125
389	15.81443115234375	15.5553125
390	15.734443359375	15.61480224609375
391	15.598360595703125	15.659063720703125
392	15.790797119140626	15.634024658203124
393	15.853045654296874	15.73162841796875
394	15.69439453125	15.844833984375
395	15.83564697265625	15.790303955078125
396	15.858585205078125	15.6603662109375
397	15.795045166015624	15.794798583984376
398	15.751981201171875	15.632674560546874
399	15.83107666015625	15.614228515625
400	15.5751416015625	15.687010498046876
401	15.79667724609375	15.635693359375
402	15.7865087890625	15.588009033203125
403	15.778350830078125	15.68876953125
404	15.8058056640625	15.656373291015624
405	15.7113134765625	15.65586181640625
406	15.841802978515625	15.494913330078125
407	15.567425537109376	15.72919189453125
408	15.7850634765625	15.75035888671875
409	15.695977783203125	15.848551025390625
410	15.764573974609375	15.677276611328125
411	15.864908447265625	15.721287841796874
412	15.7707958984375	15.72477783203125
413	15.893184814453125	15.836654052734374
414	15.71280517578125	15.742169189453126
415	15.838419189453125	15.828714599609375
416	15.841181640625	15.68437744140625
417	15.797181396484374	15.627784423828125
418	15.78334228515625	15.582738037109374
419	15.66832275390625	15.740863037109374
420	15.63510498046875	15.733404541015625
421	15.745235595703125	15.723270263671875
422	15.686282958984375	15.64041259765625
423	15.672969970703125	15.636336669921874
424	15.88091552734375	15.657633056640625
425	15.729990234375	15.514429931640626
426	15.8107763671875	15.74607177734375
427	15.6509326171875	15.770029296875
428	15.5906787109375	15.630513916015625
429	15.866014404296875	15.640341796875
430	15.771552734375	15.6244482421875
431	15.6291552734375	15.758607177734374
432	15.746854248046875	15.5497412109375
433	15.844083251953125	15.553846435546875
434	15.680035400390626	15.542193603515624
435	15.752138671875	15.603914794921875
436	15.751038818359374	15.691134033203125
437	15.647294921875	15.626290283203126
438	15.890511474609376	15.715306396484374
439	15.822535400390626	15.712308349609375
440	15.7093603515625	15.583624267578125
441	15.716829833984375	15.626690673828126
442	15.746021728515625	15.624610595703125
443	15.8489013671875	15.643853759765625
444	15.76029052734375	15.734959716796874
445	15.814986572265624	15.83364501953125
446	15.813486328125	15.766661376953126
447	15.906007080078124	15.68478271484375
448	15.82277587890625	15.50012451171875
449	15.6495166015625	15.665174560546875
450	15.685498046875	15.653128662109374
451	15.61933837890625	15.63979248046875
452	15.571558837890626	15.56863525390625
453	15.918907470703125	15.591090087890626
454	15.962396240234375	15.65358154296875
455	15.89605224609375	15.644642333984375
456	15.806788330078126	15.85764892578125
457	15.735712890625	15.91848388671875
458	15.87716796875	15.753675537109375
459	15.8044189453125	15.731580810546875
460	15.70362548828125	15.59043212890625
461	15.833779296875	15.461263427734375
462	15.705577392578125	15.668258056640624
463	15.7537548828125	15.641580810546875
464	15.6812939453125	15.665850830078124
465	15.72111572265625	15.628099365234375
466	15.731171875	15.6626171875
467	15.62053955078125	15.754464111328126
468	15.769150390625	15.66058349609375
469	15.643868408203126	15.501868896484375
470	15.704876708984376	15.48093994140625
471	15.737049560546875	15.607950439453125
472	15.950413818359374	15.543612060546875
473	15.82304443359375	15.7391455078125
474	15.80767333984375	15.79858154296875
475	15.71798095703125	15.729149169921875
476	15.81507080078125	15.56243896484375
477	15.8369140625	15.6151611328125
478	15.78495361328125	15.774539794921875
479	15.803134765625	15.756220703125
480	15.689066162109375	15.685047607421875
481	15.74680908203125	15.705294189453125
482	15.7590771484375	15.7278125
483	15.78542724609375	15.73693603515625
484	15.805213623046875	15.657833251953125
485	15.817393798828125	15.866881103515626
486	15.699603271484374	15.7026025390625
487	15.723502197265624	15.760528564453125
488	15.905052490234375	15.69760498046875
489	15.724566650390624	15.5770068359375
490	15.72170166015625	15.80548583984375
491	15.867864990234375	15.815606689453125
492	15.73290283203125	15.59128173828125
493	15.8309716796875	15.575355224609375
494	15.697369384765626	15.714822998046875
495	15.628819580078124	15.5332275390625
496	15.853974609375	15.587584228515626
497	15.7145654296875	15.66135498046875
498	15.802012939453125	15.6523193359375
499	15.74441162109375	15.654976806640626
500	15.7263525390625	15.657916259765624
501	15.71575927734375	15.57859619140625
502	15.742991943359375	15.6114697265625
503	15.680360107421874	15.770198974609375
504	15.5762451171875	15.637115478515625
505	15.72367431640625	15.55804443359375
506	15.788067626953126	15.618033447265624
507	15.688868408203126	15.5372607421875
508	15.754344482421875	15.632166748046876
509	15.6267578125	15.673095703125
510	15.771304931640625	15.6867919921875
511	15.65207275390625	15.7823193359375
512	15.882667236328125	15.75748779296875
513	15.9522509765625	15.71721435546875
514	15.81115234375	15.773707275390626
515	15.6845166015625	15.87651611328125
516	15.808570556640625	15.82000732421875
517	15.803909912109376	15.672767333984375
518	15.892015380859375	15.711365966796874
519	15.9955029296875	15.78137939453125
520	15.81204345703125	15.68919677734375
521	15.795753173828125	15.61205810546875
522	15.56875732421875	15.65633544921875
523	15.76387451171875	15.70756103515625
524	15.7922802734375	15.78818359375
525	15.84047119140625	15.663525390625
526	15.71396728515625	15.53387939453125
527	15.62921630859375	15.581202392578126
528	15.68285888671875	15.609892578125
529	15.705513916015626	15.72201904296875
530	15.849652099609376	15.797593994140625
531	15.89203369140625	15.608270263671875
532	15.76594482421875	15.64947265625
533	15.697723388671875	15.634500732421875
534	15.623399658203125	15.72239501953125
535	15.5483642578125	15.673681640625
536	15.744444580078126	15.690152587890625
537	15.6610546875	15.7456396484375
538	15.801741943359374	15.75287841796875
539	15.632332763671876	15.61311767578125
540	15.7456787109375	15.603465576171875
541	15.709219970703124	15.5433251953125
542	15.78594970703125	15.581572265625
543	15.754259033203125	15.656146240234374
544	15.733175048828125	15.619259033203125
545	15.8171630859375	15.689991455078125
546	15.554810791015624	15.589395751953125
547	15.767518310546874	15.59170166015625
548	15.725079345703126	15.572601318359375
549	15.765513916015625	15.664527587890625
550	15.790465087890626	15.553631591796876
551	15.6876513671875	15.520279541015626
552	15.76980712890625	15.536614990234375
553	15.602879638671874	15.47630859375
554	15.77451171875	15.765439453125
555	15.689705810546876	15.65905517578125
556	15.773466796875	15.600087890625
557	15.74396240234375	15.72943359375
558	15.725802001953125	15.667901611328125
559	15.736177978515625	15.610281982421874
560	15.7467626953125	15.573330078125
561	15.806005859375	15.674439697265624
562	15.760836181640625	15.641767578125
563	15.874140625	15.682264404296875
564	15.87767822265625	15.674188232421875
565	15.72195068359375	15.617738037109374
566	15.749930419921874	15.609390869140626
567	15.764071044921875	15.627078857421875
568	15.815517578125	15.694429931640625
569	15.783160400390624	15.567401123046874
570	15.60739013671875	15.578271484375
571	15.653807373046876	15.683575439453126
572	15.7680810546875	15.57896728515625
573	15.67300537109375	15.58433837890625
574	15.603343505859375	15.617391357421875
575	15.7531787109375	15.686549072265626
576	15.751102294921875	15.660869140625
577	15.96489990234375	15.712938232421875
578	15.937669677734375	15.835369873046876
579	15.766812744140625	15.810374755859375
580	15.82204345703125	15.762498779296875
581	15.909580078125	15.692762451171875
582	15.73013916015625	15.78697509765625
583	15.681044921875	15.798480224609374
584	15.609439697265625	15.50966064453125
585	15.857093505859375	15.565389404296875
586	15.7403662109375	15.649412841796876
587	15.58998291015625	15.652862548828125
588	15.61937255859375	15.65888916015625
589	15.661417236328125	15.6358154296875
590	15.658370361328124	15.582100830078126
591	15.665950927734375	15.662728271484376
592	15.652864990234375	15.633873291015625
593	15.739752197265625	15.63117431640625
594	15.65540283203125	15.6291845703125
595	15.699638671875	15.5119189453125
596	15.8064697265625	15.673792724609376
597	15.706326904296875	15.6493505859375
598	15.81790771484375	15.629884033203124
599	15.841473388671876	15.661015625
600	15.7417724609375	15.6418896484375
601	15.702589111328125	15.572886962890625
602	15.720341796875	15.552237548828124
603	15.65962646484375	15.55579345703125
604	15.74087890625	15.68389892578125
605	15.74694580078125	15.609886474609375
606	15.64193115234375	15.58183349609375
607	15.873858642578124	15.575018310546875
608	15.713887939453125	15.586246337890625
609	15.883336181640624	15.54081298828125
610	15.793978271484375	15.539112548828125
611	15.6527978515625	15.47320068359375
612	15.67721923828125	15.702393798828124
613	15.87645263671875	15.7413134765625
614	15.740120849609376	15.62632568359375
615	15.6588720703125	15.62963134765625
616	15.713260498046875	15.57319091796875
617	15.668260498046875	15.562713623046875
618	15.581771240234374	15.580445556640624
619	15.8882470703125	15.6850732421875
620	15.8114794921875	15.652620849609375
621	15.654404296875	15.71517822265625
622	15.78248291015625	15.729593505859375
623	15.7164453125	15.612646484375
624	15.66281982421875	15.686876220703125
625	15.81808837890625	15.6597265625
626	15.622049560546875	15.72311767578125
627	15.69549072265625	15.6730859375
628	15.7056689453125	15.5868017578125
629	15.690791015625	15.5900048828125
630	15.8485009765625	15.724578857421875
631	15.638402099609374	15.7591845703125
632	15.69515625	15.68350830078125
633	15.727001953125	15.73595703125
634	15.6272216796875	15.7108056640625
635	15.727969970703125	15.753807373046875
636	15.59547119140625	15.549312744140625
637	15.63348388671875	15.688350830078125
638	15.672249755859376	15.619521484375
639	15.75560302734375	15.658475341796875
640	15.71283935546875	15.747301025390625
641	15.86908203125	15.678616943359375
642	15.837830810546874	15.682454833984375
643	15.78302001953125	15.69062255859375
644	15.78357666015625	15.593328857421875
645	15.682861328125	15.65745849609375
646	15.793323974609375	15.579876708984376
647	15.677510986328125	15.6793115234375
648	15.662462158203125	15.708436279296874
649	15.738048095703125	15.637169189453125
650	15.776199951171876	15.58072265625
651	15.6658056640625	15.569283447265626
652	15.77499267578125	15.5022216796875
653	15.878211669921875	15.7011962890625
654	15.738436279296875	15.550115966796875
655	15.8068212890625	15.604580078125
656	15.70763916015625	15.522349853515625
657	15.577529296875	15.575517578125
658	15.7211669921875	15.549344482421875
659	15.562744140625	15.570789794921875
660	15.826622314453125	15.63984130859375
661	15.67484130859375	15.67189208984375
662	15.78904541015625	15.56002197265625
663	15.737091064453125	15.75083251953125
664	15.674964599609375	15.67785888671875
665	15.67388671875	15.598128662109374
666	15.585823974609376	15.722613525390624
667	15.745543212890626	15.7376708984375
668	15.6849755859375	15.706824951171875
669	15.718223876953125	15.664281005859374
670	15.804700927734375	15.579578857421875
671	15.610185546875	15.657685546875
672	15.69298095703125	15.624034423828125
673	15.7302001953125	15.4361181640625
674	15.667120361328125	15.445946044921875
675	15.70087646484375	15.65218505859375
676	15.8191748046875	15.61984375
677	15.71154052734375	15.574530029296875
678	15.53634765625	15.55994873046875
679	15.54195068359375	15.57216552734375
680	15.637264404296875	15.552288818359376
681	15.62394775390625	15.636617431640625
682	15.657471923828124	15.591138916015625
683	15.513079833984374	15.576114501953125
684	15.711539306640624	15.457880859375
685	15.777310791015625	15.542589111328125
686	15.750423583984375	15.581165771484375
687	15.72845703125	15.60887451171875
688	15.74168212890625	15.678602294921875
689	15.669100341796875	15.617835693359375
690	15.481942138671876	15.485836181640625
691	15.57693359375	15.58276611328125
692	15.53736328125	15.5166650390625
693	15.63154296875	15.4917822265625
694	15.6592431640625	15.6042822265625
695	15.586451416015626	15.638447265625
696	15.648057861328125	15.67782470703125
697	15.725081787109374	15.4706787109375
698	15.7486376953125	15.619383544921876
699	15.76042236328125	15.49853759765625
700	15.8116845703125	15.444921875
701	15.735703125	15.65145751953125
702	15.719544677734374	15.62179931640625
703	15.733848876953125	15.6692236328125
704	15.59927978515625	15.672276611328124
705	15.67805419921875	15.558388671875
706	15.632452392578125	15.623299560546876
707	15.8223486328125	15.464703369140626
708	15.636175537109375	15.49552490234375
709	15.706956787109375	15.74760986328125
710	15.672078857421875	15.5769384765625
711	15.781119384765624	15.645914306640625
712	15.726080322265625	15.49998779296875
713	15.548406982421875	15.5726318359375
714	15.567764892578126	15.6737939453125
715	15.582564697265624	15.692388916015625
716	15.636822509765626	15.6049169921875
717	15.713095703125	15.574925537109374
718	15.60042236328125	15.600721435546875
719	15.606416015625	15.543489990234375
720	15.674427490234375	15.53148193359375
721	15.91685791015625	15.425660400390624
722	15.751524658203126	15.52280029296875
723	15.60767822265625	15.57851318359375
724	15.777115478515626	15.6044189453125
725	15.74533203125	15.66839111328125
726	15.753172607421876	15.512373046875
727	15.683851318359375	15.469918212890626
728	15.6252197265625	15.570311279296876
729	15.689080810546875	15.54369140625
730	15.5733740234375	15.6629638671875
731	15.8209814453125	15.605198974609374
732	15.6356005859375	15.533935546875
733	15.690738525390625	15.506905517578126
734	15.7154638671875	15.63812255859375
735	15.52265869140625	15.544100341796875
736	15.614638671875	15.50240478515625
737	15.76876953125	15.51747802734375
738	15.59203857421875	15.5351953125
739	15.685697021484375	15.576123046875
740	15.606329345703125	15.603153076171875
741	15.68165771484375	15.43052001953125
742	15.689102783203126	15.576451416015624
743	15.7508154296875	15.667281494140624
744	15.628787841796875	15.648524169921876
745	15.675433349609374	15.660859375
746	15.66627197265625	15.642117919921875
747	15.7337841796875	15.62100341796875
748	15.78379638671875	15.5621630859375
749	15.761651611328125	15.626075439453125
750	15.65885498046875	15.594830322265626
751	15.699696044921875	15.617818603515625
752	15.59248291015625	15.575877685546875
753	15.58782958984375	15.529915771484376
754	15.46265380859375	15.703095703125
755	15.50896240234375	15.6378271484375
756	15.577076416015625	15.6124755859375
757	15.768597412109376	15.632991943359375
758	15.66730224609375	15.584649658203125
759	15.69659423828125	15.640902099609375
760	15.9871826171875	15.92801025390625
761	15.893076171875	15.852828369140624
762	15.859217529296876	15.69954833984375
763	15.91615234375	15.56990966796875
764	15.87271240234375	15.8426806640625
765	16.06675537109375	15.679031982421876
766	15.6254345703125	15.484798583984375
767	15.607318115234374	15.56428466796875
768	15.64445068359375	15.612928466796875
769	15.622242431640625	15.56491455078125
770	15.767252197265625	15.52546142578125
771	15.69414306640625	15.509071044921875
772	15.667720947265625	15.512735595703125
773	15.7339990234375	15.739501953125
774	15.638402099609374	15.678658447265626
775	15.6923583984375	15.435643310546874
776	15.62263427734375	15.478104248046876
777	15.678104248046875	15.52468017578125
778	15.5801025390625	15.49320068359375
779	15.695875244140625	15.66896240234375
780	15.555181884765625	15.47422607421875
781	15.6078173828125	15.607840576171874
782	15.6413330078125	15.656693115234376
783	15.583890380859375	15.652999267578124
784	15.744779052734375	15.6107763671875
785	15.6839501953125	15.589049072265626
786	15.6798046875	15.651904296875
787	15.75287841796875	15.70117919921875
788	15.71791748046875	15.65245361328125
789	15.531988525390625	15.669556884765624
790	15.76499755859375	15.7515234375
791	15.7041796875	15.677510986328125
792	15.545235595703126	15.568055419921874
793	15.588553466796874	15.673192138671874
794	15.551697998046874	15.533443603515625
795	15.63873779296875	15.5568310546875
796	15.667845458984376	15.64724853515625
797	15.667349853515624	15.651485595703125
798	15.64865234375	15.66275634765625
799	15.69702392578125	15.59295166015625
800	15.58605712890625	15.489033203125
801	15.5749658203125	15.587044677734376
802	15.677603759765624	15.626287841796875
803	15.600758056640625	15.558966064453125
804	15.528516845703125	15.606033935546876
805	15.59259521484375	15.6042333984375
806	15.50126953125	15.59745849609375
807	15.65691162109375	15.643690185546875
808	15.50701904296875	15.533284912109375
809	15.676041259765626	15.56099609375
810	15.782657470703125	15.6522509765625
811	15.649637451171875	15.641715087890624
812	15.59547119140625	15.60589599609375
813	15.537572021484374	15.544080810546875
814	15.466505126953125	15.589500732421875
815	15.62505126953125	15.65145263671875
816	15.578697509765625	15.548436279296874
817	15.687506103515625	15.48172607421875
818	15.540867919921874	15.499315185546875
819	15.6223046875	15.413006591796876
820	15.7103271484375	15.65320556640625
821	15.54457275390625	15.591658935546874
822	15.547562255859376	15.69785888671875
823	15.7069775390625	15.582098388671875
824	15.487391357421876	15.477403564453125
825	15.535518798828125	15.562823486328124
826	15.53115234375	15.4858642578125
827	15.66656494140625	15.50515869140625
828	15.5530419921875	15.633798828125
829	15.603712158203125	15.51535400390625
830	15.7147021484375	15.474034423828124
831	15.708172607421876	15.472415771484375
832	15.586859130859375	15.55297607421875
833	15.746085205078124	15.57581298828125
834	15.6108447265625	15.592080078125
835	15.496971435546875	15.601435546875
836	15.68692138671875	15.5154052734375
837	15.60500732421875	15.558511962890625
838	15.529698486328124	15.516556396484376
839	15.63107177734375	15.546522216796875
840	15.63649658203125	15.54642822265625
841	15.750191650390626	15.51019287109375
842	15.683214111328125	15.580020751953125
843	15.695401611328125	15.5352734375
844	15.67979736328125	15.559888916015625
845	15.712333984375	15.57978271484375
846	15.6497021484375	15.67009521484375
847	15.6341455078125	15.428223876953124
848	15.86009033203125	15.599091796875
849	15.651524658203124	15.492034912109375
850	15.611513671875	15.66224853515625
851	15.54765625	15.585986328125
852	15.688985595703125	15.49755615234375
853	15.672659912109374	15.582958984375
854	15.563988037109375	15.673377685546875
855	15.75462646484375	15.6113818359375
856	15.542119140625	15.532364501953126
857	15.74521728515625	15.5507568359375
858	15.583984375	15.588172607421875
859	15.716273193359376	15.57336669921875
860	15.58007568359375	15.492706298828125
861	15.4581494140625	15.521483154296876
862	15.452139892578124	15.602593994140625
863	15.737484130859375	15.649373779296875
864	15.719822998046874	15.685634765625
865	15.695965576171876	15.459334716796874
866	15.731871337890626	15.5460595703125
867	15.61601806640625	15.5752294921875
868	15.497509765625	15.527021484375
869	15.526676025390625	15.484420166015624
870	15.626656494140626	15.575718994140624
871	15.548846435546874	15.516729736328125
872	15.54659912109375	15.48291015625
873	15.685950927734375	15.455294189453125
874	15.613116455078124	15.49176513671875
875	15.61739501953125	15.556954345703126
876	15.531263427734375	15.56161376953125
877	15.583602294921874	15.50583740234375
878	15.50970458984375	15.41346923828125
879	15.657559814453125	15.5096337890625
880	15.596123046875	15.523662109375
881	15.547884521484375	15.65844482421875
882	15.6317626953125	15.69601806640625
883	15.71300537109375	15.603150634765624
884	15.5839794921875	15.542320556640625
885	15.556009521484375	15.457972412109376
886	15.478875732421875	15.413192138671874
887	15.635755615234375	15.591337890625
888	15.594822998046874	15.58077392578125
889	15.639324951171876	15.538026123046874
890	15.64779052734375	15.5669287109375
891	15.572799072265624	15.54341796875
892	15.732752685546876	15.6421875
893	15.586826171875	15.579278564453125
894	15.515577392578125	15.461063232421875
895	15.506097412109375	15.52586181640625
896	15.66656494140625	15.49666259765625
897	15.597698974609376	15.52369873046875
898	15.621795654296875	15.70000732421875
899	15.529105224609374	15.618304443359374
900	15.625089111328125	15.542025146484375
901	15.599415283203125	15.5191455078125
902	15.73163330078125	15.459166259765626
903	15.5718603515625	15.571156005859375
904	15.577618408203126	15.63340576171875
905	15.6399853515625	15.56013916015625
906	15.556832275390626	15.494547119140625
907	15.52072509765625	15.51519287109375
908	15.66680908203125	15.46831787109375
909	15.672579345703125	15.51712646484375
910	15.487144775390625	15.659130859375
911	15.51897705078125	15.598626708984375
912	15.6596240234375	15.572532958984375
913	15.509737548828125	15.524271240234375
914	15.689959716796874	15.611531982421875
915	15.62498046875	15.451302490234376
916	15.649644775390625	15.44346923828125
917	15.496806640625	15.49454833984375
918	15.69162109375	15.452938232421875
919	15.627662353515625	15.509359130859375
920	15.60646728515625	15.518116455078125
921	15.593182373046876	15.54271484375
922	15.486947021484376	15.518974609375
923	15.70596923828125	15.55778564453125
924	15.503717041015625	15.611328125
925	15.353482666015625	15.64888427734375
926	15.5982666015625	15.449984130859375
927	15.549193115234376	15.5691748046875
928	15.75802978515625	15.552042236328125
929	15.757393798828126	15.4663916015625
930	15.5259326171875	15.4772119140625
931	15.489295654296875	15.5046533203125
932	15.79919677734375	15.5868603515625
933	15.642030029296874	15.55311767578125
934	15.694791259765625	15.51870361328125
935	15.591768798828125	15.504764404296875
936	15.609244384765624	15.51031494140625
937	15.54199462890625	15.524974365234375
938	15.643785400390625	15.608006591796874
939	15.702557373046876	15.589967041015624
940	15.6315283203125	15.621734619140625
941	15.704188232421876	15.442720947265625
942	15.463956298828125	15.539390869140625
943	15.68993896484375	15.3803125
944	15.640589599609376	15.444500732421876
945	15.507315673828124	15.588441162109374
946	15.583316650390625	15.5963232421875
947	15.7201123046875	15.691090087890625
948	15.54691162109375	15.662471923828125
949	15.615548095703126	15.3985595703125
950	15.7264404296875	15.61953369140625
951	15.507578125	15.599591064453126
952	15.61931396484375	15.518343505859375
953	15.54342041015625	15.528623046875
954	15.588548583984375	15.46053466796875
955	15.738740234375	15.4846337890625
956	15.6525634765625	15.510220947265625
957	15.568375244140626	15.505616455078124
958	15.480386962890625	15.6588525390625
959	15.6161376953125	15.6142333984375
960	15.609949951171876	15.48952392578125
961	15.5540673828125	15.6052392578125
962	15.46340087890625	15.62056396484375
963	15.485513916015625	15.6130224609375
964	15.620347900390625	15.457103271484375
965	15.474788818359375	15.46717529296875
966	15.517926025390626	15.563035888671875
967	15.679947509765626	15.460614013671876
968	15.614937744140626	15.548416748046876
969	15.578170166015624	15.595948486328124
970	15.717132568359375	15.49397705078125
971	15.68999755859375	15.61647705078125
972	15.643768310546875	15.4534033203125
973	15.578057861328125	15.460445556640625
974	15.67753662109375	15.54635498046875
975	15.6910498046875	15.4842041015625
976	15.572791748046875	15.531917724609375
977	15.668125	15.56811279296875
978	15.40776123046875	15.58911865234375
979	15.48669189453125	15.59792724609375
980	15.724859619140625	15.580621337890625
981	15.727138671875	15.475234375
982	15.645919189453124	15.5521337890625
983	15.601156005859375	15.516697998046874
984	15.582794189453125	15.51906494140625
985	15.54857666015625	15.517640380859374
986	15.565712890625	15.472373046875
987	15.4513671875	15.56375
988	15.725791015625	15.431756591796875
989	15.60520263671875	15.664166259765626
990	15.5922607421875	15.732891845703126
991	15.62918212890625	15.56131103515625
992	15.55056884765625	15.46482666015625
993	15.638021240234375	15.451556396484374
994	15.609989013671875	15.6208544921875
995	15.554945068359375	15.660771484375
996	15.602593994140625	15.7590966796875
997	15.54819580078125	15.627052001953125
998	15.727750244140625	15.427462158203125
999	15.648126220703125	15.49558837890625
1000	15.63337646484375	15.49592529296875
1001	15.56511962890625	15.48089111328125
1002	15.660435791015624	15.458994140625
1003	15.552957763671875	15.4946875
1004	15.5456005859375	15.372825927734375
1005	15.6396337890625	15.4117578125
1006	15.62267822265625	15.451806640625
1007	15.490042724609374	15.5941552734375
1008	15.6009765625	15.406593017578125
1009	15.415089111328125	15.47783935546875
1010	15.534322509765625	15.55841552734375
1011	15.62121337890625	15.47591796875
1012	15.571732177734376	15.50126220703125
1013	15.53497314453125	15.6131494140625
1014	15.503330078125	15.403978271484375
1015	15.5656640625	15.5608349609375
1016	15.597398681640625	15.463885498046874
1017	15.547958984375	15.50978759765625
1018	15.524520263671874	15.57556640625
1019	15.497083740234375	15.59303955078125
1020	15.5446044921875	15.688294677734374
1021	15.677540283203125	15.621580810546876
1022	15.58165771484375	15.50840087890625
1023	15.433048095703125	15.433348388671876
1024	15.6977783203125	15.63317626953125
1025	15.462164306640625	15.586083984375
1026	15.48580810546875	15.47960693359375
1027	15.484371337890625	15.50863037109375
1028	15.610205078125	15.6007763671875
1029	15.45171875	15.49177978515625
1030	15.5387255859375	15.580806884765625
1031	15.577288818359374	15.4892822265625
1032	15.476531982421875	15.501390380859375
1033	15.4354931640625	15.526143798828125
1034	15.609638671875	15.3432861328125
1035	15.629423828125	15.536239013671874
1036	15.76531982421875	15.6229638671875
1037	15.686279296875	15.73038818359375
1038	15.77880859375	15.77780517578125
1039	15.8647607421875	15.87381591796875
1040	15.81066162109375	15.701865234375
1041	15.885587158203125	15.6367431640625
1042	15.837435302734375	15.8356787109375
1043	15.697666015625	15.78100830078125
1044	15.863795166015626	15.706297607421876
1045	15.84999267578125	15.580426025390626
1046	15.715159912109375	15.68468017578125
1047	15.671595458984376	15.65655029296875
1048	15.7570556640625	15.757392578125
1049	15.70921142578125	15.575015869140625
1050	15.5675341796875	15.546075439453125
1051	15.6959228515625	15.5935693359375
1052	15.667877197265625	15.656055908203125
1053	15.7200634765625	15.5924658203125
1054	15.918857421875	15.6507470703125
1055	15.897911376953125	15.67396484375
1056	15.69474853515625	15.7123681640625
1057	15.7800048828125	15.6718798828125
1058	15.685394287109375	15.719864501953126
1059	15.765211181640625	15.717847900390625
1060	15.670401611328124	15.632640380859375
1061	15.710750732421875	15.74397705078125
1062	15.652540283203125	15.595872802734375
1063	15.69484375	15.831845703125
1064	15.739456787109376	15.791787109375
1065	15.61790283203125	15.604488525390625
1066	15.587469482421875	15.533525390625
1067	15.7004443359375	15.641851806640625
1068	15.558365478515626	15.602769775390625
1069	15.677589111328125	15.544869384765626
1070	15.721558837890624	15.4759033203125
1071	15.63859375	15.4628076171875
1072	15.614122314453125	15.48861083984375
1073	15.82032958984375	15.689876708984375
1074	15.641317138671875	15.6518359375
1075	15.7354736328125	15.52501953125
1076	15.620322265625	15.580084228515625
1077	15.70700439453125	15.848138427734375
1078	15.630093994140625	15.5970361328125
1079	15.484715576171874	15.468353271484375
1080	15.556578369140626	15.445521240234376
1081	15.57669921875	15.524022216796874
1082	15.5156787109375	15.71542724609375
1083	15.783704833984375	15.737464599609375
1084	15.5423291015625	15.627265625
1085	15.564686279296875	15.663101806640626
1086	15.694454345703125	15.483406982421876
1087	15.57302978515625	15.628973388671875
1088	15.725164794921875	15.69892578125
1089	15.5324560546875	15.597900390625
1090	15.414632568359375	15.521727294921876
1091	15.55160888671875	15.564649658203125
1092	15.466639404296876	15.58612548828125
1093	15.591898193359375	15.611209716796875
1094	15.456348876953125	15.6087109375
1095	15.540133056640625	15.6177880859375
1096	15.48647705078125	15.5391943359375
1097	15.619354248046875	15.633070068359375
1098	15.50253662109375	15.493153076171875
1099	15.631483154296875	15.404388427734375
1100	15.54693115234375	15.5275927734375
1101	15.500933837890624	15.534395751953125
1102	15.885048828125	15.97003173828125
1103	16.027939453125	15.96275146484375
1104	15.97391845703125	15.9643701171875
1105	16.087401123046874	16.08154052734375
1106	16.126204833984374	15.9586767578125
1107	16.009920654296874	16.023372802734375
1108	15.862403564453125	15.84350341796875
1109	15.768983154296874	15.754241943359375
1110	15.761846923828125	15.8322216796875
1111	15.7898828125	15.76114990234375
1112	15.743372802734376	15.8093017578125
1113	15.869345703125	15.89395263671875
1114	15.798319091796875	15.999423828125
1115	15.813909912109375	15.682957763671874
1116	15.8175439453125	15.75704345703125
1117	15.735157470703125	15.6997265625
1118	15.73097900390625	15.767845458984375
1119	15.80440185546875	15.674493408203125
1120	15.7411474609375	15.784134521484376
1121	15.61440673828125	15.729639892578126
1122	15.762420654296875	15.654993896484376
1123	15.72201904296875	15.55481689453125
1124	15.704874267578125	15.602149658203125
1125	15.7110595703125	15.615413818359375
1126	15.61059326171875	15.542332763671874
1127	15.5114501953125	15.65091064453125
1128	15.764039306640624	15.671513671875
1129	15.63079833984375	15.65015380859375
1130	15.595006103515624	15.670943603515624
1131	15.61771484375	15.6170703125
1132	15.8010400390625	15.61339111328125
1133	15.53627197265625	15.721441650390625
1134	15.71606689453125	15.609237060546874
1135	15.693214111328125	15.49868896484375
1136	15.590682373046874	15.401800537109375
1137	15.59892822265625	15.463487548828125
1138	15.56291015625	15.520633544921875
1139	15.631964111328125	15.640384521484375
1140	15.55236572265625	15.643880615234375
1141	15.52352783203125	15.649908447265625
1142	15.64007080078125	15.5447607421875
1143	15.594886474609375	15.497723388671876
1144	15.44643310546875	15.541048583984375
1145	15.76598876953125	15.552567138671876
1146	15.65489990234375	15.51022705078125
1147	15.52366455078125	15.56419677734375
1148	15.58227294921875	15.57277587890625
1149	15.575291748046874	15.51860595703125
1150	15.570086669921874	15.4353662109375
1151	15.72627197265625	15.517164306640625
1152	15.5415185546875	15.55467529296875
1153	15.4890673828125	15.48642333984375
1154	15.65748291015625	15.59046875
1155	15.674300537109374	15.58324462890625
1156	15.64493408203125	15.47751220703125
1157	15.543087158203125	15.50002685546875
1158	15.4906396484375	15.58284423828125
1159	15.6563720703125	15.6321142578125
1160	15.618045654296875	15.49412109375
1161	15.676500244140625	15.5898486328125
1162	15.704293212890626	15.513759765625
1163	15.6270654296875	15.54169189453125
1164	15.67095947265625	15.476888427734375
1165	15.47982421875	15.366529541015625
1166	15.535452880859374	15.535667724609375
1167	15.545264892578125	15.500963134765625
1168	15.50332275390625	15.507313232421875
1169	15.524842529296874	15.462674560546875
1170	15.53227294921875	15.601253662109375
1171	15.605203857421875	15.539925537109376
1172	15.428406982421874	15.468563232421875
1173	15.527220458984376	15.475972900390625
1174	15.736064453125	15.442550048828124
1175	15.642474365234374	15.5009033203125
1176	15.457760009765625	15.483782958984374
1177	15.567537841796875	15.53367919921875
1178	15.529415283203125	15.531676025390626
1179	15.55038330078125	15.37063720703125
1180	15.753565673828126	15.441900634765625
1181	15.636968994140625	15.463929443359374
1182	15.50599609375	15.427452392578125
1183	15.575316162109376	15.530404052734376
1184	15.527662353515625	15.580062255859374
1185	15.38666259765625	15.508843994140625
1186	15.52899658203125	15.4391796875
1187	15.546873779296876	15.462835693359375
1188	15.550855712890625	15.473272705078125
1189	15.700517578125	15.481627197265626
1190	15.66320068359375	15.55624267578125
1191	15.59053466796875	15.549088134765626
1192	15.54932373046875	15.528531494140625
1193	15.566212158203125	15.5510302734375
1194	15.57227294921875	15.59953369140625
1195	15.48531005859375	15.585384521484375
1196	15.61369384765625	15.5483154296875
1197	15.471414794921875	15.48377685546875
1198	15.56398193359375	15.555108642578125
1199	15.577322998046874	15.422109375
1200	15.65884765625	15.458828125
1201	15.69735595703125	15.514425048828125
1202	15.6738525390625	15.46414306640625
1203	15.397911376953125	15.47285888671875
1204	15.521851806640624	15.433572998046875
1205	15.524542236328125	15.478831787109375
1206	15.629573974609375	15.5074267578125
1207	15.449996337890624	15.571295166015625
1208	15.469349365234375	15.5050341796875
1209	15.510050048828125	15.500626220703126
1210	15.719443359375	15.513466796875
1211	15.52921142578125	15.514033203125
1212	15.471219482421875	15.50728759765625
1213	15.53730712890625	15.446690673828124
1214	15.4937744140625	15.387325439453125
1215	15.5800244140625	15.3520947265625
1216	15.419525146484375	15.40703857421875
1217	15.62442138671875	15.631866455078125
1218	15.823311767578126	15.50901611328125
1219	15.565050048828125	15.48593017578125
1220	15.516572265625	15.501453857421875
1221	15.528138427734374	15.628809814453126
1222	15.629813232421874	15.713826904296875
1223	15.60347412109375	15.555802001953126
1224	15.53737060546875	15.48815185546875
1225	15.544639892578125	15.56777587890625
1226	15.5300048828125	15.464725341796875
1227	15.392716064453126	15.44827392578125
1228	15.694197998046874	15.45378662109375
1229	15.4559130859375	15.467388916015626
1230	15.502271728515625	15.468671875
1231	15.491488037109375	15.448035888671875
1232	15.53542236328125	15.4811279296875
1233	15.521240234375	15.448944091796875
1234	15.573021240234375	15.346607666015625
1235	15.5474267578125	15.354483642578124
1236	15.55046875	15.5112255859375
1237	15.571158447265624	15.452783203125
1238	15.53974609375	15.479195556640626
1239	15.633621826171876	15.3638037109375
1240	15.505667724609374	15.467750244140625
1241	15.577569580078125	15.535478515625
1242	15.6290771484375	15.530660400390625
1243	15.581011962890624	15.4982666015625
1244	15.452506103515624	15.390849609375
1245	15.47444580078125	15.285552978515625
1246	15.56885009765625	15.353099365234375
1247	15.4714208984375	15.458056640625
1248	15.6610009765625	15.444439697265626
1249	15.58700439453125	15.391148681640624
1250	15.458406982421875	15.48084228515625
1251	15.493018798828125	15.36488037109375
1252	15.539483642578125	15.29239501953125
1253	15.534827880859375	15.3158837890625
1254	15.48962890625	15.396904296875
1255	15.5832568359375	15.307259521484376
1256	15.50533935546875	15.60867919921875
1257	15.41969970703125	15.575677490234375
1258	15.71708251953125	15.408560791015624
1259	15.5464208984375	15.512440185546875
1260	15.48926513671875	15.49442626953125
1261	15.527122802734375	15.3809228515625
1262	15.5917626953125	15.415712890625
1263	15.5094482421875	15.313563232421876
1264	15.550880126953125	15.40667236328125
1265	15.52161865234375	15.4552880859375
1266	15.5021533203125	15.408995361328126
1267	15.45302001953125	15.47092041015625
1268	15.739969482421875	15.457926025390625
1269	15.60947021484375	15.4836962890625
1270	15.471220703125	15.415283203125
1271	15.578214111328125	15.386834716796875
1272	15.447630615234376	15.476002197265625
1273	15.605048828125	15.49677490234375
1274	15.608743896484375	15.428409423828125
1275	15.594017333984375	15.458974609375
1276	15.51755615234375	15.42691650390625
1277	15.456070556640626	15.495211181640625
1278	15.6414208984375	15.554486083984376
1279	15.38260009765625	15.425794677734375
1280	15.48878662109375	15.479227294921875
1281	15.559761962890626	15.500833740234375
1282	15.470634765625	15.48997314453125
1283	15.465382080078125	15.450164794921875
1284	15.567703857421876	15.478126220703125
1285	15.407001953125	15.455068359375
1286	15.521590576171874	15.45401611328125
1287	15.599697265625	15.483358154296875
1288	15.515965576171874	15.54320556640625
1289	15.44919189453125	15.52931396484375
1290	15.571541748046876	15.403743896484375
1291	15.46585205078125	15.4401708984375
1292	15.48843017578125	15.474559326171875
1293	15.588568115234375	15.538875732421875
1294	15.557822265625	15.41086669921875
1295	15.475423583984375	15.426121826171874
1296	15.54686279296875	15.29876708984375
1297	15.506583251953124	15.49614990234375
1298	15.548453369140624	15.417967529296876
1299	15.470655517578125	15.433397216796875
1300	15.49778076171875	15.407894287109375
1301	15.42961669921875	15.45058837890625
1302	15.63008544921875	15.434537353515625
1303	15.5611962890625	15.43665283203125
1304	15.479842529296874	15.4701806640625
1305	15.43457275390625	15.4450244140625
1306	15.52151123046875	15.48496337890625
1307	15.54995361328125	15.44521728515625
1308	15.48924072265625	15.484571533203125
1309	15.51087646484375	15.4586962890625
1310	15.44873291015625	15.379930419921875
1311	15.54111083984375	15.448184814453125
1312	15.48130615234375	15.492276611328125
1313	15.467591552734374	15.398077392578125
1314	15.631568603515625	15.3801416015625
1315	15.55099853515625	15.35607177734375
1316	15.4204248046875	15.345391845703125
1317	15.448704833984374	15.29534912109375
1318	15.4564794921875	15.378282470703125
1319	15.520538330078125	15.529521484375
1320	15.437286376953125	15.433389892578125
1321	15.455548095703126	15.39105224609375
1322	15.4975634765625	15.34093994140625
1323	15.509913330078126	15.467322998046875
1324	15.6073388671875	15.552681884765626
1325	15.5278662109375	15.391534423828125
1326	15.564609375	15.29793701171875
1327	15.566746826171874	15.442138671875
1328	15.53271484375	15.381563720703125
1329	15.4450390625	15.589256591796875
1330	15.48005126953125	15.487723388671874
1331	15.44103271484375	15.337930908203125
1332	15.615850830078125	15.464439697265625
1333	15.570823974609375	15.42199951171875
1334	15.5725146484375	15.4068896484375
1335	15.465260009765625	15.468614501953125
1336	15.42789794921875	15.459217529296875
1337	15.495150146484375	15.39693603515625
1338	15.364300537109376	15.3869482421875
1339	15.467103271484374	15.42330078125
1340	15.6436669921875	15.478741455078126
1341	15.39093505859375	15.58122802734375
1342	15.40659912109375	15.3547900390625
1343	15.3999755859375	15.36929931640625
1344	15.41579833984375	15.52543701171875
1345	15.574364013671875	15.5130126953125
1346	15.5952392578125	15.45958740234375
1347	15.436531982421876	15.3532470703125
1348	15.33091064453125	15.435361328125
1349	15.6253076171875	15.386160888671874
1350	15.543345947265625	15.50882568359375
1351	15.47677734375	15.45856689453125
1352	15.506087646484374	15.34606201171875
1353	15.50016845703125	15.427808837890625
1354	15.546873779296876	15.451478271484374
1355	15.485120849609375	15.406773681640624
1356	15.464951171875	15.41383056640625
1357	15.5121826171875	15.436229248046875
