mass_1	mass_2	phase	time	distance	a_1	a_2	tilt_1	tilt_2	phi_12	phi_jl	theta_jn	psi	ra	dec
0.51898	0.43533	0.04967	1.0123	0.25262	0.04976	0.05175	0.05172	0.02998	0.04876	0.1965	0.47071	0.05061	1.28808	0.69334
0.53117	0.45062	0.04734	1.44627	0.24545	0.04841	0.04969	0.04968	0.03058	0.04735	0.1963	0.45699	0.04856	1.2416	0.69521
0.53787	0.45602	0.04436	1.03464	0.24514	0.04789	0.04929	0.049	0.0316	0.0469	0.20346	0.45059	0.04814	1.08128	0.70371
0.52602	0.45478	0.04553	0.88993	0.24401	0.05006	0.04786	0.05025	0.02988	0.04641	0.20324	0.44935	0.04859	1.17303	0.71337
0.52437	0.44843	0.04474	0.90134	0.24383	0.04934	0.04816	0.04976	0.03126	0.0468	0.20687	0.44851	0.04738	1.35041	0.70624
0.52157	0.45468	0.04644	0.92284	0.24756	0.04831	0.04854	0.0486	0.0307	0.04725	0.2054	0.44628	0.04768	0.95777	0.71155
0.51215	0.46687	0.04599	0.91217	0.24711	0.05115	0.04829	0.04939	0.03349	0.04721	0.20999	0.4484	0.04746	1.77784	0.70535
0.5105	0.46925	0.04449	0.97624	0.24605	0.05067	0.04763	0.04951	0.03296	0.04707	0.20694	0.44571	0.04865	0.9518	0.70358
0.51136	0.47316	0.0471	1.49016	0.25046	0.04943	0.04853	0.04997	0.0319	0.04603	0.20331	0.44754	0.04744	1.60766	0.71831
0.51152	0.47743	0.04622	1.02654	0.24979	0.04797	0.04778	0.04731	0.03231	0.04636	0.20598	0.44747	0.04685	1.91565	0.71396
0.5072	0.47758	0.04513	0.94298	0.24938	0.04847	0.04913	0.04897	0.03098	0.04676	0.2019	0.44497	0.04761	1.26121	0.71302
0.5186	0.47334	0.04494	0.99477	0.24944	0.04881	0.04826	0.0506	0.03292	0.04687	0.20521	0.44405	0.04708	1.25459	0.71076
0.52604	0.46977	0.04582	1.59615	0.24825	0.04665	0.0483	0.05045	0.03267	0.04521	0.20583	0.44371	0.04815	0.99343	0.71497
0.52893	0.47956	0.04394	0.92862	0.25163	0.05043	0.04922	0.04806	0.03328	0.04643	0.20526	0.44555	0.04864	1.21373	0.71395
0.53718	0.47467	0.04464	0.88848	0.25147	0.04879	0.04927	0.04811	0.03227	0.04697	0.20495	0.44746	0.04906	1.26959	0.70611
0.53522	0.47546	0.04501	1.02629	0.25036	0.05024	0.04754	0.04758	0.03175	0.04744	0.20647	0.44752	0.04719	2.08066	0.71462
0.54022	0.4792	0.04661	0.93254	0.2511	0.04929	0.04922	0.04713	0.03221	0.0465	0.20417	0.43933	0.0489	1.01587	0.71119
0.51962	0.4697	0.04565	1.00546	0.25514	0.04899	0.04956	0.0477	0.03418	0.04634	0.20464	0.44763	0.04708	1.75984	0.70704
0.52826	0.47093	0.04647	1.38934	0.25352	0.04917	0.04901	0.04871	0.03117	0.04599	0.20517	0.44686	0.0474	1.17829	0.70841
0.52647	0.46764	0.04547	1.51241	0.25254	0.04989	0.04834	0.04869	0.03213	0.04574	0.20512	0.44689	0.04813	1.97956	0.7163
0.54186	0.47536	0.04513	0.89376	0.25364	0.04791	0.04836	0.04896	0.03275	0.04682	0.20243	0.44481	0.04908	1.16111	0.70867
0.53671	0.47725	0.04704	1.50705	0.25319	0.05014	0.04896	0.04915	0.03169	0.04691	0.20135	0.44688	0.04827	0.96467	0.71197
0.53297	0.48022	0.04554	0.89921	0.25315	0.04876	0.0491	0.04922	0.03041	0.04692	0.20529	0.44686	0.04653	1.00368	0.71208
0.53006	0.46836	0.04607	1.18573	0.25369	0.04872	0.04872	0.04802	0.03143	0.04702	0.20632	0.44328	0.04802	1.89469	0.70642
0.52902	0.45962	0.04617	1.01089	0.2552	0.04959	0.04927	0.05002	0.03222	0.04681	0.20735	0.4491	0.04679	0.97592	0.7077
0.52817	0.46701	0.04623	1.01906	0.25252	0.04912	0.04961	0.04769	0.03234	0.04758	0.20739	0.44754	0.04713	1.71178	0.7135
0.53411	0.474	0.04562	0.91675	0.25324	0.05032	0.04936	0.04874	0.03119	0.04579	0.20572	0.44466	0.04815	1.38482	0.71499
0.53003	0.47138	0.0442	0.88887	0.25654	0.04986	0.04754	0.04857	0.03298	0.04609	0.20528	0.44567	0.04774	1.25249	0.71495
0.52418	0.46617	0.04497	0.90943	0.25772	0.0511	0.0495	0.04869	0.03158	0.04509	0.20572	0.43948	0.04902	2.05832	0.70682
0.53774	0.46968	0.0463	0.96521	0.25656	0.04971	0.04901	0.049	0.03126	0.04758	0.20542	0.44673	0.04713	1.95464	0.71483
0.53399	0.47276	0.04573	1.56579	0.25725	0.05015	0.04811	0.04796	0.03099	0.04685	0.20307	0.44621	0.04737	0.94117	0.71958
0.53808	0.47241	0.04587	0.90215	0.25602	0.04967	0.04884	0.04972	0.03213	0.04637	0.2073	0.44913	0.0486	1.27512	0.72436
0.54087	0.46703	0.04627	0.95439	0.25887	0.0488	0.04819	0.04928	0.03244	0.0461	0.20188	0.4428	0.04777	1.01959	0.71576
0.53132	0.47135	0.04528	0.92438	0.25707	0.04882	0.04891	0.05089	0.032	0.04684	0.20652	0.44925	0.04785	1.77502	0.71669
0.5381	0.47361	0.04609	0.9528	0.25573	0.04927	0.04867	0.04806	0.03205	0.04574	0.20383	0.44414	0.04804	2.00269	0.71014
0.53973	0.47711	0.04594	0.90638	0.25545	0.04892	0.0495	0.0497	0.03152	0.04666	0.2041	0.44245	0.04875	1.04609	0.71545
0.5327	0.47593	0.04627	0.8864	0.25456	0.0494	0.04931	0.04786	0.03148	0.04581	0.20284	0.44758	0.04793	1.96634	0.70344
0.53429	0.47433	0.04489	1.48558	0.25723	0.04935	0.04904	0.04884	0.03218	0.04689	0.20581	0.44562	0.04836	0.99018	0.71752
0.53262	0.48027	0.04569	0.98935	0.25531	0.04925	0.04929	0.04705	0.03146	0.04693	0.2021	0.44901	0.04793	1.45201	0.71159
0.55015	0.47546	0.04558	1.53263	0.25671	0.04859	0.04858	0.04962	0.03057	0.04509	0.20641	0.44738	0.04827	1.73516	0.70953
0.53945	0.47907	0.04489	0.91777	0.25973	0.04977	0.04861	0.04872	0.03217	0.04672	0.20346	0.44876	0.048	1.87811	0.7131
0.53241	0.48076	0.04457	0.93656	0.25944	0.04791	0.04894	0.04761	0.03157	0.04702	0.2051	0.44891	0.04601	1.19673	0.70815
0.54172	0.47389	0.04599	0.88801	0.26195	0.04837	0.04974	0.04868	0.03262	0.04578	0.20431	0.44049	0.04656	2.063	0.70397
0.53211	0.4867	0.0453	1.47212	0.2607	0.04756	0.04874	0.04761	0.0321	0.0462	0.20375	0.45101	0.04714	1.16937	0.71161
0.53848	0.47482	0.04531	0.91155	0.26393	0.04895	0.04954	0.04811	0.03061	0.0469	0.20892	0.44976	0.04737	1.93555	0.71168
0.53471	0.47725	0.04573	0.922	0.26759	0.04915	0.04898	0.04776	0.03224	0.04602	0.20553	0.44231	0.04712	1.61841	0.71452
0.54383	0.47604	0.04562	1.01377	0.26887	0.04941	0.04786	0.04917	0.03177	0.04612	0.20552	0.44821	0.04695	1.70797	0.71463
0.53967	0.47623	0.04612	0.99669	0.2697	0.0485	0.04879	0.04761	0.03198	0.04578	0.20192	0.44625	0.04779	1.22446	0.71296
0.53962	0.47598	0.04554	0.98505	0.26967	0.05014	0.04891	0.04729	0.03042	0.04673	0.20295	0.44648	0.04747	1.48362	0.71891
0.54133	0.47494	0.04537	0.99797	0.27371	0.049	0.0474	0.04795	0.03151	0.04586	0.20655	0.44705	0.04609	1.0127	0.70894
0.53429	0.47805	0.04422	0.9522	0.27435	0.0493	0.0493	0.05033	0.03133	0.0471	0.20195	0.44757	0.0475	1.18124	0.71014
0.55113	0.47286	0.0437	1.50108	0.27845	0.04958	0.04908	0.04824	0.03	0.04747	0.20668	0.44833	0.04614	1.25048	0.71067
0.54405	0.48138	0.04535	1.03346	0.28137	0.04878	0.04781	0.04907	0.03072	0.04637	0.20473	0.44686	0.04852	0.94214	0.70041
0.53765	0.47807	0.04519	0.90563	0.27937	0.04846	0.04818	0.04866	0.03029	0.04673	0.20337	0.44376	0.04774	0.95867	0.70807
0.54444	0.48052	0.04637	1.19632	0.28529	0.04893	0.04844	0.04818	0.03152	0.04687	0.20612	0.4474	0.04712	0.94889	0.71499
0.5477	0.48403	0.04403	0.93837	0.28801	0.04826	0.04785	0.04882	0.03158	0.04628	0.20409	0.44314	0.04658	1.33208	0.71109
