mass_1	mass_2	phase	time	distance	a_1	a_2	tilt_1	tilt_2	phi_12	phi_jl	theta_jn	psi	ra	dec
0.72441	0.5975	0.05004	1.02863	0.29158	0.05232	0.05409	0.04659	0.01804	0.04855	0.1718	0.25511	0.05218	1.17638	0.71285
0.7254	0.58808	0.04665	0.86443	0.31422	0.04862	0.05021	0.04854	0.01679	0.047	0.16743	0.2563	0.05215	0.91091	0.71163
0.7254	0.57932	0.04726	0.99595	0.33253	0.04847	0.04803	0.04809	0.01648	0.04644	0.16471	0.25351	0.05324	0.90818	0.70663
0.71655	0.5814	0.04707	0.8543	0.33568	0.04885	0.04908	0.04834	0.01716	0.04706	0.16423	0.25509	0.05376	0.90946	0.70499
0.72668	0.58917	0.04635	0.85418	0.33636	0.04946	0.05014	0.04966	0.01662	0.04562	0.16268	0.25752	0.05339	0.93596	0.71235
0.72074	0.59258	0.04598	0.85636	0.32843	0.04946	0.04898	0.04994	0.01667	0.04606	0.16323	0.25761	0.05241	0.9341	0.71633
0.71497	0.60095	0.04588	0.9963	0.33146	0.05021	0.0478	0.04812	0.01752	0.04726	0.16206	0.25706	0.05239	1.07954	0.71456
0.71814	0.60115	0.04536	0.84894	0.32969	0.04978	0.04959	0.04997	0.01732	0.04665	0.16471	0.25732	0.05222	1.10055	0.71192
0.71364	0.60665	0.04689	0.86997	0.32788	0.04968	0.04869	0.04811	0.0177	0.04665	0.16255	0.25729	0.05371	0.99959	0.71103
0.71635	0.60407	0.04704	0.93004	0.33175	0.04943	0.04769	0.04948	0.01778	0.04624	0.16292	0.25905	0.05303	0.93668	0.70884
0.71166	0.61039	0.04552	0.94185	0.33478	0.04849	0.04965	0.04975	0.01735	0.0463	0.16229	0.25509	0.05359	1.03694	0.7118
0.71549	0.60806	0.04668	0.85736	0.33272	0.04989	0.04735	0.04881	0.01777	0.04681	0.16276	0.26128	0.05235	0.99135	0.71093
0.71733	0.60687	0.04679	0.86146	0.32574	0.05051	0.04828	0.04886	0.0176	0.04611	0.16329	0.25695	0.0524	1.26292	0.71241
0.72471	0.60339	0.04508	0.89951	0.32682	0.04917	0.04901	0.04723	0.01655	0.04656	0.15727	0.25927	0.05371	0.987	0.71368
0.72302	0.59872	0.04707	0.89947	0.33163	0.04912	0.04673	0.04877	0.0162	0.04715	0.16224	0.25656	0.05136	0.96406	0.71083
0.72694	0.61262	0.04686	0.98565	0.32769	0.04924	0.0481	0.04955	0.01745	0.04737	0.16197	0.25982	0.05336	0.92194	0.71249
0.72643	0.61891	0.04569	0.91471	0.33108	0.04811	0.04831	0.04918	0.01671	0.04635	0.16209	0.2609	0.05371	0.99052	0.7167
0.72438	0.60135	0.04616	0.86081	0.33284	0.04894	0.04864	0.05014	0.01709	0.04565	0.16478	0.25626	0.05172	0.99786	0.71416
0.72504	0.60828	0.04569	0.99071	0.33454	0.05007	0.04928	0.04741	0.01728	0.04622	0.16249	0.25989	0.05365	0.92138	0.709
0.72074	0.60003	0.04544	0.92441	0.33218	0.05057	0.04897	0.04935	0.01877	0.04633	0.163	0.25604	0.05257	0.95224	0.71354
0.72673	0.6091	0.04633	0.91292	0.32596	0.05037	0.04804	0.04787	0.01766	0.04615	0.16384	0.25938	0.05399	1.00135	0.71277
0.72566	0.60712	0.04675	0.88441	0.33157	0.04894	0.048	0.05054	0.01675	0.04663	0.16488	0.26064	0.05164	1.03333	0.71033
0.72138	0.60336	0.04536	0.8583	0.33525	0.04901	0.04816	0.049	0.01807	0.04602	0.16544	0.26246	0.05244	1.06872	0.71379
0.72165	0.59837	0.04657	0.91537	0.34164	0.04915	0.04913	0.0502	0.01744	0.04692	0.16175	0.25933	0.05176	0.95819	0.71501
0.72164	0.59298	0.04596	1.01302	0.33622	0.04891	0.04649	0.04969	0.01799	0.04659	0.16112	0.25989	0.05483	0.9392	0.7123
0.72536	0.59959	0.04621	0.85332	0.33103	0.0499	0.04948	0.04723	0.01692	0.04635	0.16226	0.25888	0.05206	0.978	0.70873
0.72044	0.59072	0.04618	0.86169	0.32925	0.05042	0.04634	0.04967	0.01793	0.04626	0.1636	0.25976	0.05301	1.09684	0.71269
0.72086	0.59416	0.04637	0.87754	0.32761	0.05039	0.04848	0.04792	0.01769	0.04676	0.16082	0.25991	0.05346	0.92168	0.71536
0.71933	0.58987	0.04517	0.88536	0.3335	0.04878	0.04815	0.04978	0.0182	0.04568	0.1612	0.26105	0.05145	1.24643	0.71172
0.72301	0.60233	0.04654	0.89633	0.3295	0.04956	0.04733	0.04787	0.01814	0.04664	0.16324	0.25983	0.05098	0.99889	0.71394
0.72268	0.59922	0.04609	0.94103	0.33031	0.04842	0.04904	0.04977	0.01693	0.04632	0.16532	0.25777	0.05301	0.96052	0.70772
0.72236	0.59419	0.04561	0.92522	0.33023	0.04963	0.04817	0.04869	0.01695	0.04658	0.16362	0.25713	0.0516	1.17585	0.71054
0.72141	0.58661	0.04692	0.92506	0.33694	0.05025	0.04826	0.04948	0.01716	0.04647	0.16249	0.25936	0.05191	0.92508	0.71153
0.72063	0.59119	0.04651	0.99898	0.33379	0.04923	0.04885	0.04909	0.01695	0.04563	0.16259	0.26096	0.05195	0.98643	0.71272
0.71812	0.59408	0.04607	0.86433	0.33556	0.04973	0.0498	0.04948	0.01733	0.04601	0.16195	0.25918	0.05257	0.94181	0.7106
0.7209	0.59554	0.04528	0.93168	0.33338	0.04905	0.04894	0.04917	0.01796	0.046	0.16329	0.2625	0.0524	0.9698	0.71439
0.7181	0.59941	0.04768	0.88114	0.33392	0.04898	0.04813	0.04921	0.01911	0.04612	0.1621	0.261	0.05262	0.95592	0.71595
0.7223	0.5942	0.04567	0.87615	0.33614	0.05005	0.04807	0.04778	0.01768	0.04489	0.1626	0.25942	0.05246	1.27527	0.71435
0.72145	0.59806	0.04563	0.87388	0.33453	0.04803	0.04931	0.04989	0.01738	0.04483	0.163	0.25793	0.0521	0.92121	0.71437
0.72112	0.59838	0.04485	0.86955	0.33735	0.04905	0.0481	0.04868	0.01806	0.04577	0.16314	0.26035	0.05228	1.25079	0.71222
0.72121	0.60228	0.04554	0.92935	0.34001	0.04883	0.04794	0.04826	0.01633	0.04604	0.16393	0.25779	0.05401	1.06299	0.71941
0.71724	0.59864	0.04739	0.8789	0.33483	0.04894	0.04685	0.04828	0.01691	0.04614	0.16508	0.26138	0.05241	1.003	0.71809
0.71745	0.59632	0.04541	0.90388	0.33948	0.05017	0.04821	0.04918	0.0174	0.04625	0.1626	0.25958	0.05332	1.23365	0.71414
0.71403	0.60225	0.04639	0.9114	0.34193	0.04958	0.04862	0.04791	0.01725	0.04528	0.16333	0.26102	0.05268	1.00208	0.71617
0.71733	0.6034	0.04636	0.88978	0.33963	0.04967	0.04866	0.04775	0.01832	0.04705	0.16279	0.26168	0.05246	0.92527	0.72024
0.71124	0.59197	0.04648	0.97771	0.33688	0.04934	0.04828	0.0483	0.01739	0.04489	0.16348	0.25833	0.05225	0.90742	0.71312
0.71944	0.60322	0.0453	0.93201	0.33369	0.04915	0.0485	0.04799	0.01797	0.0447	0.16151	0.25738	0.05344	0.93109	0.71166
0.71683	0.6015	0.04521	0.85862	0.33228	0.04872	0.04813	0.04897	0.01751	0.04578	0.16181	0.25943	0.05218	0.94965	0.71677
0.71535	0.59409	0.04628	0.8693	0.33421	0.04964	0.04867	0.04978	0.01738	0.04609	0.16286	0.2627	0.05291	0.92444	0.71492
0.72009	0.59949	0.04545	0.94178	0.33179	0.04954	0.04747	0.0516	0.01704	0.04587	0.16595	0.26036	0.05341	0.94375	0.71233
0.71813	0.60131	0.04559	0.96301	0.33178	0.04863	0.04635	0.04981	0.01705	0.04578	0.16351	0.26148	0.05291	1.03354	0.71486
0.72508	0.59847	0.04608	0.85147	0.33502	0.04932	0.04799	0.04611	0.01758	0.04529	0.16151	0.25756	0.05227	1.04931	0.71686
0.71552	0.59714	0.046	0.86476	0.33249	0.04859	0.04854	0.04866	0.017	0.04624	0.16252	0.26147	0.05123	1.17023	0.71664
0.71551	0.59832	0.04592	0.90917	0.33481	0.04869	0.05002	0.04958	0.01729	0.04665	0.16309	0.26016	0.05224	1.04107	0.71527
0.72762	0.60853	0.04598	0.91979	0.3286	0.04894	0.04895	0.04807	0.01705	0.04631	0.16117	0.25998	0.05302	1.15632	0.7164
0.72293	0.60403	0.04562	0.8729	0.32864	0.04828	0.04704	0.04978	0.0181	0.04616	0.16024	0.25947	0.05251	1.01624	0.71482
