mass_ratio	chirp_mass	luminosity_distance	dec	ra	theta_jn	psi	phase	a_1	a_2	tilt_1	tilt_2	phi_12	phi_jl	geocent_time
0.34204	0.49107	0.23577	0.80821	0.53252	0.36089	0.14529	0.12537	0.20206	0.23604	0.22921	0.22047	0.16603	0.1272	0.84695
0.34403	0.50321	0.3318	0.77879	0.5825	0.45614	0.12502	0.15694	0.24527	0.19018	0.2757	0.2739	0.12117	0.08217	0.82712
0.39617	0.45698	0.3077	0.79035	0.55976	0.37462	0.08634	0.11848	0.23108	0.20556	0.20186	0.24173	0.16114	0.11519	0.86187
0.40123	0.52087	0.28512	0.81195	0.54973	0.45939	0.09619	0.17082	0.16589	0.1959	0.19594	0.26065	0.11805	0.13393	0.78772
0.22555	0.45993	0.32804	0.75611	0.55331	0.39563	0.13445	0.12329	0.20809	0.20087	0.25614	0.26942	0.1009	0.11087	0.82894
0.24393	0.39708	0.35865	0.73563	0.5583	0.50608	0.136	0.17475	0.25059	0.29915	0.21192	0.28353	0.17518	0.13967	0.84056
0.29165	0.41428	0.39976	0.80089	0.59584	0.42426	0.11821	0.1334	0.19239	0.3044	0.17875	0.21295	0.15955	0.09929	0.86215
0.35741	0.45972	0.34904	0.76958	0.61777	0.39335	0.11862	0.14201	0.26908	0.23833	0.20131	0.18644	0.17154	0.09362	0.86812
0.26703	0.47668	0.31136	0.81571	0.56118	0.31356	0.11908	0.1442	0.2037	0.25557	0.16568	0.23054	0.14374	0.10642	0.86423
0.32564	0.4998	0.353	0.73438	0.54212	0.57732	0.12806	0.16568	0.22216	0.25748	0.20629	0.23774	0.14102	0.12433	0.81631
0.35614	0.45395	0.34774	0.82547	0.55542	0.48126	0.10132	0.14109	0.19407	0.17428	0.18314	0.24769	0.14219	0.16417	0.84822
0.20714	0.37874	0.3093	0.81591	0.6148	0.40448	0.13293	0.11283	0.21327	0.23319	0.16511	0.20549	0.09534	0.14421	0.85034
0.29314	0.50908	0.35541	0.81916	0.57103	0.46572	0.12797	0.13204	0.26055	0.22152	0.17864	0.21872	0.16182	0.12983	0.82556
0.31158	0.64484	0.3876	0.79369	0.53969	0.43075	0.15626	0.15303	0.222	0.204	0.23317	0.16711	0.17333	0.09704	0.88844
0.38221	0.53037	0.35568	0.75679	0.52865	0.45612	0.21126	0.12141	0.25998	0.20674	0.2502	0.23799	0.12254	0.11508	0.81554
0.36336	0.49707	0.33332	0.80673	0.50776	0.50669	0.14168	0.20384	0.24602	0.18053	0.22589	0.19153	0.12412	0.12068	0.80661
0.3206	0.61208	0.31502	0.82004	0.58444	0.41255	0.14654	0.15186	0.17827	0.21968	0.22182	0.17923	0.19287	0.13099	0.83646
0.25282	0.58823	0.3602	0.7603	0.55556	0.40862	0.13944	0.13035	0.22946	0.1635	0.15406	0.15139	0.16529	0.11926	0.82711
0.29052	0.55821	0.28906	0.78338	0.53666	0.44036	0.15801	0.13001	0.18066	0.1826	0.22835	0.17779	0.13692	0.12365	0.82705
0.34601	0.4804	0.34487	0.81047	0.53942	0.62271	0.11714	0.09043	0.18796	0.25671	0.19979	0.16487	0.13534	0.12916	0.84457
0.43957	0.42814	0.36666	0.79059	0.49077	0.46372	0.16264	0.15068	0.18672	0.20382	0.28653	0.19506	0.13413	0.10597	0.81871
0.36311	0.39696	0.37537	0.83437	0.48384	0.40653	0.11416	0.16274	0.21322	0.18438	0.24027	0.16558	0.1245	0.14325	0.8533
0.26696	0.45511	0.37883	0.85684	0.56833	0.52846	0.12611	0.18179	0.2385	0.19325	0.19042	0.19439	0.10761	0.14589	0.83026
0.27647	0.45271	0.39467	0.83083	0.56241	0.49199	0.11889	0.16037	0.18678	0.20504	0.19268	0.2099	0.1268	0.17496	0.83438
0.2254	0.37861	0.36391	0.86841	0.59865	0.45635	0.1117	0.13158	0.27942	0.25492	0.25456	0.18273	0.13244	0.10612	0.84785
0.21395	0.42908	0.3017	0.86195	0.57552	0.52117	0.14369	0.26834	0.25825	0.27768	0.21012	0.23464	0.12385	0.11034	0.84388
0.19491	0.41569	0.37738	0.832	0.52419	0.42507	0.09951	0.19147	0.19273	0.18432	0.23359	0.1995	0.11153	0.10599	0.83437
0.25951	0.46101	0.39803	0.82587	0.56136	0.38781	0.12503	0.14182	0.23915	0.27877	0.2032	0.24381	0.10675	0.11962	0.84271
0.3465	0.38891	0.3663	0.82795	0.49387	0.53367	0.10674	0.16042	0.25956	0.26818	0.23918	0.23132	0.13639	0.12199	0.85222
0.42179	0.44917	0.35693	0.81657	0.5534	0.51271	0.14701	0.13134	0.20957	0.22607	0.2334	0.2098	0.11672	0.1148	0.85151
0.39964	0.53418	0.3539	0.80872	0.52252	0.51459	0.10818	0.11826	0.17165	0.31222	0.18701	0.16585	0.13019	0.13015	0.83138
0.35569	0.63291	0.31933	0.84378	0.58416	0.51909	0.10827	0.16252	0.19011	0.24951	0.21582	0.26422	0.11036	0.10156	0.85181
0.24878	0.53245	0.37687	0.83633	0.54759	0.47835	0.12036	0.14327	0.22921	0.21135	0.19092	0.19661	0.16007	0.09652	0.82265
0.31452	0.48257	0.27958	0.78779	0.54818	0.47825	0.1653	0.08711	0.20272	0.17286	0.21918	0.22198	0.14066	0.12123	0.84634
0.22436	0.4666	0.33331	0.72061	0.56328	0.46499	0.12613	0.13011	0.26271	0.2301	0.19914	0.15331	0.14323	0.117	0.82145
0.22725	0.41782	0.39105	0.76339	0.51077	0.41828	0.10337	0.12736	0.21868	0.17936	0.19531	0.19186	0.15898	0.13766	0.84048
0.23205	0.44529	0.32793	0.82637	0.55537	0.46677	0.1323	0.14081	0.21504	0.18564	0.22142	0.22342	0.1244	0.1408	0.8179
0.24726	0.49432	0.35539	0.73326	0.51502	0.50938	0.15491	0.16645	0.20492	0.15399	0.23143	0.22672	0.1105	0.12375	0.8233
0.28442	0.48219	0.33781	0.74438	0.5364	0.50256	0.12439	0.15654	0.27654	0.16971	0.21353	0.2234	0.12776	0.11912	0.83032
0.2116	0.54286	0.37772	0.78907	0.57918	0.43838	0.12278	0.15451	0.22502	0.26808	0.20709	0.17137	0.11729	0.12645	0.88541
0.21463	0.44018	0.31275	0.79428	0.50015	0.41586	0.12362	0.1427	0.2343	0.18635	0.17374	0.17386	0.12122	0.11053	0.81615
0.16225	0.50746	0.34968	0.8154	0.58201	0.46269	0.12812	0.11171	0.22387	0.2434	0.25409	0.21996	0.14165	0.11727	0.8511
0.23663	0.47472	0.39847	0.79725	0.52571	0.49177	0.11852	0.12696	0.22847	0.19886	0.25916	0.21383	0.13858	0.09535	0.83602
0.23557	0.4544	0.3458	0.78566	0.57494	0.49601	0.13885	0.11702	0.26546	0.21933	0.20711	0.23075	0.11448	0.14788	0.82197
0.2619	0.48704	0.33066	0.77596	0.54091	0.45545	0.12444	0.13382	0.25524	0.29663	0.23525	0.22067	0.1166	0.12216	0.81445
0.22	0.43274	0.35325	0.80273	0.58128	0.50478	0.1077	0.14953	0.25951	0.16693	0.21682	0.26835	0.11547	0.1362	0.80659
0.18744	0.42381	0.32697	0.76934	0.57238	0.39915	0.1636	0.11968	0.19639	0.23036	0.17129	0.21693	0.14928	0.14285	0.80186
0.24167	0.43679	0.4017	0.7922	0.54633	0.40506	0.14362	0.11929	0.22303	0.22038	0.22941	0.20184	0.10001	0.08473	0.82595
0.24313	0.48459	0.34316	0.79932	0.59037	0.428	0.17989	0.15439	0.23084	0.15919	0.26049	0.2732	0.12648	0.12358	0.82791
0.26349	0.4391	0.31046	0.76386	0.53437	0.44386	0.13327	0.13221	0.21233	0.28497	0.13679	0.21482	0.09668	0.10735	0.8689
0.27624	0.44756	0.35566	0.78644	0.53216	0.41639	0.15166	0.16557	0.18765	0.29628	0.18993	0.19357	0.11425	0.13681	0.86831
0.2484	0.43821	0.32848	0.77508	0.58392	0.51955	0.1251	0.16694	0.24985	0.19455	0.21105	0.23923	0.11152	0.09416	0.83301
0.24249	0.47908	0.36225	0.8068	0.53809	0.50293	0.12608	0.14274	0.29902	0.2116	0.1974	0.22779	0.15496	0.12603	0.85706
0.30516	0.46295	0.35144	0.81758	0.61443	0.4048	0.10333	0.13185	0.25269	0.18441	0.25296	0.23197	0.10468	0.11858	0.82617
0.26576	0.42507	0.37072	0.73659	0.59946	0.39071	0.12739	0.1573	0.2462	0.21021	0.1672	0.2685	0.10477	0.07587	0.81876
0.28327	0.42455	0.33764	0.81882	0.5129	0.48084	0.09184	0.11586	0.22718	0.21365	0.15947	0.24689	0.13661	0.10027	0.87013
0.17602	0.43865	0.34066	0.82817	0.54707	0.51919	0.09175	0.14271	0.26613	0.2061	0.17952	0.22279	0.09743	0.1435	0.80393
0.26181	0.46401	0.339	0.84327	0.48649	0.44524	0.15002	0.12133	0.25981	0.23172	0.23307	0.22683	0.14877	0.13758	0.82952
0.40006	0.47633	0.31286	0.79918	0.51702	0.53513	0.15602	0.08836	0.23852	0.1985	0.21467	0.21507	0.14676	0.11701	0.79316
0.48169	0.41317	0.31492	0.83127	0.57209	0.38867	0.13454	0.14794	0.29206	0.19849	0.22556	0.26202	0.12119	0.11207	0.79374
0.4521	0.44218	0.34095	0.79997	0.52084	0.49692	0.13803	0.1293	0.24485	0.29922	0.1934	0.23484	0.14529	0.10631	0.80343
0.4839	0.44451	0.29827	0.80178	0.5287	0.45614	0.12537	0.13693	0.19357	0.21055	0.1782	0.21623	0.12327	0.11246	0.85627
0.43447	0.47234	0.37263	0.834	0.58331	0.43084	0.14616	0.12213	0.21456	0.20483	0.25638	0.19464	0.13549	0.13099	0.81635
0.42313	0.41634	0.37371	0.86586	0.49828	0.5061	0.09376	0.09948	0.21205	0.20116	0.20451	0.17058	0.13084	0.13582	0.84642
0.35327	0.44725	0.36832	0.81586	0.47592	0.55528	0.14198	0.13608	0.2518	0.22684	0.2796	0.18561	0.1213	0.10398	0.84949
0.37506	0.41992	0.33771	0.77234	0.55688	0.34552	0.07433	0.11095	0.2333	0.19398	0.2154	0.21687	0.15706	0.13545	0.81337
0.33225	0.45961	0.32369	0.77679	0.55892	0.46119	0.10475	0.15119	0.2124	0.20657	0.19679	0.22582	0.12543	0.1226	0.82855
0.39721	0.44586	0.34616	0.77668	0.55221	0.53233	0.14763	0.12311	0.2352	0.14203	0.16391	0.19567	0.14343	0.11284	0.8189
0.38192	0.40402	0.35538	0.76905	0.58398	0.46509	0.12109	0.11584	0.23771	0.18029	0.21395	0.19227	0.13738	0.15096	0.85149
0.39308	0.44765	0.34693	0.74239	0.59189	0.42973	0.13716	0.10428	0.22756	0.24751	0.19289	0.21263	0.0984	0.16453	0.84932
0.39329	0.42763	0.31055	0.74308	0.56226	0.52351	0.14111	0.13137	0.22501	0.25216	0.21508	0.22929	0.09758	0.10792	0.82351
0.39914	0.42931	0.30999	0.8042	0.56739	0.38488	0.13189	0.13491	0.22225	0.20375	0.20328	0.21385	0.11652	0.12742	0.83653
0.41403	0.46478	0.33233	0.80003	0.52013	0.43797	0.12278	0.13267	0.27859	0.27389	0.17112	0.21914	0.11715	0.11773	0.82335
0.39087	0.45041	0.33164	0.83693	0.52931	0.50499	0.14684	0.16302	0.17449	0.26608	0.21477	0.22655	0.13737	0.12363	0.86207
0.42527	0.45393	0.29253	0.82816	0.53199	0.47267	0.11221	0.13214	0.15942	0.18759	0.20096	0.20733	0.15249	0.13076	0.84408
0.31092	0.48213	0.32577	0.81412	0.53847	0.39802	0.08594	0.13595	0.21365	0.23608	0.19911	0.18941	0.10994	0.1181	0.82628
0.32149	0.45741	0.34609	0.69374	0.53461	0.48906	0.1471	0.1025	0.18201	0.17458	0.16883	0.21203	0.16871	0.13655	0.83094
0.3573	0.43973	0.33051	0.7712	0.56005	0.43087	0.12362	0.14049	0.21393	0.22014	0.17151	0.16178	0.12909	0.14754	0.82544
0.34908	0.4921	0.31618	0.82451	0.55265	0.43497	0.11305	0.12805	0.19541	0.20432	0.17194	0.18595	0.13337	0.11351	0.82128
0.3068	0.3806	0.30136	0.76695	0.53194	0.47202	0.10729	0.11341	0.19355	0.25204	0.17246	0.21369	0.10488	0.13558	0.85182
0.3977	0.39	0.28167	0.66262	0.51119	0.51651	0.12927	0.13121	0.27253	0.19624	0.17839	0.26912	0.14402	0.1699	0.80581
0.36518	0.44478	0.34329	0.71267	0.56601	0.47694	0.12716	0.13439	0.20272	0.29437	0.14994	0.26916	0.14764	0.11529	0.8083
0.32449	0.48847	0.35817	0.62844	0.54907	0.54354	0.11886	0.14633	0.1711	0.14249	0.23668	0.21632	0.12566	0.1202	0.81107
0.24316	0.47845	0.32806	0.77388	0.54111	0.56686	0.1254	0.10061	0.23161	0.17929	0.1945	0.18974	0.12764	0.14069	0.86047
0.34946	0.47364	0.34208	0.73089	0.56307	0.44627	0.13301	0.09759	0.22587	0.19463	0.21595	0.16059	0.14264	0.11078	0.82426
0.29299	0.47683	0.38341	0.87299	0.54985	0.52288	0.13131	0.13046	0.21422	0.27194	0.20072	0.16074	0.11124	0.1082	0.84407
0.27248	0.41573	0.31957	0.82366	0.61828	0.50684	0.18537	0.12352	0.20979	0.28933	0.20403	0.17384	0.15542	0.13734	0.81797
0.3282	0.46145	0.31722	0.81005	0.5319	0.54626	0.10553	0.16764	0.18973	0.19847	0.20944	0.20181	0.12472	0.13062	0.84098
0.3318	0.51682	0.35983	0.81988	0.60526	0.45478	0.1422	0.1024	0.22689	0.25241	0.18991	0.18051	0.14299	0.14789	0.82722
0.35219	0.55408	0.35558	0.78318	0.57156	0.52275	0.13227	0.11543	0.22484	0.24184	0.26327	0.20914	0.15206	0.16579	0.83914
0.41119	0.45878	0.38274	0.77696	0.53893	0.4031	0.15289	0.13447	0.24437	0.24969	0.24561	0.2256	0.10686	0.10086	0.86278
0.2792	0.48394	0.31923	0.76545	0.59477	0.52488	0.13373	0.11623	0.20466	0.20094	0.22226	0.233	0.11167	0.09992	0.8237
0.32728	0.48975	0.34195	0.77828	0.54636	0.48793	0.13531	0.16424	0.20407	0.17642	0.20708	0.1942	0.19774	0.11926	0.85476
0.36208	0.50102	0.27512	0.84743	0.51799	0.48699	0.12852	0.10661	0.23249	0.21484	0.19001	0.14918	0.11187	0.09165	0.83267
0.30483	0.47164	0.31002	0.75978	0.56155	0.42544	0.14805	0.11375	0.18123	0.14072	0.20092	0.23801	0.13351	0.14587	0.82086
0.31632	0.47103	0.35417	0.7573	0.57387	0.50953	0.09973	0.0938	0.24596	0.20111	0.2011	0.17479	0.13877	0.13527	0.83408
0.3019	0.47023	0.33183	0.74782	0.57832	0.53092	0.12227	0.13729	0.22769	0.20877	0.20277	0.18767	0.11486	0.1792	0.82221
0.35773	0.47988	0.32841	0.77514	0.59685	0.43227	0.08562	0.12735	0.22141	0.2939	0.25966	0.20637	0.14381	0.10583	0.80385
0.36846	0.39309	0.31165	0.81684	0.56274	0.44702	0.12145	0.13231	0.23531	0.26353	0.147	0.18019	0.13648	0.11772	0.80978
0.35989	0.44818	0.31761	0.78628	0.52552	0.46074	0.17963	0.16272	0.25301	0.26207	0.21688	0.2132	0.14201	0.10786	0.79692
0.28978	0.48067	0.31878	0.76107	0.60875	0.46605	0.14374	0.10789	0.15256	0.20769	0.20396	0.26406	0.14435	0.11201	0.81921
0.32494	0.47634	0.40859	0.82617	0.58295	0.43647	0.13104	0.1167	0.2607	0.23458	0.2084	0.18091	0.1098	0.12001	0.84966
0.34366	0.47492	0.28305	0.74461	0.58274	0.40187	0.12021	0.13046	0.21186	0.24628	0.1742	0.22098	0.15619	0.11961	0.81762
0.36823	0.3954	0.36827	0.78382	0.54282	0.34337	0.14942	0.14193	0.18145	0.1834	0.16832	0.19115	0.12956	0.11444	0.84959
0.25073	0.42672	0.30611	0.7667	0.5724	0.44034	0.13471	0.16612	0.2331	0.15	0.18841	0.23531	0.133	0.17242	0.8539
0.2888	0.43312	0.30762	0.76901	0.50121	0.58527	0.11731	0.11457	0.24022	0.16571	0.20073	0.24898	0.17845	0.11918	0.84193
0.38965	0.45697	0.39505	0.80881	0.54945	0.46439	0.12979	0.1401	0.2317	0.23022	0.20073	0.17279	0.15242	0.08132	0.82161
0.2896	0.41181	0.36458	0.82325	0.55279	0.45479	0.09861	0.13875	0.26433	0.28552	0.16653	0.14355	0.11889	0.09893	0.85686
0.30709	0.47477	0.30504	0.73696	0.55968	0.58692	0.13161	0.20326	0.19415	0.30465	0.22532	0.19696	0.13722	0.11557	0.84633
0.22933	0.36127	0.31966	0.73971	0.54594	0.45953	0.11335	0.17632	0.21623	0.30118	0.26981	0.21629	0.10813	0.13747	0.82867
0.24757	0.46902	0.38589	0.81503	0.54598	0.59757	0.14739	0.11926	0.17352	0.15571	0.23234	0.20977	0.12762	0.12163	0.85722
0.40033	0.48661	0.30212	0.78347	0.50955	0.54676	0.20969	0.15659	0.25914	0.31341	0.21819	0.18386	0.12817	0.11509	0.84238
0.33729	0.39125	0.31893	0.79915	0.49238	0.49765	0.11507	0.14434	0.19778	0.27556	0.24587	0.16482	0.12259	0.10758	0.86334
0.43941	0.43334	0.35291	0.79897	0.4918	0.52823	0.13387	0.12522	0.20689	0.29089	0.23268	0.20115	0.13483	0.1562	0.84292
0.41375	0.43463	0.3382	0.82124	0.50799	0.37499	0.10392	0.14489	0.25834	0.22713	0.19513	0.16641	0.1342	0.12122	0.87299
0.39333	0.43095	0.33981	0.77461	0.51753	0.47078	0.11491	0.13222	0.20252	0.22218	0.21187	0.16933	0.1341	0.1341	0.83754
0.35205	0.44181	0.3722	0.70527	0.54237	0.43386	0.12359	0.13025	0.22482	0.21642	0.22692	0.17874	0.14893	0.18212	0.79433
0.29202	0.48703	0.33078	0.77896	0.51814	0.50251	0.16434	0.15095	0.22599	0.21865	0.18251	0.17988	0.14811	0.08787	0.84747
0.24283	0.47466	0.3275	0.74456	0.52303	0.47408	0.11726	0.16426	0.19502	0.25159	0.19438	0.14718	0.13823	0.1409	0.83332
0.30165	0.44763	0.30417	0.7878	0.54512	0.46843	0.08936	0.15278	0.18203	0.20334	0.20286	0.21956	0.12489	0.11403	0.84505
0.32862	0.44365	0.34346	0.78851	0.51816	0.41618	0.17911	0.08497	0.24569	0.21958	0.21493	0.19767	0.13009	0.12111	0.84021
0.34495	0.38815	0.29779	0.78987	0.50934	0.50968	0.11619	0.10422	0.18635	0.2056	0.13369	0.16639	0.13449	0.11677	0.83954
0.23943	0.41961	0.33675	0.77848	0.54993	0.55569	0.13341	0.11705	0.23792	0.18067	0.19735	0.2013	0.1189	0.12693	0.85177
0.35361	0.41807	0.31532	0.67957	0.53731	0.43858	0.13757	0.09344	0.22874	0.20057	0.17117	0.18652	0.12791	0.13745	0.82409
0.33629	0.41876	0.28723	0.77859	0.57257	0.4318	0.15995	0.06944	0.17518	0.20117	0.19471	0.14345	0.13576	0.09348	0.8476
0.33155	0.43816	0.32807	0.7737	0.53214	0.44483	0.14235	0.1351	0.19802	0.24708	0.23679	0.16301	0.12768	0.13886	0.84425
0.3727	0.48921	0.31848	0.76792	0.52629	0.54935	0.12452	0.1911	0.24769	0.19808	0.19134	0.18655	0.1429	0.16773	0.85373
0.32268	0.44021	0.28866	0.81729	0.54457	0.44719	0.14849	0.14283	0.17911	0.23848	0.20668	0.19144	0.13965	0.11924	0.85544
0.32614	0.43391	0.32222	0.80927	0.61468	0.56191	0.13945	0.12662	0.24359	0.21886	0.20139	0.15251	0.13863	0.1175	0.83583
0.30581	0.40243	0.33678	0.74765	0.51485	0.44803	0.14355	0.10373	0.27232	0.32135	0.20635	0.19886	0.12229	0.14051	0.85948
0.26995	0.41981	0.34426	0.77413	0.55231	0.51469	0.12413	0.11127	0.21425	0.16301	0.19436	0.18495	0.1518	0.13881	0.85888
0.26136	0.44445	0.319	0.7688	0.49277	0.45205	0.13141	0.12994	0.25322	0.18519	0.17385	0.18706	0.14841	0.11413	0.84818
0.31183	0.41641	0.2699	0.75785	0.55735	0.47422	0.12024	0.16713	0.23306	0.21345	0.12021	0.17311	0.14619	0.13731	0.81096
0.32861	0.45439	0.31896	0.72477	0.54013	0.50116	0.1222	0.16088	0.1693	0.17106	0.22786	0.17537	0.12569	0.14298	0.86673
0.34259	0.47518	0.29174	0.72301	0.50241	0.50607	0.12075	0.1695	0.24205	0.26963	0.17178	0.17801	0.1477	0.1354	0.84507
0.38235	0.43108	0.30305	0.71981	0.56168	0.48923	0.17789	0.12524	0.23687	0.23769	0.20108	0.14978	0.08972	0.12348	0.82783
0.31325	0.50043	0.24353	0.75678	0.51624	0.53686	0.14219	0.18095	0.21738	0.22477	0.18515	0.19739	0.13625	0.13343	0.84201
0.35007	0.48053	0.34021	0.70346	0.55676	0.4493	0.11895	0.15089	0.22956	0.19965	0.20243	0.19684	0.18101	0.11398	0.82529
0.24282	0.39668	0.33982	0.76377	0.47657	0.48623	0.14068	0.1504	0.16849	0.22656	0.22662	0.18618	0.08879	0.12344	0.82113
0.29662	0.47558	0.33783	0.69458	0.62922	0.51544	0.14272	0.16179	0.25413	0.19548	0.16902	0.16651	0.13743	0.12161	0.86195
0.33113	0.43978	0.3665	0.77192	0.62418	0.44745	0.10768	0.13095	0.16522	0.21434	0.16662	0.17914	0.15084	0.134	0.8319
0.34511	0.45253	0.33117	0.76096	0.50298	0.48121	0.15565	0.16349	0.22412	0.36308	0.21136	0.21258	0.15235	0.10006	0.8494
0.34029	0.43321	0.3673	0.75046	0.51506	0.41134	0.16315	0.1488	0.1994	0.31293	0.21148	0.19682	0.13427	0.13611	0.84147
0.34854	0.41812	0.29697	0.75899	0.55898	0.42038	0.14019	0.15608	0.20805	0.24762	0.20446	0.15594	0.15628	0.12489	0.83455
0.27942	0.41278	0.32645	0.78994	0.51213	0.42313	0.1049	0.13083	0.24653	0.16095	0.15217	0.23686	0.12945	0.14176	0.85685
0.2271	0.46431	0.35835	0.75138	0.49436	0.41682	0.13513	0.13828	0.20583	0.25011	0.17648	0.20814	0.15465	0.11695	0.85022
0.34445	0.44753	0.32362	0.71736	0.57785	0.56941	0.09996	0.14933	0.19908	0.24139	0.19615	0.20516	0.11984	0.12027	0.82203
0.34157	0.44945	0.32308	0.78003	0.57033	0.499	0.12965	0.13961	0.20079	0.2812	0.2199	0.19978	0.09753	0.0926	0.84372
0.26603	0.41893	0.29849	0.75485	0.55539	0.51037	0.13639	0.13474	0.20166	0.24721	0.16828	0.20386	0.12218	0.08434	0.83103
0.36644	0.41491	0.35328	0.77532	0.49021	0.47621	0.12132	0.14762	0.18111	0.15575	0.23546	0.17531	0.13638	0.13189	0.8602
0.34112	0.37355	0.41155	0.77394	0.52575	0.606	0.11663	0.12436	0.19768	0.22561	0.16515	0.19532	0.10962	0.16224	0.84915
0.27968	0.40223	0.32208	0.68736	0.56796	0.42645	0.12328	0.1184	0.1818	0.13576	0.17514	0.2098	0.15787	0.13045	0.83027
0.26418	0.44992	0.29597	0.76724	0.60007	0.56971	0.11752	0.10401	0.16626	0.15285	0.1812	0.17639	0.1023	0.11946	0.84689
0.18697	0.4358	0.35976	0.73385	0.48855	0.43868	0.11996	0.12324	0.20364	0.17228	0.18289	0.17118	0.13695	0.09566	0.81363
0.22074	0.45469	0.29098	0.76345	0.52977	0.57378	0.19019	0.15411	0.21702	0.19015	0.2555	0.21383	0.14411	0.1692	0.87742
0.26758	0.47594	0.30338	0.77053	0.51628	0.51659	0.14624	0.09499	0.23216	0.22255	0.24327	0.15572	0.13253	0.11774	0.86936
0.28904	0.4009	0.32639	0.79926	0.44316	0.50363	0.12439	0.16047	0.23319	0.20819	0.17427	0.15914	0.14423	0.11706	0.85084
0.31227	0.45168	0.32288	0.73957	0.54895	0.54668	0.12556	0.12806	0.22778	0.23756	0.21195	0.24183	0.12927	0.10296	0.85211
0.35809	0.43361	0.36543	0.80372	0.54412	0.51558	0.13107	0.1257	0.19634	0.27032	0.21148	0.20953	0.13539	0.10052	0.84643
0.38033	0.42963	0.32871	0.79013	0.54193	0.40956	0.1124	0.10707	0.22223	0.17589	0.16849	0.27871	0.17957	0.15736	0.86727
0.30147	0.48476	0.34255	0.67542	0.52523	0.45108	0.17901	0.12538	0.22969	0.22653	0.24168	0.24428	0.10153	0.12717	0.87067
0.32519	0.39233	0.33865	0.72201	0.51041	0.49153	0.12279	0.12959	0.16403	0.13893	0.19195	0.19198	0.10245	0.12429	0.83467
0.35942	0.40948	0.28777	0.73501	0.56892	0.36989	0.13256	0.11071	0.17325	0.23094	0.17216	0.21592	0.13405	0.13977	0.86844
0.39508	0.43181	0.37077	0.74851	0.52072	0.55498	0.17827	0.15755	0.20474	0.16436	0.21159	0.2238	0.12796	0.12727	0.84035
0.42141	0.41327	0.30052	0.75638	0.5052	0.431	0.15102	0.15917	0.17848	0.18687	0.19622	0.16446	0.12551	0.11464	0.82608
0.3109	0.43984	0.33155	0.80033	0.64299	0.48867	0.16475	0.10478	0.12772	0.19197	0.22744	0.16027	0.09241	0.11735	0.84783
0.24292	0.47981	0.37307	0.7958	0.49323	0.55003	0.13309	0.15132	0.28938	0.21786	0.25297	0.15325	0.16526	0.13186	0.88822
0.35419	0.35008	0.32947	0.6847	0.53608	0.46778	0.1457	0.13475	0.20647	0.20196	0.18495	0.2093	0.10663	0.11418	0.85436
0.26347	0.40883	0.31322	0.7279	0.49601	0.42908	0.11269	0.15588	0.24032	0.20629	0.19398	0.2024	0.13113	0.13032	0.81056
0.25602	0.39019	0.33373	0.78374	0.53802	0.55805	0.13435	0.14212	0.20566	0.28482	0.16133	0.17253	0.12207	0.09971	0.83541
0.2507	0.39645	0.31197	0.75254	0.4928	0.54598	0.15897	0.11648	0.21199	0.241	0.18732	0.26966	0.10844	0.11953	0.87092
0.26466	0.37519	0.34031	0.76129	0.52282	0.46029	0.19239	0.14636	0.20449	0.20583	0.19929	0.20262	0.11946	0.1078	0.89655
0.23404	0.47276	0.34978	0.76007	0.54506	0.368	0.11155	0.09747	0.22241	0.14934	0.19112	0.20337	0.16323	0.09736	0.85669
0.28673	0.35376	0.29813	0.7627	0.57718	0.46977	0.13911	0.1123	0.18443	0.16264	0.24065	0.14671	0.14645	0.10218	0.88861
0.22327	0.41995	0.34142	0.71987	0.52244	0.4461	0.1474	0.13906	0.18467	0.1911	0.21068	0.22437	0.14567	0.14374	0.83961
0.25933	0.3899	0.32777	0.76037	0.55935	0.46498	0.13588	0.12526	0.24908	0.15978	0.21482	0.16852	0.14369	0.10459	0.87371
0.25904	0.46176	0.29864	0.77134	0.54493	0.39542	0.11791	0.13928	0.21415	0.17691	0.18652	0.19051	0.10979	0.15389	0.83566
0.22438	0.41847	0.31744	0.71479	0.51765	0.48106	0.13055	0.14108	0.13145	0.19808	0.20364	0.20523	0.14938	0.11674	0.84341
0.28274	0.42281	0.30893	0.81436	0.52906	0.41884	0.10643	0.11219	0.2684	0.2068	0.23533	0.20495	0.11384	0.11222	0.87175
0.24633	0.40989	0.35764	0.73191	0.51056	0.4747	0.13799	0.12925	0.22089	0.1619	0.1551	0.16543	0.10662	0.12205	0.78928
0.34018	0.36604	0.29054	0.74784	0.54362	0.37236	0.13157	0.18182	0.16576	0.17749	0.15575	0.17854	0.10896	0.08905	0.85766
0.24564	0.44445	0.32064	0.78743	0.51165	0.58193	0.12902	0.10961	0.23817	0.22189	0.19215	0.25065	0.12894	0.1309	0.85818
0.23506	0.36386	0.38963	0.76366	0.5533	0.57126	0.13901	0.12224	0.24322	0.19916	0.2209	0.20148	0.15089	0.15916	0.85174
0.21978	0.42943	0.31781	0.80467	0.54327	0.51797	0.10821	0.15856	0.24655	0.26477	0.15752	0.17768	0.15128	0.1	0.86636
0.26677	0.38492	0.26429	0.80935	0.52062	0.50424	0.11486	0.12774	0.2332	0.23449	0.19349	0.2574	0.14212	0.11227	0.82899
0.24485	0.39635	0.32444	0.78659	0.5703	0.58462	0.09451	0.13825	0.2044	0.28581	0.15273	0.14122	0.15435	0.13038	0.86536
0.22266	0.40309	0.28622	0.76038	0.54745	0.44471	0.09179	0.19409	0.19917	0.2438	0.16709	0.23423	0.1076	0.11401	0.83137
0.32837	0.36248	0.37997	0.74289	0.57555	0.59608	0.10034	0.08849	0.19643	0.1669	0.17686	0.18251	0.15048	0.14292	0.82672
0.16034	0.433	0.29174	0.73875	0.53124	0.47477	0.10313	0.13743	0.20418	0.18201	0.21051	0.19847	0.13433	0.11267	0.8262
0.29866	0.40828	0.31016	0.77835	0.5585	0.38539	0.0831	0.14971	0.20846	0.20549	0.21883	0.16913	0.13178	0.12468	0.83685
0.28971	0.43541	0.31895	0.76732	0.53933	0.4585	0.11743	0.18589	0.2019	0.20055	0.20424	0.25978	0.10815	0.08837	0.83221
0.25979	0.45735	0.27745	0.82823	0.60495	0.37529	0.11405	0.14638	0.16487	0.21294	0.20057	0.17456	0.1032	0.13125	0.8041
0.26058	0.38124	0.2997	0.79061	0.63099	0.41571	0.11393	0.13703	0.19263	0.16155	0.19738	0.17796	0.12465	0.09697	0.82916
0.24032	0.44828	0.20712	0.70555	0.55608	0.506	0.11678	0.14463	0.21128	0.20216	0.15944	0.19131	0.15385	0.14011	0.8226
0.2597	0.40048	0.37569	0.74956	0.58979	0.46766	0.13632	0.12623	0.17733	0.19893	0.23982	0.20764	0.13914	0.10538	0.8686
0.30124	0.38085	0.26562	0.79967	0.54089	0.446	0.17486	0.1143	0.2467	0.19181	0.18801	0.12432	0.12302	0.14645	0.85031
0.33784	0.43122	0.24707	0.7909	0.53361	0.4117	0.11717	0.09977	0.17188	0.23083	0.14704	0.14765	0.12695	0.10017	0.83906
0.28663	0.40471	0.31506	0.73493	0.57195	0.44023	0.15753	0.14701	0.19926	0.18517	0.1569	0.22955	0.13025	0.11264	0.8379
0.33104	0.377	0.3121	0.77771	0.54368	0.44187	0.14904	0.14519	0.21073	0.18012	0.1827	0.18615	0.12626	0.11604	0.85137
0.3311	0.51217	0.29566	0.80999	0.58316	0.43241	0.13513	0.12619	0.17725	0.1842	0.18398	0.22237	0.14581	0.11419	0.82352
0.245	0.48218	0.29759	0.80264	0.58229	0.54586	0.11321	0.11447	0.2002	0.15618	0.19134	0.2003	0.10867	0.13023	0.87734
0.3285	0.40845	0.26967	0.75034	0.52939	0.37839	0.13751	0.15166	0.21113	0.17907	0.14548	0.22219	0.10705	0.15268	0.82646
0.30142	0.42437	0.3608	0.75697	0.60027	0.49344	0.13883	0.09163	0.21452	0.1691	0.16328	0.17821	0.10784	0.12565	0.86807
0.34331	0.43512	0.26833	0.77352	0.57428	0.43686	0.14508	0.12345	0.19946	0.32983	0.16532	0.25228	0.13861	0.11148	0.85574
0.35545	0.44035	0.27277	0.77402	0.56121	0.34101	0.08845	0.12478	0.25884	0.20735	0.16517	0.19428	0.12194	0.11241	0.84306
0.28514	0.45829	0.32461	0.81023	0.57365	0.44029	0.13244	0.13268	0.1945	0.2331	0.2169	0.22245	0.13741	0.10741	0.86355
0.26201	0.4409	0.37131	0.80671	0.54874	0.54084	0.10103	0.11083	0.16977	0.21521	0.1836	0.22351	0.1418	0.14231	0.81366
0.22707	0.52848	0.30882	0.80407	0.51684	0.45263	0.1557	0.12075	0.21313	0.17225	0.20402	0.20688	0.1455	0.13793	0.86441
0.26135	0.49262	0.30988	0.78748	0.49981	0.47717	0.16562	0.1592	0.18719	0.18322	0.24899	0.21642	0.11446	0.1093	0.86539
0.30162	0.50215	0.32012	0.79925	0.56524	0.56583	0.12149	0.12528	0.19198	0.17926	0.23022	0.25031	0.14119	0.11607	0.84139
0.27406	0.5238	0.37946	0.76726	0.50883	0.45409	0.1651	0.13726	0.28962	0.26279	0.1905	0.1826	0.15815	0.12348	0.83226
0.25259	0.49571	0.33659	0.8335	0.53851	0.53859	0.13233	0.11308	0.19788	0.16624	0.18246	0.17294	0.15059	0.09194	0.86063
0.2507	0.47123	0.32595	0.84539	0.5889	0.43311	0.17799	0.11403	0.26029	0.1256	0.1812	0.18081	0.14537	0.12271	0.84527
0.34554	0.51833	0.29338	0.7948	0.50657	0.45689	0.15038	0.11911	0.1982	0.22147	0.18547	0.17555	0.1483	0.12394	0.86486
0.33914	0.50105	0.29174	0.79051	0.58001	0.42896	0.14864	0.13992	0.1791	0.25097	0.18751	0.19103	0.13101	0.15793	0.84793
0.3333	0.49392	0.29773	0.75834	0.45056	0.37671	0.10681	0.10948	0.23286	0.19278	0.17183	0.16864	0.17641	0.11219	0.83248
0.264	0.51644	0.28624	0.77876	0.54806	0.39304	0.09337	0.10672	0.19414	0.27009	0.22124	0.22669	0.11536	0.11303	0.84517
0.27917	0.41049	0.32697	0.79643	0.51006	0.43673	0.10722	0.09829	0.23285	0.21563	0.1647	0.26539	0.14481	0.11819	0.84471
0.3184	0.44109	0.33245	0.80489	0.5767	0.49382	0.09836	0.1218	0.16613	0.22044	0.18475	0.17674	0.17815	0.13038	0.84207
0.44116	0.45659	0.31981	0.74368	0.55702	0.46614	0.09463	0.12283	0.16527	0.18214	0.21372	0.19277	0.16205	0.13522	0.81547
0.35449	0.44453	0.29285	0.67434	0.50898	0.40927	0.13815	0.1317	0.22793	0.23864	0.21848	0.16141	0.0989	0.10878	0.87689
0.22605	0.4445	0.28058	0.77821	0.4917	0.48108	0.09642	0.11066	0.1889	0.29712	0.16946	0.18121	0.14675	0.1065	0.85552
0.25162	0.42191	0.36842	0.74687	0.59049	0.41887	0.11528	0.103	0.20815	0.22346	0.17402	0.24106	0.1509	0.13004	0.85537
0.22253	0.43741	0.27253	0.76544	0.50872	0.52734	0.12984	0.09605	0.20388	0.17719	0.169	0.15372	0.11084	0.13475	0.83128
0.32561	0.4196	0.29148	0.83446	0.48895	0.4268	0.17424	0.14131	0.16688	0.20899	0.13522	0.13386	0.1564	0.11212	0.86789
0.19642	0.49534	0.29346	0.764	0.55063	0.3752	0.14518	0.1059	0.20636	0.12898	0.17063	0.18455	0.12404	0.13552	0.86858
0.23447	0.43588	0.2886	0.75319	0.52019	0.41805	0.11048	0.11088	0.2296	0.32542	0.20324	0.18849	0.11775	0.16539	0.8358
0.30928	0.44719	0.27018	0.80431	0.51811	0.50823	0.09931	0.11829	0.19593	0.19936	0.21009	0.16587	0.10915	0.10849	0.88074
0.29407	0.49278	0.28145	0.77476	0.5808	0.3871	0.13443	0.13835	0.18472	0.17906	0.20772	0.22898	0.14921	0.14218	0.84896
0.29578	0.49543	0.30093	0.73551	0.53662	0.47025	0.12745	0.12648	0.26561	0.20326	0.18074	0.23054	0.15372	0.15651	0.87733
0.28204	0.51363	0.32949	0.7568	0.50024	0.47203	0.10948	0.13673	0.27274	0.22343	0.16063	0.24877	0.13143	0.11568	0.83099
0.29136	0.44656	0.28333	0.81368	0.5237	0.38756	0.09761	0.12623	0.18533	0.15181	0.23392	0.23446	0.1324	0.12372	0.85595
0.29752	0.43068	0.31505	0.77929	0.51978	0.3887	0.11297	0.12969	0.24747	0.23189	0.17049	0.204	0.16371	0.12147	0.85162
0.30429	0.42657	0.26476	0.79471	0.52403	0.49574	0.11207	0.10484	0.19725	0.25552	0.17036	0.18977	0.15928	0.14295	0.85279
0.22767	0.42813	0.29026	0.67859	0.54734	0.38299	0.11508	0.1302	0.18417	0.16746	0.20715	0.19429	0.14347	0.12442	0.84977
0.24423	0.45281	0.30992	0.76666	0.5914	0.53687	0.13748	0.12998	0.21302	0.22881	0.19366	0.15973	0.09242	0.12114	0.86675
0.33086	0.48443	0.27334	0.69313	0.55037	0.41145	0.15037	0.13628	0.18549	0.23807	0.14622	0.21609	0.1465	0.12788	0.87445
0.24218	0.45414	0.36075	0.80572	0.53974	0.33542	0.10334	0.12587	0.18354	0.16562	0.17636	0.16975	0.15013	0.10623	0.87222
0.31789	0.49854	0.28032	0.78379	0.55448	0.48515	0.11263	0.09699	0.26832	0.27069	0.20288	0.17947	0.12766	0.13616	0.83323
0.29542	0.46364	0.30856	0.80196	0.53852	0.49735	0.12723	0.14271	0.18168	0.2152	0.20557	0.1648	0.10823	0.15539	0.84773
0.34266	0.47399	0.30192	0.80362	0.55362	0.60978	0.15546	0.09652	0.1504	0.22315	0.17981	0.15927	0.1442	0.10399	0.83207
0.32748	0.45126	0.31597	0.7698	0.51149	0.49789	0.10161	0.12256	0.27108	0.23237	0.21461	0.17903	0.12393	0.13029	0.83673
0.309	0.45601	0.26542	0.8004	0.52728	0.46203	0.11573	0.14675	0.21281	0.17354	0.2233	0.16291	0.17411	0.1147	0.87322
0.33048	0.48976	0.28939	0.74616	0.60035	0.39451	0.07292	0.11695	0.23678	0.24555	0.17653	0.17165	0.14223	0.11041	0.85101
0.26235	0.51282	0.30505	0.7944	0.47751	0.48913	0.09621	0.1388	0.24135	0.20631	0.17625	0.1878	0.12167	0.10064	0.8531
0.35594	0.44685	0.29881	0.74693	0.49748	0.5258	0.13577	0.12762	0.23576	0.26618	0.20753	0.21415	0.10146	0.09382	0.83802
0.36468	0.44869	0.3436	0.82143	0.49798	0.36042	0.09291	0.1499	0.20106	0.21308	0.23745	0.17774	0.14308	0.13843	0.8509
0.26835	0.46496	0.29287	0.79068	0.53898	0.52175	0.11764	0.12565	0.19973	0.32499	0.16255	0.17714	0.14984	0.14669	0.84729
0.21305	0.46219	0.29394	0.79532	0.51248	0.42619	0.0857	0.14275	0.18011	0.24177	0.19108	0.20258	0.14705	0.11453	0.85455
0.28222	0.44272	0.34193	0.79227	0.54186	0.51332	0.15779	0.10621	0.19571	0.19483	0.14423	0.17045	0.1163	0.11383	0.82141
0.2881	0.44477	0.35246	0.77486	0.4983	0.4513	0.12264	0.15829	0.22516	0.17019	0.13116	0.21992	0.12361	0.11256	0.87432
0.34018	0.40306	0.32552	0.74128	0.56522	0.42208	0.1536	0.12245	0.1766	0.21111	0.16158	0.18149	0.10622	0.123	0.84925
0.2937	0.42587	0.35647	0.74231	0.49674	0.43189	0.13068	0.09222	0.16378	0.19909	0.17519	0.18278	0.14801	0.10764	0.84917
0.42757	0.46372	0.27859	0.78272	0.53231	0.47824	0.13544	0.1446	0.23092	0.21019	0.21029	0.23766	0.12956	0.10414	0.83916
0.39522	0.43192	0.28466	0.74722	0.54453	0.43951	0.11094	0.16002	0.19804	0.21077	0.18012	0.17452	0.16526	0.10369	0.86647
0.26451	0.48216	0.33627	0.7366	0.49354	0.53158	0.13675	0.10079	0.22478	0.16446	0.18872	0.25296	0.13464	0.0984	0.85238
0.24927	0.45647	0.2995	0.77514	0.49377	0.40222	0.13982	0.12114	0.18089	0.23635	0.21161	0.23401	0.13845	0.13076	0.8803
0.257	0.45923	0.3454	0.71289	0.46963	0.44072	0.09589	0.10715	0.17681	0.28125	0.18084	0.15548	0.13821	0.11525	0.84822
0.316	0.49302	0.28936	0.80381	0.59305	0.52297	0.12423	0.11975	0.19851	0.25323	0.15885	0.16974	0.15262	0.12504	0.85893
0.28596	0.48515	0.29257	0.66199	0.5464	0.38993	0.11309	0.12286	0.21117	0.2567	0.22293	0.20065	0.11165	0.11752	0.84754
0.25413	0.50574	0.32794	0.76654	0.52226	0.48016	0.09439	0.15071	0.20528	0.15705	0.21421	0.13716	0.10914	0.13206	0.8373
0.30199	0.43021	0.32516	0.8091	0.54009	0.48391	0.09259	0.12457	0.24602	0.24467	0.21787	0.17614	0.15751	0.10795	0.87837
0.30714	0.45322	0.32559	0.7257	0.5273	0.4627	0.0971	0.14081	0.23475	0.23777	0.18536	0.16383	0.10706	0.10991	0.8972
0.20578	0.46547	0.28946	0.77314	0.48884	0.45028	0.14037	0.13809	0.17561	0.23684	0.19504	0.23602	0.16304	0.12341	0.89583
0.24546	0.45994	0.3159	0.76071	0.47341	0.43654	0.09049	0.12105	0.23002	0.17962	0.191	0.20372	0.13983	0.13003	0.8857
0.35916	0.41854	0.27729	0.75583	0.53454	0.41907	0.09621	0.11917	0.25334	0.18478	0.18163	0.18404	0.10138	0.10262	0.85805
0.36548	0.45149	0.28628	0.75432	0.53241	0.39251	0.11203	0.13434	0.22453	0.24515	0.17459	0.18215	0.12858	0.11798	0.88145
0.30628	0.47949	0.25981	0.7548	0.55331	0.47097	0.14068	0.11768	0.19543	0.20222	0.1779	0.19615	0.11789	0.10605	0.86054
0.29331	0.45498	0.32372	0.78348	0.51893	0.37002	0.14162	0.15115	0.25975	0.18751	0.20395	0.2311	0.12884	0.10898	0.85152
0.45651	0.49749	0.35576	0.74586	0.55104	0.46655	0.15156	0.10652	0.19217	0.16948	0.18864	0.20546	0.1172	0.09969	0.87645
0.39876	0.48638	0.2911	0.80226	0.5465	0.42116	0.1169	0.13709	0.16423	0.1771	0.18424	0.16032	0.12403	0.12484	0.87433
0.23858	0.46397	0.26437	0.76115	0.51393	0.41442	0.17362	0.10712	0.20603	0.20687	0.222	0.17183	0.14248	0.10826	0.86101
0.2826	0.50463	0.30439	0.77168	0.5616	0.50972	0.10873	0.12059	0.17799	0.17058	0.23112	0.22618	0.10864	0.14974	0.85096
0.41304	0.46991	0.28476	0.79853	0.50549	0.39268	0.1193	0.1356	0.18361	0.21444	0.19859	0.13765	0.15435	0.13307	0.84612
0.43643	0.45974	0.25501	0.78338	0.57385	0.44253	0.13153	0.11552	0.21157	0.19	0.2195	0.18237	0.16223	0.09059	0.85042
0.38775	0.40976	0.30159	0.74003	0.54835	0.43335	0.13083	0.11946	0.20221	0.16127	0.18641	0.14894	0.08408	0.11439	0.81921
0.27922	0.46493	0.29001	0.72724	0.5271	0.50995	0.14144	0.11139	0.24494	0.15717	0.22596	0.17877	0.09217	0.13896	0.8317
0.3892	0.4322	0.34257	0.78856	0.56936	0.43401	0.14323	0.15692	0.21987	0.21595	0.17542	0.16841	0.1242	0.1212	0.85946
0.29766	0.37206	0.34681	0.73322	0.55509	0.49091	0.15663	0.11558	0.23853	0.14785	0.17757	0.18293	0.16729	0.15107	0.8344
0.25493	0.50652	0.31621	0.74951	0.45857	0.39142	0.09889	0.10556	0.17267	0.31264	0.21819	0.23885	0.14118	0.10228	0.85704
0.36602	0.52621	0.28617	0.76435	0.58044	0.51532	0.10147	0.1157	0.19399	0.14774	0.15606	0.19105	0.13508	0.10493	0.81171
0.35339	0.52142	0.33473	0.72808	0.56524	0.4268	0.12849	0.11739	0.18392	0.1779	0.10301	0.18994	0.17997	0.14122	0.82698
0.3449	0.49608	0.28938	0.72804	0.59898	0.48107	0.13118	0.13727	0.18538	0.21822	0.19712	0.22947	0.11871	0.1222	0.83623
0.2747	0.43566	0.25835	0.76227	0.62084	0.41372	0.11361	0.14458	0.21514	0.15365	0.1788	0.25634	0.16679	0.13085	0.84641
0.21656	0.50778	0.27857	0.70261	0.58265	0.42296	0.16548	0.12228	0.21697	0.14038	0.21958	0.16025	0.12639	0.13236	0.80491
0.26633	0.46081	0.3215	0.71084	0.54205	0.43118	0.12264	0.11753	0.24226	0.2549	0.1684	0.19586	0.11445	0.15084	0.85973
0.21247	0.4453	0.30111	0.79413	0.59255	0.42257	0.0791	0.15409	0.20916	0.15829	0.13572	0.18223	0.16206	0.13009	0.86474
0.33224	0.46658	0.29123	0.76581	0.45069	0.44917	0.1509	0.13097	0.21303	0.16911	0.18236	0.17566	0.17943	0.13946	0.81306
0.26014	0.44362	0.36254	0.80729	0.59253	0.44386	0.17747	0.12606	0.15015	0.18665	0.18145	0.1957	0.12218	0.13801	0.82515
0.33889	0.49571	0.32832	0.77062	0.48118	0.36396	0.15813	0.1336	0.22947	0.31783	0.21828	0.2083	0.12041	0.10754	0.84986
0.31693	0.43369	0.33226	0.79682	0.49497	0.58056	0.11506	0.13697	0.18781	0.17486	0.19505	0.21604	0.12739	0.12005	0.80817
0.26838	0.43045	0.29496	0.74955	0.5083	0.50021	0.16364	0.12059	0.18915	0.17893	0.18038	0.19407	0.16944	0.12168	0.85495
0.30911	0.43277	0.33859	0.77055	0.60679	0.40816	0.11622	0.10898	0.22583	0.17776	0.21265	0.18444	0.13405	0.11527	0.86793
0.20505	0.41839	0.30615	0.76745	0.52249	0.41222	0.12834	0.08923	0.191	0.16067	0.1837	0.15618	0.12527	0.10771	0.84184
0.30826	0.42518	0.27931	0.74647	0.51286	0.4265	0.15306	0.1324	0.16366	0.17141	0.21694	0.24136	0.12556	0.10946	0.81903
0.37403	0.52288	0.28191	0.7776	0.58296	0.52555	0.12287	0.12139	0.20077	0.17498	0.2026	0.22756	0.14781	0.12736	0.80738
0.28633	0.43236	0.27187	0.80499	0.55662	0.61563	0.13487	0.13696	0.20003	0.15176	0.17775	0.18512	0.17103	0.12779	0.827
0.25941	0.40912	0.28561	0.77112	0.52156	0.38366	0.13856	0.12778	0.24427	0.231	0.18407	0.20003	0.1207	0.11922	0.87126
0.32692	0.43809	0.28818	0.76879	0.50258	0.50015	0.10949	0.09845	0.25659	0.15834	0.15622	0.20165	0.13583	0.08643	0.86926
0.29974	0.39488	0.25415	0.71012	0.53636	0.46064	0.18082	0.1187	0.21907	0.15287	0.17302	0.18879	0.12379	0.10088	0.86687
0.31978	0.47584	0.27679	0.76346	0.54617	0.45375	0.11763	0.1385	0.19384	0.17932	0.22248	0.23245	0.12817	0.1098	0.80791
0.37858	0.5135	0.27207	0.73807	0.55037	0.48428	0.10252	0.12573	0.26267	0.20122	0.23257	0.23076	0.11729	0.07197	0.85847
0.32568	0.45911	0.26525	0.82417	0.50297	0.50373	0.15139	0.12261	0.15563	0.16861	0.20031	0.20232	0.13647	0.11287	0.85096
0.26411	0.40381	0.27765	0.76273	0.56872	0.34972	0.12671	0.12394	0.207	0.16713	0.12063	0.20563	0.12482	0.13937	0.85557
0.32464	0.42537	0.30286	0.7904	0.48661	0.50349	0.17187	0.11893	0.18477	0.16832	0.20527	0.19022	0.14798	0.11685	0.8438
0.29392	0.42762	0.35754	0.79801	0.54076	0.39879	0.14593	0.1071	0.22637	0.176	0.21327	0.1879	0.14596	0.13953	0.85803
0.29037	0.45694	0.25165	0.75164	0.50571	0.35323	0.1127	0.10912	0.23996	0.23358	0.15487	0.19969	0.12144	0.09778	0.86635
0.35791	0.3932	0.31898	0.7413	0.50825	0.49437	0.1179	0.1288	0.26938	0.2322	0.16548	0.20136	0.15454	0.13734	0.81796
0.40382	0.43343	0.30667	0.76943	0.58543	0.49022	0.11714	0.0957	0.21319	0.1975	0.20356	0.16621	0.12185	0.12322	0.85637
0.2745	0.50639	0.29976	0.77536	0.49808	0.48945	0.09137	0.13022	0.2108	0.12858	0.16793	0.17646	0.15202	0.11158	0.84299
0.32707	0.43646	0.23875	0.79203	0.54015	0.45103	0.08615	0.10569	0.21664	0.18321	0.18811	0.21534	0.13447	0.12594	0.83602
0.26993	0.48503	0.29651	0.79019	0.46727	0.46412	0.10597	0.13025	0.25005	0.14106	0.19316	0.22083	0.14717	0.11118	0.84236
0.30712	0.4256	0.30748	0.76804	0.53414	0.44418	0.10607	0.1522	0.21439	0.19249	0.20189	0.21817	0.12258	0.13466	0.86402
0.33052	0.38334	0.28938	0.81132	0.47245	0.40036	0.10551	0.12032	0.18842	0.23671	0.16962	0.18987	0.11087	0.13291	0.83362
0.24928	0.42648	0.30001	0.7896	0.49712	0.44792	0.08784	0.0948	0.27285	0.20062	0.17093	0.16339	0.15882	0.12366	0.87338
0.34361	0.49494	0.29424	0.81013	0.52421	0.41786	0.12766	0.13607	0.22869	0.179	0.1532	0.16277	0.12983	0.10771	0.82735
0.2381	0.52463	0.28012	0.78518	0.4856	0.41278	0.14243	0.1517	0.21679	0.19551	0.19849	0.19506	0.13355	0.1177	0.86414
0.31609	0.51137	0.29441	0.68919	0.49867	0.45889	0.1263	0.13455	0.20894	0.16163	0.18995	0.21271	0.15106	0.10875	0.8409
0.28323	0.43622	0.32449	0.75062	0.47655	0.43226	0.15056	0.11806	0.19547	0.18992	0.20372	0.19602	0.1072	0.10782	0.847
0.2547	0.47817	0.31819	0.75819	0.52416	0.43233	0.13038	0.12458	0.22446	0.24292	0.18818	0.20313	0.15694	0.09523	0.82183
0.27518	0.46904	0.29588	0.78113	0.50975	0.51049	0.12193	0.09991	0.21286	0.21984	0.18661	0.19118	0.11924	0.13329	0.85658
0.28618	0.44067	0.30247	0.7885	0.48123	0.4479	0.17403	0.12481	0.19374	0.17262	0.16154	0.23151	0.13095	0.10557	0.87143
0.28028	0.44117	0.32669	0.72882	0.58335	0.43549	0.13998	0.1061	0.21838	0.16115	0.16315	0.18183	0.155	0.11019	0.83134
0.27882	0.53999	0.32087	0.7453	0.51559	0.43579	0.13132	0.13241	0.22188	0.18188	0.21957	0.20364	0.14766	0.13076	0.8775
0.23208	0.55849	0.31918	0.7775	0.54849	0.54057	0.1275	0.11134	0.17677	0.17139	0.16089	0.22404	0.12722	0.12385	0.86857
0.35163	0.45727	0.302	0.72418	0.54521	0.42708	0.09995	0.10576	0.23112	0.1429	0.18892	0.20304	0.1156	0.1145	0.84151
0.21704	0.48698	0.33359	0.78767	0.54846	0.41078	0.11743	0.14342	0.23517	0.18303	0.163	0.25178	0.13308	0.07927	0.87531
0.36123	0.46831	0.31898	0.75556	0.55858	0.45257	0.1243	0.13579	0.16914	0.18719	0.17682	0.18576	0.15324	0.10345	0.85977
