mass_ratio	chirp_mass	luminosity_distance	dec	ra	theta_jn	psi	phase	a_1	a_2	tilt_1	tilt_2	phi_12	phi_jl	geocent_time
4.622168723402476	6.289806718684939	3.8337838074811432	10.169479562345026	8.43849250383371	3.3022345170943863	1.4168277926591426	1.557729897043584	2.7961092426367995	2.997209465038107	3.308122006880973	3.103377966649323	2.1426137206150235	1.7161816617650212	10.093130687772913
5.007707566142035	7.288476506446036	4.477117522288842	10.037187634431323	9.331115926872126	4.700634459689887	1.74489909244696	1.9468803724403299	3.0252496055212674	2.705230910707494	3.9117230050019156	3.9136715629947747	1.5441099045963962	1.0259293980927155	9.93611128122885
4.826749254537541	5.957477590285845	4.795966553487598	10.43146532853303	8.745548654118078	3.594236861755085	1.0182292092607195	1.307732950617984	2.6742295924040627	3.0336007333105757	3.193816808662196	3.573500770026521	2.2652696515839046	1.4201997555298658	10.617105316363231
5.9142618589513924	7.506225373275198	4.4787259994449355	9.972871683932857	8.88318076628157	4.422262803510298	1.1872575924875333	2.3772605905752813	2.308466116414375	2.6424156450193714	2.815806733601468	3.3294371796084197	1.5349369070471997	1.4086565403188378	9.802873509738804
3.4893047422409875	6.516050598256056	4.195981081018179	9.548830256834162	8.74549193037783	3.6810304228826953	1.7144237623087177	1.4227107327541177	2.5341299451922406	2.9157739898293547	3.709165545229885	3.5929103218281284	1.2432397690386578	1.335005820531589	9.87866475464183
3.131440393410446	5.264491289812716	4.528508109250277	8.943816102496516	8.739837082643803	5.080059427962418	1.6156038444058625	2.027501531146536	3.464849244042554	3.4911975088741776	3.128094138869529	3.843161449605196	2.3158480550131713	1.5982160912421561	10.161118515370623
4.156468755177704	5.852573579298555	4.795864755291723	10.004578051979308	9.266776483648302	4.3191993430097275	1.3770569876613812	1.8508116968317956	2.8973953639530774	3.7120486471466787	2.9917487647947496	2.6144437721194516	2.0584577096406274	1.2744477427849419	9.94367482240723
5.400511110839785	6.669931451323713	5.19931540463236	9.018649971515243	9.828843700946312	3.9597549887984145	1.6262433204743088	1.8176868219493532	3.915611805166115	3.0377878169153805	3.032551946088088	2.7009376659905104	2.2483263981776944	1.059623360694147	10.553168313379725
3.782970127601508	7.30897978588605	4.368167985297452	10.313253462039555	8.766067408432418	3.7762167976722747	1.438978952991598	1.957093549651532	2.372458776960402	3.33856703457261	2.6733022391963814	3.3428413877695533	1.5454514408399749	1.3354684011118754	10.500125139972761
4.647182480977176	6.508133517263958	5.029509222866126	8.520884829637788	8.663923762055722	6.6998350541982825	1.770332504259416	2.3489092480616893	2.8471170601753277	3.551515649225001	2.8737239910783936	3.577873334192	1.9828728319962148	1.5298687751426778	10.18907477428493
4.726021004355267	6.597722991118773	4.678864529413866	10.264311888720993	8.968000498488763	4.886601399954935	1.3846874759457743	1.9481251093956828	2.7160742007285403	2.2353854859886284	2.6800285714693595	2.992171480548699	1.8352232242190158	2.3050593778232944	9.860389331837428
2.9170856973413835	5.354033418361764	4.281959866607563	10.64539032894457	9.89894968877256	3.7451926657406616	1.831563712836311	1.5401895195772732	2.855535060911258	3.0940786837231466	2.480655673827014	3.2753831686694106	1.2186311380155808	1.552777363983926	10.120544344140999
4.0574440937840555	6.699271803319383	5.176511455444944	10.186032302886018	9.018588113143842	4.6105409032096425	1.771637691965087	1.7450096481750854	3.28603312271387	2.873342823692131	2.632396015815808	3.2370731455329333	2.271031912270626	1.5512353568468553	9.69915489992733
4.923407020075114	9.357648938349392	5.303161982917661	9.385089693665757	8.60977857932876	3.878746794100587	1.9593771413687133	1.8090670723590998	2.869224410641831	2.807424135221734	3.701132444313083	2.63058043124326	2.2093427728202912	1.1875410702360556	10.595588208314352
4.908785888338593	7.972410384376279	5.154642360652834	8.826831597055975	8.380206407926451	4.683624585064317	2.7244380828112638	1.5688505722977135	3.3905802104865757	2.939530886573579	3.5411175874017276	3.1690574515658363	1.422670567477223	1.4404676181875091	10.001348221346072
5.017525278556228	7.316462638101776	4.570203215807459	9.8631685494692	8.035069776924225	5.404707614596085	1.580272296859043	2.707250683513665	3.303002244584693	2.6726234926552475	3.2610019041936167	2.692023598681456	1.491708677758118	1.562075812586202	9.983856213373036
4.558286842360523	8.448601809273265	3.961533849933451	10.302293489563796	9.301158633960892	4.036966879870325	1.825215979777991	1.8743427478887076	2.279407865454813	3.001580251178714	3.3139464206801614	2.6356035794154566	2.272393529910943	1.8574375351285402	9.908422574184764
4.053351817870008	8.674598874950899	4.419476805976908	8.826151131652296	8.635647892730981	3.738851161415158	1.7309766690986919	1.7232942008472507	3.052639479929559	2.4672036965151687	2.489865805009636	2.3373494382473607	1.7557897573695036	1.4556613191253585	9.90663730098464
4.80540260788411	7.9114862290456545	4.166338772615132	9.565665250699979	8.62363226721071	4.152672322799207	1.7976851572707202	1.6194248767920485	2.560072641021573	2.7427234015109874	3.179096733353867	2.710537071514147	1.9425214684193564	1.528937818121077	9.942611479735312
5.030166720404413	7.16798571852693	4.985202112033888	10.718252280993484	8.67449894190266	7.203177872798921	1.532230340134358	1.1676258295798854	2.195533800061234	2.994234368001284	2.9607889361539312	2.2139952321322527	1.8886633343278352	1.6397972757994819	10.50655056356933
6.110854196472374	5.4813872659952905	5.113301502681189	9.794475912270503	7.9120819493884875	3.858228460613511	2.132143220270617	2.162743391955885	2.301462098519672	2.892525153685744	3.9031717276132483	2.8705551434927576	1.8511612016512013	1.4594063804874151	10.142859228068797
4.826144617561233	5.033129775095774	5.4226209667410235	10.35482779467839	7.78695280117818	4.257318371175261	1.4851619786664236	2.1368341962317903	2.432357182352051	2.6368035034221786	3.531038584747566	2.3100306381455034	1.4162624744082182	1.8037741081688161	10.076174669756615
3.201336037323197	6.7329797301336605	5.196845318462365	10.997656804660926	8.797911318656418	5.890645788951117	1.8082194863207524	2.1216994208967614	3.1464738802210035	2.623773744442502	2.948069366793672	2.672228075097922	1.3028808489809607	1.8295132206562246	10.383618846428668
4.1393297301569945	6.325869352199679	5.049933883009884	10.18538209126172	8.832945991051147	4.580421412079436	1.7436795672938576	2.153335729434935	2.6622419787476677	2.817891527565347	2.8066988794993106	3.141315071034235	1.8932955752651568	2.1562733872015087	10.524873339116038
3.6522601131309442	5.195480183787452	4.60420459933995	10.913875554178752	9.397042856965212	4.662869451825387	1.5176923243360507	1.4626531764312878	3.2238369338468904	3.023339794377802	3.395017809542062	2.688265789851473	1.800457331813896	1.333620792818382	10.189257852579093
3.3319611503619346	6.1820587687148025	4.040591079888292	10.748630283512329	8.973443195141039	4.936164185486077	2.037191439741074	2.513981266780503	3.2547479856832724	3.303792992999463	2.8810831315289365	3.6004552346872654	1.6326992184100897	1.3370542550087519	10.744182308137136
2.9672352565661697	5.993284055369636	5.279836925838518	10.660268840628696	8.469497801860335	3.907553787560903	1.1655139562102863	2.694629683480378	2.3257914925953087	2.091104048442637	3.475849447622269	2.7935791423701217	1.6144865678457094	1.1841651347884554	10.434657649370777
3.6398078003724135	6.765404401827512	5.289838873052575	10.02394208975514	8.82115940940793	3.474148413229247	1.6118653788462762	1.7214427607635316	3.079422254296575	3.638037557013445	2.807025924520696	3.2242093494279898	1.2505585047774836	1.3717531443662287	10.297969498393028
4.258702126626913	5.3924529170519575	5.123103881224288	10.408304907590798	7.9129950002644	4.812734436201054	1.5023335321601456	1.542561039845952	3.5994259659446937	3.2508462778321476	3.419144728041768	3.1185553012056104	1.9503975349302907	1.3102668789446084	10.13746482344674
6.081793369406322	6.284321062369218	5.0862949374794795	10.218760136749998	8.697709926768496	5.0916491572816565	1.7917122687371008	1.747803968459187	2.564187361699743	2.6640712610370505	3.3240504715006582	2.901035175487633	1.7921826699618904	1.6072713958162277	10.051501977615876
5.691131172697403	7.379485940918052	4.595759096605417	10.002410450719697	8.238436092417855	5.110039778126963	1.4501277820303988	1.5718992789265365	2.0630324009676246	3.594416585822745	2.358057407473746	2.282227081521259	1.694786641253506	1.5558414908725402	10.204391843805237
4.799011687644781	9.016009487381547	4.3579531020837345	10.421043275503294	9.34025897342154	5.0780546288034545	1.301636980955989	2.2154060370351485	2.302858245211942	3.120285108368109	3.177904114300107	3.4014923673041237	1.3962814509504657	1.2275143205061432	10.493608956935695
3.629945045386611	7.782571810212368	5.546830521885133	10.890896722753594	8.601713408048353	4.738026658150244	1.676948504151182	1.9133238995092243	2.8958821829583927	2.826488445748811	2.634153992021866	2.3992259234349538	2.347183979816454	1.2351799923039148	10.07626843856279
4.0712631959152805	7.249708478678157	3.922380839411461	9.855790620655277	8.65078746340382	4.959478651421818	2.1106329120952863	1.209066300352001	2.722869926686527	2.3369734936357243	2.607953132985132	3.3241276724683666	1.9051303537991509	1.4268031495255236	10.499681395673816
3.1168908909601187	5.957837434748746	4.877856737255281	9.664519403759488	8.95262473109253	4.1807605702547725	1.6974078903734184	1.850346762350884	3.453101182457148	2.6224299328825995	3.075694111434122	2.259856769959304	2.024127776776317	1.5896583102437103	10.127555624077873
3.6468779884138542	6.0864014561438005	5.146709930715614	9.106716844529986	8.179063162392579	4.3437793859455445	1.2215274618102947	1.7703278325030996	2.627901115651068	2.4344696348774324	2.6960048337229208	2.7993850239081035	2.15272730960842	1.9550369895040123	10.208801656752266
3.524930172729007	6.527461906284418	4.668537138857869	9.873474137858677	8.838542394993775	5.311560283618528	1.6298094780424532	1.9231699483594373	2.7621744349446478	2.4066274336490454	3.170987054645051	2.9030014207441783	1.4866657046964913	1.8631754122214892	10.025703831379742
3.8417294566925837	6.490655939728866	5.308352545513932	8.851762752376795	8.293357488416754	4.784810249071643	1.9879590774107676	1.9625840344861567	2.609618799516438	2.138630181720802	3.348308956166092	2.7179289147310715	1.56608194604881	1.6937254078052144	10.118373311721507
3.889845587893192	6.8935145495377	4.789028401932236	9.542161511013218	8.441966528209512	4.081915121099447	1.5863141837409862	1.9611030316234723	3.351105334054995	2.219954563413055	3.174382054585137	3.63639349034866	1.849030553926288	1.576343786925539	10.118796911309195
3.3301940410048734	6.896305604283423	4.815426317039233	10.045888952806306	9.254143795658727	5.433592506675671	1.4183942398198008	2.1515916561506403	3.0565929863117645	3.10534636891212	3.177311767504721	2.5428239504364334	1.6843140486329078	1.569500281849829	10.83231423554366
3.4270705939284962	5.751699790833497	4.345676437775622	9.820139828786633	7.981437707335087	4.459362118024376	1.5740476174055358	1.9761304498940584	2.9434306660787057	2.6123788618309454	2.448657888240825	2.790136337234078	1.724381727353212	1.4487875416156157	10.212123507283104
2.3114450184330195	6.528964144696499	4.137298311382174	10.280083870096172	9.24534627418685	4.677890452384911	1.5998682698449151	1.5112333379449518	2.5910676368292873	3.3109323869241876	3.4124035030159314	3.115076014158503	2.0919594498086647	1.3715545793017063	10.48010907500013
3.503002603126132	6.544417600233248	5.458189100003985	9.790303620234658	8.343603084570558	3.9657442199796753	1.5739552795673295	1.8802997613587586	2.7780728811874154	2.625066412880009	3.1590328468162254	2.9801303504682353	1.9831722922729775	1.212829062459119	10.375329120678135
3.7298791606667367	6.289473439501884	4.627300530000244	9.771746830270871	9.159164770258775	4.520156498698633	1.8285785949303606	1.5839882772695373	3.011097881103277	2.568860705686767	3.051985423234016	3.2246371429090197	1.5501955144605706	2.1462919748219917	10.207173316858539
4.1292483135403195	7.051574851287721	4.900296900155574	9.644090491167322	8.489102790821812	5.22221024978076	1.5888577223265377	1.8756599542221897	3.0299984972263303	3.6722945300781933	3.356778232893368	3.2360145768348425	1.4294943239622477	1.579026183156634	10.07750951086809
3.131019802893555	6.24315636815635	5.100070353550563	9.726307544409526	9.13476270001474	4.475008839964889	1.3625716477687255	1.9953546917737226	2.919411400242632	2.366877258111195	2.8925823732851508	3.6019501554438302	1.516685976704077	1.741743721647371	9.728362908639285
2.8214848834833934	5.712814095407881	4.611900612983594	9.02292230244115	9.219271962315798	3.878336195412357	2.1212169584721807	1.4930044622691845	2.512090845404007	3.309684632860662	2.7458045626871472	3.080105715486693	1.900369090047979	1.8935704291897795	9.820228391902726
3.9063113420410254	5.875724210122627	5.808150997239071	9.456034840885488	8.51159610707292	4.461673224965105	2.052480803472563	1.6081898694867631	3.0059642081480695	3.013546314220756	3.21955957149155	2.981080063454614	1.3528269246305524	1.028834017650971	10.039175792275223
3.8426693268324157	6.5523050512705785	4.334014154452623	10.223687776507333	9.227034867155888	3.693797973355542	2.243909379215936	2.1504348693089126	2.7686589241830206	2.156082916017849	3.491133702236877	3.653217405999507	1.738155569939013	1.5764285922838293	10.176847012585075
4.282115906491598	5.892586653101971	3.984689992172485	8.77831921237764	8.760665402872796	4.179602374605561	1.3211165929237312	1.526913177753885	2.711235865092068	3.62262695498351	2.0837869432112592	2.804526458676113	1.4413736100319632	1.4666155647121866	10.349824692089829
4.3576534057236085	6.597581493124991	4.732657495906406	9.230142198648977	8.527880713089322	3.8755200816300692	2.1634008380654604	1.8568276739883232	2.569903197788488	3.6909855355001793	2.6867038616784367	2.958633033773413	1.4492930828193602	1.771019086787791	10.353437553613302
3.904845743048718	6.371529093719619	4.83308190154272	9.676866251647871	9.357033514540541	4.995220005699785	1.3996924920523626	2.0926967925715436	3.3949875781128043	2.2804146542215453	2.86451235626055	3.465101374537117	1.472785827477374	1.1730823717635723	10.16864241227853
3.4362332188701012	6.78650871442069	5.512510089175261	9.999118914371518	8.622932504636783	5.605880826650384	1.769908236590258	1.7412173569970233	3.9910938182376117	2.8345362302927706	2.720611980280505	3.081594399281563	2.061391702184601	1.3527312622656158	10.352422261724644
4.724397345120421	6.642907517703407	4.869032808506544	10.21788053293252	9.797907167111806	4.735222259490061	1.4513686537558461	1.6405655200520608	3.1796549295495953	2.2008760669001677	3.653752932008855	3.194051364354338	1.3326310195124402	1.2895530275987572	10.052001461777882
3.832434391409171	5.841394553075721	5.202785783961169	8.770660969992194	9.24318988120685	3.762957487177654	1.5338366043894684	1.9029011186284879	2.837229521019282	2.7430464981250404	2.4474332915793036	3.493070012108861	1.3566035561738496	0.8543242208012162	9.915881419510047
4.027564330821519	6.098915409765057	4.196191837416712	10.4720269335129	8.070079582904782	4.843752229519379	1.2300552615569147	1.6232159122252086	3.2173858772267367	2.8192397842705517	2.2216180543975046	3.57006794861685	1.7985941365033025	1.1557871347214115	10.315009071265264
2.8138529715978255	6.2245326573042465	4.840393888540177	10.559173367752065	8.660226685645632	4.568314057341787	1.1413089193784705	2.060005320361602	3.606517015730052	2.757878196369212	2.5265064035469234	3.053181513828132	1.217890138966293	1.907842522836783	10.139536939016923
4.089006968897091	6.614661196359454	4.7306011147353475	10.582589446504436	7.844011361504317	4.3191269332611775	1.7358141518320553	1.611276737924475	3.816898740717238	3.3274517923897884	3.490956657382484	3.260622438984599	2.04433876363963	1.6937219164286532	10.21813551250294
4.831422682303997	7.268224209278096	4.140054437556736	10.304723666039012	8.177532720982986	4.921888945016143	2.044900638544948	1.2032596815266525	2.78948960580664	2.652306311852018	3.0613779468188866	3.0926733854439004	1.987819674047672	1.322560364008337	9.832481825811005
5.76414364277666	6.1030508607976675	4.668226102909481	10.518933245222739	9.081291800276661	3.138634084136374	1.4802228341351211	1.959162896190646	3.7063044035773354	2.6192529619411165	3.4077714865644793	3.420068919399509	1.5460557709273517	1.5750693845905952	9.94268968989899
6.672278391776487	6.434066561724934	4.62131074641618	10.123002113660537	8.230239090238364	4.419639056690578	1.8562718581011872	1.7543716618147316	3.2522366247551857	3.555373491035714	2.8720051170652403	3.17595116014563	1.9856987606479277	1.3313432774248226	9.822800024375104
7.345257621832245	6.299313888216614	4.356062093459567	9.565589831259494	8.58030168868771	4.922535471991878	1.5594124418779722	1.8336191577197942	2.24414079240525	2.5743171370815303	2.6969092146180675	2.9501214576573473	1.684211085471236	1.3192361405090187	9.817523974389065
4.813566422323709	6.209322717050522	5.29641968085078	10.60304200863894	9.211851504410848	3.9980419449851885	2.0771118685481444	1.6729679198656642	2.969980649640214	2.9784838337926742	3.3613557110919103	2.9066025942812415	1.795323076398935	1.6399466194115258	9.764681634185678
6.783082007543591	6.255811086552246	5.420968487280929	10.856278789873961	7.9471377667786305	4.979833477672082	1.1906239592730754	1.3688626551709366	2.7206798571288506	2.7528785679205185	2.6562492359327248	2.5739821062403414	1.7931782308837785	1.8395027340589465	10.354078134579867
4.976385011099159	6.8055500064931165	5.424413446768315	10.2249873290218	7.727150697011278	6.094873779440174	2.0520883047410488	1.9048110718989824	3.3758039715946433	3.029805450645446	3.789988360853046	2.640334925282234	1.694042254392771	1.2790818423226957	10.592237800650551
5.478305050016255	5.878021050164825	4.866379129381891	9.035735657417947	9.073553799062191	3.4568699509810568	0.9240135353076667	1.4519610823785332	2.982489141047486	2.706709285443351	3.270821853858622	3.227397142268198	2.0658534759116263	1.7064172676028413	10.079474221752669
4.61292184062382	6.549268146187103	4.141724420804868	9.518704448569782	8.93205116259413	4.287957946615388	1.3027787397643629	1.8748158139840518	2.967437842443249	2.91865347021487	2.4281365719462475	2.5196207793067424	1.6774761429043308	1.3674620024020792	9.872682159406542
4.83390819666882	6.535594225182104	4.855901034944666	10.110700811435642	8.756470009397319	5.4666088053925215	1.9481826559580608	1.7603271694657436	2.9106034388575455	2.0606223090668694	2.377430171923968	3.0837365632557945	1.871993220064181	1.3452409733227135	9.917299427414465
4.600751102322307	5.971875196650741	5.204749102646801	9.335047341227536	9.16987197926833	3.8265042666749363	1.6602467831458876	1.359083805386425	3.3203025584965737	2.6137974357613314	3.1765621389457075	2.889524518607272	1.9724463013597395	1.834861224782611	10.021094693270618
5.4689492557518316	6.619956501286384	4.805677978548048	8.597081357416316	9.21131513096486	3.9427611332805923	1.7377971534937602	1.391601192217186	2.9979937466280844	3.1994372119884367	2.4385824556806606	2.884096218492609	1.2168858215797327	1.868843200160427	10.436806196459075
6.040244118462621	6.121390464028794	4.477904303742997	9.255480922870333	8.916966941472447	5.570938157881988	1.8434150430339118	1.6161705919780176	2.860484492622918	3.263699893072657	2.9221642627708584	3.284782897711372	1.1717424144017519	1.2949266328211992	9.891937532856593
5.475038880982311	5.763037949456381	4.484522041529965	9.892843421065233	8.847762146958251	4.550506921804797	1.4578159105387805	1.6562229548095802	2.9756724699170225	2.7029877263252087	3.113661320540913	2.91537718857541	1.5605399404351026	1.6997913381681646	10.427211761374279
4.962707559703783	6.675281252975433	4.61921404956904	10.176376566185926	8.462957146714256	3.9678705074191085	1.6091205437974594	1.787024953071155	3.6304317407590503	3.5460540055307592	2.534654980538497	3.2884858168495525	1.5394234620621803	1.6182538741987205	9.696616873321233
5.315151169800861	6.588588293086135	4.878892502974223	10.7192698913021	8.367830378239494	5.568990682486205	1.8676649639483098	2.1488416526413263	2.4899734197230856	3.804961586973542	3.0739532793994457	3.116816131367308	1.7839335775404517	1.5743111504260225	10.439329708493092
6.189502795423581	6.8708320047005484	3.7100251490417024	10.408897826662956	8.498540183242355	4.941731864903701	1.5584925203934354	1.748360975819417	2.197436774866544	2.4848647645626007	3.0312201923751068	3.0394027690194867	1.9950244488913136	1.7556937737580598	10.363179455642937
3.897881444386802	6.9725936346865325	4.628384953402888	10.093214115503843	8.447182694786713	3.706897118788448	1.0524082080991883	1.707162027951923	2.9157512560166303	2.967070462921875	2.79062734396456	2.6326837321487155	1.3825006586117938	1.502480675407615	9.96643979559116
4.731951531128706	6.752671395708335	4.809781311932417	8.247906299966571	8.502538635712664	4.1064843875421095	2.0202713623780717	1.4757097813396443	2.5983433607284785	2.338706105554583	2.329231936484472	2.810585467673774	2.5491678256367387	1.1552872547706523	9.836140684954318
5.045463277498139	5.807042865177288	4.321519343202872	9.866050093372122	8.887922730744842	3.8077656319505935	1.5872572628630133	1.8557628713164662	2.910751495631549	2.9139230619735557	2.5160924599747014	2.224863358313053	1.610108172866069	1.910471102858583	10.016909784654338
4.174343404058521	6.882164140742489	4.544059665910955	10.342521391034474	8.896842101222012	4.874388194161858	1.5819212238452334	1.5302701201767148	2.3941262555908187	2.5575072826429817	2.504848612797143	2.815679109920968	1.7220043881891416	1.3537508815796395	9.984567759604317
4.308166034148264	5.485022223858083	3.8771354618373226	9.69977415997182	8.340297100156018	4.721897127572501	1.3843205391831752	1.5244456237411679	2.5770457504579576	3.3636375164875933	2.656997189107365	3.0009499148046745	1.2502792857958385	1.7292863778244683	10.453645063806508
5.087797351365733	5.202361702188388	3.610254003477091	7.282737603049394	8.281925393498428	4.689315749224468	1.8075180721329505	1.9692066756429527	3.5440140244468408	2.7081261109066856	2.6791058619078725	3.8364479991469835	1.6003197908105604	2.2077023561859526	9.463236799601992
4.821352418688564	6.31426942546029	5.064837331765449	8.386006024691468	9.115991454260977	4.61430205066984	1.7458661053418971	1.8833606765624857	2.6010002762426083	3.7195098175123937	2.241275435218964	3.7019065900834844	1.99666666686302	1.474657384151656	9.844030997693972
5.14462303680168	7.186025163464938	4.997140574927092	7.782391263991394	8.754345964957155	4.756611951592079	1.5106506488302363	2.0300062384570716	2.3807487491925974	1.8106517445582646	2.947237097228101	2.9246400135702317	1.533625212865442	1.5687557838925426	9.794465572283086
2.955716450894589	6.744202466192792	3.807384235742528	9.337983119268873	8.550739877891903	4.978506656943127	1.6702605363268728	1.180260046396769	3.2853759216986083	2.228345738303668	2.7688293828950923	2.6489809424498802	1.7027950221927375	1.6847270027999404	10.212784293751595
4.305587187934256	6.754725916250465	4.847380642684137	9.115048778987063	8.83117762135204	4.063621898569699	1.6740828009436008	1.2425288583004008	3.0893852256229946	2.2997789464531464	3.080917656416879	2.406483683513154	1.953391612690554	1.4166049444349686	10.152711096184023
4.092598944101805	6.4489187917930515	5.883879407683511	10.820821412700269	8.898415111569978	4.344813781336044	1.7526254469168479	1.9156515898934183	2.96001801708509	3.1451917170165413	2.9354126276843684	2.3567742207547218	1.3586286576561901	1.1862315444958016	10.127174015459824
3.898676080239245	6.0558462241217645	4.191778248135981	10.284323103376396	9.683121562319753	5.254134058964076	2.1973777099596923	1.5878650726295929	2.7387420547931423	3.4459915487756114	2.8905848454731986	2.4433928627103434	1.9788664757186534	1.7968664525694429	10.027677551525807
5.092258224146848	6.75266505929321	4.303915156533983	9.906256742438746	8.207379973346363	4.667053853636553	1.2721625916501258	2.1476009350465084	2.322523029792832	2.273867691708529	3.150599662469254	2.773090965271359	1.585714592191241	1.6662944944877642	10.120280321039248
3.853939815870081	7.670161552902493	5.188904739951692	10.554609238143978	9.491097632502376	5.47519593698565	1.7801725735924716	1.2999431712288685	3.0571707652653037	3.347951796618872	2.727690431958876	2.561584468803257	1.9898285932852646	1.83337583037343	10.228878525959038
4.634693444905892	7.7770187270231945	5.646066116361081	9.221244276397593	9.058314803057907	4.349910448791925	1.7462100871186994	1.4209125391697566	2.6817002622468986	3.093219982806477	3.207673837804636	2.913897019193492	1.8753922829712395	1.6725777244663707	9.960074603936835
6.018074708469888	6.458165098996044	5.418070964046853	9.812084292453733	8.487438952405178	4.258626032457344	2.149985045318842	1.7661660889690967	3.222168032977615	2.9890634034981565	3.396337459084174	2.9821191253805193	1.4106808076335828	1.003638451936492	10.5499871915091
3.5761573749665856	6.713043754013177	4.959754134247712	9.101224349282935	9.320631174409247	5.458671207973518	1.6593926840601823	1.6276846485295426	2.4347303110293685	2.8528383656600225	2.8264486040953347	3.0951242522387186	1.3634339239965887	1.1662295209556452	10.119658410588245
4.296691688238837	6.998753020357589	4.988701604310442	9.770384192397957	8.788690557607305	4.460789201370428	1.7285783249150195	2.33074621823088	2.555775535231936	2.380830633262763	2.9100196118335755	2.8129854289614373	2.5647423577556534	1.5103248274999448	10.236996887978966
5.354428398198757	7.5929701609418725	4.141966897543454	10.482878999108136	8.361973070496196	5.174010344158285	1.724651894731294	1.2578753329506502	2.9997415603282827	2.778009981764333	2.671382300712306	1.974257250486443	1.3955717042943787	1.0858919080150014	10.387428866567571
3.9270492877324448	7.1294649727036035	4.453607746452526	9.150242795589325	8.947598280693086	3.8392687363423925	1.966038986711688	1.3231633884535583	2.547516948804038	2.0249992313735974	2.7517916791330443	3.23547347469791	1.8645354899671518	1.8077475050349052	10.070815437806553
4.421418521335363	6.345446408856799	5.118872056638783	9.459843234014311	8.968855390488335	6.971187557446629	1.1103107487387742	1.0326875134130322	2.822706251474786	2.4808352226134107	3.0811182947230735	2.3580733624099954	1.808898907048109	1.5939538783078633	9.99040041353625
4.438851970887451	7.145831954001614	4.4006795963989385	9.198889073665448	9.096872872089243	5.543557213858814	1.7577882199916681	1.9940971043896758	2.991209839548928	2.7436935421582125	2.8284566976798824	2.5448008018560992	1.4954793132570472	1.9163299192859817	9.986483738290694
4.828273427819541	6.94381628407174	4.736575032568657	9.928634952422676	9.362453211303464	3.99005242425422	1.0502164700708112	1.6758345757996786	3.0200339761669652	3.717421909491538	3.586556471619432	2.853819625371611	1.8414475830170878	1.306516446455599	10.03054221032227
5.165031332636758	5.700027772252744	4.600852033123015	10.371475732806289	9.081421392657264	4.817488712345295	1.6901998499464146	1.6053393214999347	3.387626034443754	3.3630405610859193	2.146774448699777	2.248013477026607	1.761383594550537	1.3635911122587743	10.302486665939472
5.0705893383031695	6.229820870314701	4.728916261847274	9.757269483471214	8.353714113246507	4.445614137174198	2.505049407379188	1.8975260239884508	3.3287367421192933	3.3815863484423736	2.8880636746232833	2.422608173742831	1.8522372583985656	1.228892030818509	10.196291609906199
4.111309196625735	6.875758818547358	4.425581558540334	9.30626200745414	9.406576306999337	4.709261572241903	2.001159402373808	1.394407313075048	1.933036726307797	2.7654788589784025	2.9619171551919594	3.546384344741138	1.9551894526513047	1.399154919087131	10.097330135818355
4.8985263075531975	6.745742863233239	5.932032275091164	10.427834691163119	9.266546185056807	4.07554067294767	1.7089144406994077	1.4450631386716744	3.441339313248646	2.9151941484953627	3.016084173952603	2.8869661280998153	1.3363777664096481	1.438214761977475	10.063578910991314
3.8796028855325515	6.252212852868846	4.060366441189705	9.621402827717862	9.283249092352936	3.5528973856252644	1.4202174312795321	1.7267226081806972	2.8316546759379593	3.3337911621568495	2.4773292085882628	2.962802634488443	2.208817015745854	1.5499650915679415	10.04161586020275
