1	18.17039794921875	18.416688232421876
2	17.98826904296875	18.510777587890626
3	17.9777294921875	18.25373779296875
4	16.8718359375	19.210125732421876
5	18.625145263671875	17.858079833984377
6	17.2524609375	18.468477783203124
7	18.20982177734375	18.545999755859373
8	17.3159765625	18.469049072265626
9	17.42255126953125	19.212008056640624
10	18.131492919921875	19.55818603515625
11	18.869818115234374	17.8391943359375
12	17.404925537109374	18.597569580078126
13	17.677596435546874	16.809364013671875
14	17.94228271484375	18.674266357421875
15	19.738316650390626	23.63372802734375
16	21.60238037109375	18.944697265625
17	18.653218994140627	18.19252197265625
18	18.4709326171875	17.967940673828124
19	18.286278076171875	19.286248779296876
20	18.97931884765625	18.659603271484375
21	17.775206298828124	18.815771484375
22	18.788282470703123	18.439189453125
23	18.2353369140625	18.221761474609377
24	17.976734619140625	17.746026611328126
25	17.784918212890624	17.384312744140626
26	17.641959228515624	18.3965869140625
27	17.66142578125	17.80483154296875
28	17.262174072265626	17.582198486328124
29	17.609560546875	18.200302734375
30	17.826614990234376	17.44506591796875
31	17.947332763671874	18.119144287109375
32	17.69095703125	17.50161376953125
33	17.836417236328124	17.67010498046875
34	17.377490234375	17.509862060546876
35	17.616986083984376	18.60048583984375
36	18.03155029296875	18.37602783203125
37	18.09792724609375	18.34694091796875
38	17.855155029296874	18.0741796875
39	17.773681640625	17.681412353515626
40	17.927130126953124	18.0179150390625
41	18.01731689453125	17.47591796875
42	17.877579345703126	17.4857861328125
43	17.68510986328125	17.5775732421875
44	17.4842529296875	17.616134033203124
45	17.7168701171875	17.918779296875
46	17.793173828125	18.45076904296875
47	17.57625244140625	17.469517822265626
48	17.52892822265625	17.647703857421874
49	17.43035888671875	17.975482177734374
50	17.375018310546874	17.419285888671876
51	17.45630126953125	17.66525146484375
52	17.403687744140626	17.316102294921876
53	18.246251220703126	19.40567138671875
54	19.829173583984375	19.748343505859374
55	18.543994140625	17.941312255859376
56	17.914027099609374	19.41546142578125
57	18.1594873046875	18.596680908203126
58	18.390810546875	19.02376708984375
59	18.712401123046874	19.4397021484375
60	18.6325634765625	18.61959716796875
61	18.307884521484375	18.5498095703125
62	18.274208984375	18.538026123046876
63	18.277645263671875	17.976419677734373
64	17.82043701171875	18.2915380859375
65	18.1389453125	18.162845458984375
66	17.900130615234374	18.42449462890625
67	18.21941162109375	17.553192138671875
68	17.500794677734376	17.96070068359375
69	17.567835693359374	17.446429443359374
70	17.268759765625	17.704266357421876
71	17.79116455078125	18.0190576171875
72	17.87263427734375	17.96858642578125
73	17.85760009765625	18.19755859375
74	17.9493310546875	18.0563623046875
75	17.822247314453126	17.995767822265623
76	17.84831298828125	17.512291259765625
77	18.0540087890625	17.8288037109375
78	17.800660400390626	17.895072021484374
79	17.674864501953124	17.52271484375
80	17.407313232421874	18.04646484375
81	17.559544677734376	17.5652880859375
82	17.396700439453124	18.082530517578125
83	18.2792041015625	17.68537841796875
84	17.911435546875	18.115401611328124
85	17.961337890625	17.568065185546875
86	17.41460693359375	17.89602783203125
87	17.566429443359375	17.990584716796874
88	17.871473388671873	17.83807861328125
89	17.3649560546875	17.833717041015625
90	18.003074951171875	17.554974365234376
91	18.071998291015625	17.57758056640625
92	17.62658203125	17.950604248046876
93	17.856256103515626	18.23131591796875
94	18.051767578125	17.876298828125
95	17.35537109375	18.07953857421875
96	17.66347412109375	17.93566650390625
97	17.279287109375	17.6180224609375
98	17.132998046875	17.567586669921877
99	17.2859423828125	18.04371826171875
100	18.026768798828126	17.474112548828124
101	17.861737060546876	17.566181640625
102	17.525552978515623	17.173590087890624
103	17.638394775390626	17.68775146484375
104	17.690203857421874	17.03754638671875
105	17.11811767578125	17.432210693359377
106	17.59780517578125	17.33122314453125
107	17.431785888671875	17.86055419921875
108	17.530595703125	17.567196044921875
109	17.788951416015625	17.4882080078125
110	17.67355712890625	17.3242919921875
111	17.758861083984375	17.494522705078126
112	17.384476318359376	17.3969580078125
113	17.037606201171876	17.19405517578125
114	17.454522705078126	17.1918115234375
115	17.14188720703125	17.43538818359375
116	16.94950439453125	17.776612548828126
117	17.03751220703125	16.8170703125
118	17.04257080078125	17.120426025390625
119	17.32201171875	17.166390380859376
120	17.24578369140625	17.045921630859375
121	17.46141357421875	17.177420654296874
122	17.38186279296875	17.331732177734374
123	17.565843505859377	17.251297607421876
124	17.460120849609375	17.956593017578125
125	17.61225830078125	17.5598583984375
126	17.457816162109374	17.736715087890627
127	17.34982177734375	17.538004150390623
128	17.588685302734376	17.58908935546875
129	16.917110595703125	17.9718017578125
130	17.20292724609375	17.05146240234375
131	16.72783935546875	17.1269287109375
132	17.282705078125	17.186455078125
133	16.700299072265626	17.14677490234375
134	16.765823974609376	16.9145263671875
135	16.742642822265626	17.23197021484375
136	17.3780419921875	18.020960693359374
137	18.276678466796874	18.526300048828126
138	18.794788818359375	23.023935546875
139	18.821668701171873	18.16184326171875
140	17.696484375	17.465362548828125
141	17.506771240234375	16.729814453125
142	17.61832275390625	17.56811279296875
143	17.256610107421874	17.661961669921876
144	17.412080078125	17.176690673828126
145	17.546494140625	17.4342822265625
146	17.210736083984376	17.661331787109376
147	17.04598388671875	17.869642333984373
148	16.905400390625	17.022630615234377
149	17.118143310546873	16.8505419921875
150	17.47873779296875	18.414913330078125
151	18.18800537109375	18.57162109375
152	18.646385498046875	18.37135498046875
153	18.213839111328124	17.926788330078125
154	17.67681640625	17.357640380859376
155	17.195654296875	17.1375244140625
156	16.8458251953125	16.753890380859374
157	16.95263427734375	16.7908349609375
158	16.87451904296875	17.81119384765625
159	17.24624755859375	16.478614501953125
160	16.87677490234375	17.1192333984375
161	17.068759765625	17.5020361328125
162	17.242724609375	16.894049072265624
163	17.660091552734375	16.8476318359375
164	17.199769287109376	16.93251220703125
165	16.97359130859375	17.26459716796875
166	16.482109375	17.47155029296875
167	17.02411865234375	17.0651708984375
168	16.9505224609375	16.68473876953125
169	17.328265380859374	17.401826171875
170	17.202830810546875	17.17148193359375
171	16.977611083984375	17.020224609375
172	16.794566650390625	16.681282958984376
173	17.379559326171876	17.11026123046875
174	17.15025146484375	16.31123779296875
175	17.234991455078124	17.2307080078125
176	17.1793994140625	17.080902099609375
177	16.98105712890625	17.129234619140625
178	17.64216064453125	16.877220458984375
179	16.982596435546874	17.303802490234375
180	16.656968994140627	16.902135009765626
181	16.540361328125	17.09725341796875
182	16.954097900390625	16.76531982421875
183	16.8798779296875	16.31912353515625
184	16.836416015625	16.70564697265625
185	17.146468505859374	17.00206298828125
186	16.928831787109374	16.771314697265623
187	16.852796630859373	17.27139892578125
188	16.861029052734374	17.04847900390625
189	16.88920654296875	17.129222412109375
190	16.868714599609376	16.69221923828125
191	16.945892333984375	16.5552783203125
192	17.0136376953125	16.71873291015625
193	16.765556640625	16.84837158203125
194	16.96367919921875	16.675916748046873
195	16.908818359375	16.517513427734375
196	17.001868896484375	16.969371337890625
197	16.360198974609375	17.037999267578126
198	16.4777197265625	16.375040283203123
199	16.62599853515625	16.60472412109375
200	16.72575927734375	16.22976318359375
201	16.400589599609376	16.69560302734375
202	16.4490234375	16.59949951171875
203	16.77175048828125	16.918648681640626
204	16.961611328125	16.915770263671874
205	16.977144775390624	17.232275390625
206	17.143016357421875	16.732384033203125
207	16.5401611328125	16.833221435546875
208	16.71692626953125	17.15862060546875
209	16.65624267578125	16.51918212890625
210	16.66688232421875	16.663658447265625
211	16.9746826171875	16.92628662109375
212	16.787933349609375	17.3227392578125
213	17.156812744140623	16.90016845703125
214	17.44783203125	16.632064208984374
215	17.24573486328125	16.615087890625
216	16.831204833984376	17.095914306640626
217	16.92354248046875	17.36275634765625
218	17.733599853515624	17.663438720703127
219	17.170782470703124	16.7830517578125
220	17.571766357421875	16.82762451171875
221	16.744310302734377	16.337569580078124
222	16.96429443359375	16.511390380859375
223	16.757071533203124	16.811376953125
224	17.00124755859375	16.89544677734375
225	17.104423828125	16.70097412109375
226	16.7228515625	16.85796630859375
227	17.0058642578125	16.573797607421874
228	16.324315185546876	16.944959716796873
229	16.861856689453123	17.00286376953125
230	16.918792724609375	16.6438818359375
231	16.416832275390625	16.7246923828125
232	16.38885009765625	16.497777099609376
233	16.55496826171875	17.502794189453127
234	16.76720947265625	16.97837890625
235	16.757177734375	16.60244384765625
236	16.816734619140625	16.623909912109376
237	16.518370361328124	16.562930908203125
238	16.538115234375	16.5380859375
239	16.55638671875	16.57881591796875
240	16.432625732421876	16.29863037109375
241	16.2246142578125	16.458543701171877
242	16.38627197265625	16.9723876953125
243	16.74783935546875	16.561728515625
244	16.646416015625	16.97837890625
245	16.437620849609374	16.404600830078124
246	16.23474853515625	16.37480224609375
247	16.18630859375	16.371134033203123
248	16.228314208984376	15.9281689453125
249	16.427215576171875	16.19106201171875
250	16.70589111328125	15.88310546875
251	16.776494140625	16.138214111328125
252	16.57340087890625	15.9271435546875
253	16.648287353515624	16.060224609375
254	16.3447265625	16.79216796875
255	16.333580322265625	16.477513427734376
256	16.240537109375	16.596268310546876
257	16.463782958984375	16.272625732421876
258	16.30676513671875	16.216531982421873
259	15.94294921875	16.026966552734375
260	16.1353271484375	15.662606201171876
261	16.061534423828125	16.602877197265624
262	16.11569580078125	16.670894775390625
263	16.264466552734376	16.464853515625
264	16.074349365234376	16.424864501953124
265	16.84416015625	16.0480859375
266	16.211424560546874	15.94175048828125
267	16.250106201171874	15.752149658203125
268	16.239871826171875	15.47476806640625
269	16.2964599609375	15.985277099609375
270	16.082745361328126	15.855037841796875
271	16.115081787109375	15.82168212890625
272	16.1562451171875	16.53422119140625
273	16.009566650390624	16.196070556640624
274	16.176949462890626	16.2682470703125
275	16.65229248046875	15.597596435546874
276	16.6301513671875	16.190313720703124
277	16.374376220703127	16.35176513671875
278	16.2039501953125	16.085850830078126
279	16.2833447265625	15.761739501953125
280	15.994158935546874	16.223114013671875
281	15.97725830078125	16.529986572265624
282	16.007138671875	16.114173583984375
283	16.02011474609375	16.007552490234374
284	16.926763916015624	17.25353759765625
