mass_1	mass_2	phase	time	distance	a_1	a_2	tilt_1	tilt_2	phi_12	phi_jl	theta_jn	psi	ra	dec
6.4283747097478745	6.190900917549502	0.5422260325266972	9.805598055415434	1.2321102666381645	0.5171230936033397	0.5221846947738197	0.3055137220238747	0.23993085855738713	0.5177068587757437	1.4544789520175176	3.631057725960267	0.5232613879342259	9.91164021898597	7.257491426891141
6.7069597085900865	6.194125365355047	0.5429370909260725	9.778905167357351	1.2199753828406	0.5197942194670508	0.5169402412724122	0.3080443321322624	0.24500737712830087	0.5131050614312387	1.4904615977971647	3.662547016939626	0.5093667089567999	10.096962208795473	7.706545431300444
6.802513692542776	6.18784571522146	0.5223961690240304	10.024080309115696	1.2150486019139284	0.5330431577553068	0.49818527095932946	0.2999436949560587	0.23690757371944518	0.4981246230843545	1.4929966629447076	3.6582955309796503	0.49459771120989776	9.941392672880442	7.591846015314892
6.7523617144061046	6.293202966190645	0.5306670659454741	10.147297183401346	1.2035148087398877	0.5316790689352613	0.506113062831524	0.31653985214085023	0.23397120338606528	0.506700094404388	1.4828513166550412	3.6630934161157103	0.48574501825044064	10.333680670792369	7.723232431002677
6.645123642745244	6.158814667564884	0.5278466566537122	10.146963764219857	1.2224843270952646	0.5254375437392456	0.5038929644320357	0.32888592838981784	0.23904128872980082	0.5193065246531788	1.5225769031547074	3.6690533158800327	0.5243474069358349	10.208145727686533	7.638553931962153
6.564605886758101	6.232143920716575	0.5214143777770571	10.162997569367773	1.2274052486489755	0.5327664998847346	0.5134621702941397	0.3248845860421449	0.23246382532994062	0.4853950366583618	1.525934292068811	3.6460640740083656	0.517870492388322	9.554048471154664	7.665565521452031
6.6202679557604815	6.451808677595464	0.5273818415018808	9.986945068585317	1.238695626516159	0.5491226732779442	0.5152436893121348	0.32799437164769596	0.24581231702512651	0.4997321839417974	1.5203308485328373	3.6747655271595265	0.5174226374675968	9.600050125917416	7.376597056814879
6.555890517682811	6.466945979446907	0.5275895926029467	10.179327691679768	1.2687966821365215	0.523699339134334	0.5100646527236968	0.31789225680774935	0.22867519741117448	0.4985032131524086	1.557421099479987	3.644223316523433	0.502695068625345	9.807190436608757	7.605162148306974
6.712547801891832	6.57115719763139	0.5363917407623779	9.662198065043986	1.265873171219802	0.5344586905729937	0.5347692693739134	0.3222296336307274	0.2297163470619808	0.49923245873210337	1.5020491797560365	3.7062090759546016	0.494540407686116	9.890930338782358	7.6790050712351405
6.5999597566303985	6.68463876696712	0.5504906087869935	9.959820160125382	1.2760970511002094	0.5354146458824655	0.5042039688186276	0.32793569387818755	0.23605439856419613	0.5053645540202241	1.5464269813639577	3.6665957463457346	0.5203626936473947	10.125961435252956	7.647937485071014
6.6365482572136525	6.5639496071555685	0.5288097517600786	10.209791010864453	1.276852955742262	0.5299115386076344	0.5029897976229706	0.31663300732722965	0.24112136383579585	0.5007401077323739	1.530360071436492	3.652464029219029	0.5133643645713082	9.30351741268506	7.402454059740753
6.727286390560297	6.559648438596681	0.5157054011748227	9.686622836658195	1.284554671450524	0.541956208457506	0.5162323058325808	0.3218351522582897	0.2425641990699421	0.5048284103744934	1.4985418338518777	3.6691508511199955	0.5051100096356659	9.68273772127442	7.286585978283271
6.863279831267394	6.4364014179103375	0.5280992371457316	10.128038590965117	1.2958937365790026	0.527480881007337	0.5058806003571968	0.32026822293620066	0.24622532137356865	0.48692959315494805	1.532059354665818	3.652369398353689	0.4906777229582998	9.679820971346826	7.408341071273826
6.847074767359193	6.589710645176019	0.5119228153411437	10.142526081845725	1.30663603886001	0.5280957645061122	0.5090540390277901	0.3216296911104961	0.231694943786147	0.5146642440395682	1.5476008423175367	3.683190165955093	0.526968730315378	10.33289319130856	7.45113769377395
6.8276074966932265	6.320543041540349	0.514574407469687	10.368312949887818	1.289647297814404	0.547643216366087	0.532139280599988	0.31104183511175687	0.24566863313556633	0.49357922577302843	1.527780819131097	3.6657835034045623	0.5124193880041416	10.476636570426868	7.59082948822851
6.766769020320312	6.263572199698728	0.5156396026077423	9.971415222591187	1.3096485159673852	0.5526027278175462	0.5239224333349476	0.3193673299117708	0.23602113046350032	0.503427402551739	1.531402546154707	3.6515747936705183	0.5187058716388389	10.009697215632016	7.741227748582164
6.693601213617662	6.477887480258911	0.5133156840563725	9.88958045461548	1.291023563235935	0.5293047581427494	0.5111765920695268	0.31575662746172695	0.24077389998377002	0.5002259531626653	1.5164909616123536	3.628321957075761	0.5008817723626147	10.227791092631167	7.389262056627256
6.838524425442009	6.5517146354665305	0.5190495260066702	9.954778209487854	1.3012356378745393	0.5414764907612166	0.5208521514799438	0.3155509617940532	0.2205839181463355	0.4912856157019102	1.5357166556783128	3.655689619257861	0.5244310067191719	9.654751255126364	7.683317879337528
6.6870746083250605	6.367470249490628	0.5073053131466042	9.950398923621988	1.2928502460708016	0.5334299971602595	0.5117470632986666	0.3207292812686668	0.23918549794577942	0.5002612007700514	1.553112586012887	3.606948506753609	0.5277285333721169	10.150080496919752	7.428429139045759
6.766384399699315	6.361149119828308	0.5056761144293955	10.100358725548965	1.2965540586140232	0.5301378195228145	0.5188179472686546	0.3166170703500163	0.23571811362546985	0.4863883750177053	1.5248058994232239	3.6039346434070665	0.5057960485637413	10.323747140418124	7.7289461916157425
6.771675246117319	6.330899685118339	0.5158110969651638	9.683362291366082	1.2875668929053874	0.5415668917560768	0.517594854607204	0.3199550972347693	0.23780877819867166	0.4842672003507553	1.4945106811442086	3.639666565228703	0.5106514505112366	9.66749432578305	7.592280925104993
6.738274611237751	6.557315832826509	0.518418483893123	10.235532994384524	1.287118986142647	0.5212930585656356	0.5160770254830631	0.32240039459125636	0.25297119625120906	0.49442702127881044	1.5735857990107116	3.6209383097151373	0.5050590763855004	10.23738056253722	7.483365573139423
6.786363289313758	6.454502804330877	0.5031866157297751	10.164381813763585	1.2863134763589263	0.5316849116876565	0.5172998455340394	0.3132518695019763	0.23438757191068324	0.5159907743163078	1.5444603469470928	3.6129899516354884	0.5116962045709988	10.28171291676768	7.430937935708273
6.671908374800598	6.473426449158215	0.5193738668541698	10.070715776102217	1.2822917422531461	0.5214852066310572	0.5073342372745394	0.3228278869158457	0.2294438717729839	0.49339595882324544	1.5098735390220122	3.617696167939971	0.5138344638572765	10.326571919846014	7.549919873228808
6.726702494673297	6.445176050727037	0.5102666137394319	10.214484907832043	1.2762184308377176	0.5337136592862544	0.4998256214664658	0.31865913247825745	0.23515666717387446	0.5013868390373171	1.512405653742284	3.6226636035351496	0.5121651074547642	10.316182073166523	7.60869369093466
6.668952573691023	6.3768514505692675	0.5189149166917616	10.138335140688307	1.2940808956787284	0.5344468159274293	0.5158346627929054	0.30761018367668064	0.2338843335195545	0.5054903535839338	1.527275245906317	3.6532988431318345	0.5194230695441493	10.412618546204879	7.864997798477892
6.815094567514029	6.395521725444753	0.5134054704381438	10.109904724919543	1.2927166899731197	0.5503617873733214	0.5103584813999372	0.31698520128387564	0.2376395526676757	0.5112398276353514	1.5227600005573263	3.5807878504599504	0.5075951952982038	10.265184606847951	7.3479253432099645
6.694905804796874	6.261479313453258	0.5139340804132382	9.79950732565692	1.2990108192859497	0.5439547055533878	0.4963172390357998	0.3160420752758479	0.23312800425274124	0.4968613709904487	1.5264270992350228	3.632455691604973	0.5250678986460481	9.32724681002166	7.373670885789241
6.796966922510773	6.4098795962986355	0.5055943616512609	9.675623484170885	1.2746248889427005	0.5456658375681973	0.5225308749517107	0.3174818144164421	0.2414766927229263	0.4991036260112471	1.5340239460831269	3.634827720295774	0.517387100254238	9.614811983110869	7.48965072484278
6.833951458863976	6.400001326641172	0.5192009865849325	9.645041872928616	1.2926294688654358	0.5303118719652441	0.49436306818716813	0.31851411983078065	0.23767096717988803	0.4974305014604741	1.5657648070974073	3.640853863711946	0.5326635837567057	9.462913947191282	7.490240042810068
6.76298993907065	6.379742746085947	0.5117378316486865	9.974784730673928	1.276886859910106	0.5428275465969294	0.5013726259638582	0.3246412828051064	0.23473577831558237	0.5007733857213793	1.5408620543447578	3.6757432040807108	0.5191750468119347	9.338401981217052	7.3308598512793655
6.880230367131921	6.495128700774662	0.49947712937865196	9.946292230088984	1.2769798581918486	0.5250587027323872	0.5247468464628504	0.3230120986874076	0.23032999910371657	0.5008488297907278	1.517419980438217	3.6574026332704563	0.5129956632470148	10.40352403905234	7.738359542946389
6.8650614781614525	6.603315957284995	0.49838759631103446	10.064661495519298	1.2873473522046346	0.5275442521532894	0.5008300176224092	0.3180270770574052	0.2409907951299894	0.49933990500134684	1.54031750198719	3.651906877940603	0.5114533094774495	10.436638244589195	7.59704208987486
6.759505624139383	6.541393934638494	0.5059718591660302	9.640446854325377	1.287664831402159	0.5355312261232739	0.5123305688305585	0.3251125570841758	0.22363223903960583	0.4888451528203725	1.501319021024581	3.6500140538052688	0.5113498730586974	9.234577235061735	7.711282829583388
6.741036083773666	6.511581357491218	0.516506832690887	10.144444228453002	1.302221763126867	0.5467385446119091	0.4996560081489346	0.318607423803976	0.2338099964485211	0.49688730285228133	1.5365828961949275	3.6617794031747763	0.5126637668974626	9.80437789943295	7.725589652295015
6.815759284227776	6.4229318455363344	0.5002627558707706	10.36461677504168	1.3241452401323313	0.523988044238117	0.5130004090761049	0.3275718530466577	0.24000526889561893	0.49762029324862306	1.5164239814794358	3.6337016656587777	0.5176861953817121	10.134547594096647	7.358796755782521
6.7715323077371545	6.311448151656125	0.5010465819558793	9.72407601137385	1.3191575382440428	0.5408421266032905	0.5094428347707285	0.30346648164135454	0.2296883906246841	0.48467071379108195	1.4984168286400958	3.636265435287734	0.5330087333710916	9.427481383836135	7.43096477898733
6.772385152326547	6.382882900934907	0.5076806255553882	9.909803006852695	1.3463378277747422	0.5470150346660942	0.5002200137150576	0.3315739896503973	0.23908906995224807	0.48434235426094996	1.4780592039403966	3.640651067931878	0.5382868239026192	9.85774274772739	7.556835138295543
6.715466862238002	6.400885221291313	0.5232772124203231	10.081853206138668	1.3490019788982666	0.5288492901868785	0.5174016759777669	0.326623232628814	0.23209237920675838	0.49844132871096486	1.5222114326086207	3.6474289184570066	0.5430554270019223	10.06267900003131	7.4157840831244135
6.7476820471402705	6.310388388968778	0.5030199224881392	10.058041344588755	1.3639734086272512	0.5308357144025342	0.5134877368668447	0.31457595475972644	0.2321442979598738	0.4969915464664659	1.515161588423536	3.648112717309176	0.5310113777101994	9.82606025913916	7.619020685138475
6.985199119235032	6.65074765663928	0.5198915796917847	9.841569280412017	1.371763718765177	0.5375005447405858	0.5083036433635794	0.3043198962943123	0.23698414633621365	0.5017776280583596	1.472025975187928	3.6365076595878505	0.5312078133284963	9.60864433880771	7.666853229722476
6.6643282452498855	6.546438563166145	0.5026388748489949	10.172110890439148	1.3728141427466638	0.541369387889957	0.5092754470965277	0.3306727212831081	0.23269549880647697	0.48182380285238	1.5148161370888413	3.630794690404468	0.4890433221986509	9.467105786935445	7.669751701948263
6.956364867105495	6.479522303628939	0.5154032360845332	9.690677061209508	1.4153961535157524	0.5290044895272135	0.5093688260290339	0.32558624133333375	0.22551278037985004	0.4879361749825579	1.499065465803314	3.646459749926266	0.5092973668543974	10.286881618349357	7.362472399155008
6.822109605447	6.501059245172595	0.5220625337923579	10.110252102606871	1.4403464481428006	0.5100847397753607	0.5266009410266856	0.32492467001475944	0.2245651763163775	0.4962265899966554	1.538270233612995	3.6407375057725706	0.5164077252673467	9.708466924513052	7.637587929236724
6.842788002830046	6.46641634153718	0.5124446928342995	10.09476740691128	1.433602569232196	0.5362215633191143	0.4955511143062453	0.3155608588366891	0.2338521079262094	0.49980883875182314	1.5012664204607418	3.6640019542179068	0.4930552265719784	10.07829169028643	7.5943661798616775
6.847736837930418	6.425934827687333	0.5077248432582108	10.080277212571753	1.4315861742839309	0.5301348324074483	0.5121851798317888	0.32781799456437616	0.2293509674026535	0.49496019486275716	1.501677061890522	3.6376845403275704	0.48807235286938827	9.335917298586516	7.578886432153295
6.833500068723122	6.454666370058001	0.5143765572173148	9.718725346545343	1.4491822361783666	0.5215023757918387	0.5143221806595153	0.3111356645403065	0.23971465196229275	0.4768594252524159	1.525404880456573	3.613356247037086	0.5130789568951097	10.338058545613434	7.578873694294015
6.91885929650287	6.528814836263231	0.528123379193238	10.121045193287536	1.448322984045194	0.5194087589121037	0.5091469873259085	0.3210988337798562	0.23224923627239769	0.47967079598737006	1.5217303521138819	3.6604105515790124	0.5103475708812523	9.727968930578614	7.482483281334612
6.866031054561838	6.531816372042205	0.5103121104570443	9.685552012575318	1.484217632462609	0.5464325859736682	0.5111658911427753	0.3282487491336894	0.2427176932657225	0.4831595263978234	1.5240866188668651	3.6575255449623096	0.5144403759582349	10.316054258766194	7.683519368407581
6.992894134158631	6.549602337238021	0.5083291729985109	10.176138234565785	1.4974950677230714	0.5204808781688021	0.5036983773034925	0.3182989055326614	0.23864984262330707	0.48340505521592486	1.5237427251196602	3.6314669929778045	0.5094295336906709	9.839522634804965	7.764788490408783
6.9559222536462775	6.519992252738819	0.5036772868456972	9.817959425282293	1.4887515987427884	0.5177211075873334	0.5045323524825642	0.3272391179426342	0.2228416638579797	0.5020576707485861	1.497276637519868	3.686958424097674	0.5212113697580466	9.975119434219115	7.591783093816823
7.107978729266366	6.547705607687054	0.488171713176479	10.126020148379435	1.4939391221269887	0.5109061124571793	0.5146308934172649	0.31653587253414284	0.223178787638321	0.4816738908163762	1.4998995318209563	3.661992758155899	0.5226261805499	9.694726478790493	7.24783418768308
6.822461322733502	6.541014982663159	0.5156686846317077	9.883999661108685	1.4890864801549717	0.5458373806395931	0.5052841968641496	0.32263930436996924	0.24195653077289295	0.48322254504858575	1.5340503652434205	3.6459053365674183	0.5362526481197246	10.351384186373059	7.473253045801385
7.070897225865251	6.478425470635949	0.5134536520763922	9.818149717953494	1.5033578227548328	0.5269546348224762	0.5066506349390337	0.32066196210426257	0.23599635892805187	0.48598724399468723	1.4904048740511782	3.6606152964000818	0.5088327991825123	10.154863647842138	7.382936789275793
7.058125602808131	6.525053324599693	0.49545164046935836	9.860397061203559	1.5308529187369346	0.5316746070136439	0.505642697651271	0.33852841190964345	0.23756060187570635	0.48803481370411483	1.5187894286626171	3.6596143216876267	0.508422542426163	10.025978515326017	7.625527659508326
6.890326925395835	6.526630831823654	0.5152782661578317	10.057847555230087	1.504744374787752	0.5222318821450738	0.4906310145379678	0.3202983574781756	0.23546973975333146	0.4791237492413339	1.5231633512508196	3.655912631876648	0.5303403240223149	10.038490950202538	7.426031218238647
6.939794527836321	6.532295326715178	0.5006701613367256	10.065477621568975	1.505180318883549	0.5427691556380506	0.49729909296260916	0.33520029301319404	0.2360971988979451	0.4988309628470075	1.5188213734711624	3.6611265340188863	0.5037760484891779	10.079174933507485	7.503928530607621
6.849330280522888	6.525219636457735	0.5074622690830499	9.952044227233626	1.5164452668222668	0.54375249531695	0.49528196687239445	0.3263805539864428	0.2378774171250999	0.4874684415634249	1.5041625828973781	3.6489650150460125	0.499011716097711	9.993691082401053	7.457547476756603
6.858649236500843	6.637973500345852	0.496360402192481	9.965469428264788	1.5343716313452576	0.524376716487448	0.4984442532126193	0.3378754325526438	0.2294416929947024	0.48159590620435466	1.5126097371701401	3.625395263601846	0.5216081834060062	10.20410511091505	7.863038838452706
7.003879153209527	6.45914061125598	0.5079705622351789	9.752240698880879	1.5450869534578286	0.5259170413961272	0.5139921323368736	0.32992986519646605	0.23725458713136943	0.4914130901096142	1.4877426953710482	3.6325154726152036	0.5048093904425324	9.50841329258595	7.612840665391321
7.097276722644315	6.555120052240453	0.530243968583905	10.25832779528853	1.530160895975582	0.5302151625649101	0.5025964051928852	0.3272829231775015	0.23040973556255404	0.4904494131113015	1.5051249132480315	3.6469861634076346	0.531192310392887	10.21047706435602	7.344436507493716
7.049940607778491	6.507811012901586	0.5045752590840091	9.751488274654339	1.5568340815377706	0.5396589550632608	0.5025726187965449	0.33354777495304655	0.24241367270546244	0.49352518177892457	1.5169712434854534	3.6246020662411342	0.49455130388587865	9.638077415015378	7.501543772701345
7.1865757280098785	6.428372243627296	0.506748034909294	9.887638282738626	1.5505759908472156	0.5425716222850716	0.4967424181056688	0.3191679184462474	0.23384983602594372	0.49635303721917157	1.498493773973189	3.646614821378401	0.5086493970920661	9.658635777684777	7.392875530270187
7.0225881466415	6.482934432720593	0.5060041384243781	10.095328635469428	1.5551091359433171	0.5457485421904249	0.5073824812439713	0.32439767106058454	0.23730875900603232	0.479424469915704	1.5213005887786515	3.659934687310209	0.5115519879998295	9.611069585760667	7.669932531898819
6.996761115769488	6.439732867357955	0.5099823293520973	9.921927983929736	1.5654322690654985	0.5325097014304369	0.5186494832910493	0.31853575750906554	0.2385578156547994	0.4867302108263845	1.4904628754645493	3.6130701403918213	0.5272066873242166	10.19077267729773	7.669824936192928
7.026321024756691	6.534093550044378	0.5046239910656445	10.05473843603264	1.5513883962535608	0.5201213950769366	0.498773977851537	0.3268381324578088	0.226329718664345	0.47208259400351177	1.4891510233893428	3.6255487576910963	0.5119350770201657	10.071215409099638	7.454282670150549
7.056365754375619	6.559524407385084	0.5091548393282129	10.113905626745005	1.5670650957415504	0.5109652250734189	0.48863412681973667	0.3223540851754564	0.23733289241209723	0.48145188005760936	1.5026435580061006	3.64517961636728	0.5335216926398221	9.379837992219299	7.556870927344182
7.054412864560315	6.4737939376182165	0.5106401841233872	10.170196771002626	1.574108379679398	0.5241739413763548	0.5050488809522866	0.32520896244047304	0.22125154840160766	0.49033367108901116	1.5152585112381947	3.6137832089324657	0.5153271577809412	10.070997569687615	7.731531455408929
6.995464452127681	6.430214949611375	0.5157751541647523	9.927427740476285	1.567171019334867	0.5259904309075296	0.49627952287915905	0.32313577910322544	0.236362372114281	0.49699595872133406	1.5039686837125037	3.612845366860254	0.529128509007535	10.132885192216026	7.630963755200852
7.1916166272749456	6.4769440209947335	0.5038255279719214	10.254691489825259	1.5839962763441076	0.5298342614618894	0.490343639585724	0.3341923672493737	0.24176340908791594	0.5039709397347567	1.4935043072188052	3.6472822545727506	0.5121912529160177	9.319986292746668	7.322529819216981
7.125244055667615	6.501911233824106	0.5206211306435502	10.117563308792702	1.5880739675743742	0.5219483320240079	0.4916879206884221	0.32307459937524147	0.23869022099006057	0.4793189271041461	1.4750440745557774	3.659769879888812	0.5165133963397159	9.783245269709301	7.637561182869305
7.055232030944277	6.491448817281653	0.5182039156736501	9.716032057509455	1.5659060309329824	0.5270705502260392	0.4846382254432026	0.31760487844893315	0.22770511328790585	0.4936448241985876	1.5143656106903531	3.642675167779141	0.4934178333331999	9.455250038075052	7.565347520419373
7.0549669249816	6.41378685628413	0.5076971643902822	9.768646329440594	1.578470896013969	0.5209917857804974	0.499608757046679	0.32334618422255373	0.24425509178439514	0.4789398900296561	1.5173151992465055	3.6271935887251474	0.502317834460154	9.690135193438492	7.610620224785624
7.059826590747935	6.47243079187983	0.5095638787488769	9.960923662617999	1.573221180436011	0.5263371529860416	0.5043576565989418	0.32797314768288227	0.2262760167449987	0.5064002739305551	1.5006965033670163	3.6598443122753825	0.5128130161255501	9.806811294549131	7.5539743123469645
7.048535443424858	6.430147190490262	0.5000851995864146	10.422262652938047	1.5964395070149167	0.5273190653178403	0.4686587346445642	0.321057740258672	0.22373178116092268	0.4927427264369477	1.4874516702375984	3.670317419413966	0.492674551147135	9.962039254233277	7.420136623900962
7.180079882271412	6.602266030238986	0.49163691958989475	9.755631622787435	1.5779367178395027	0.5402175733225882	0.5096502236691122	0.32140200410237973	0.23586659526688844	0.4866478388588337	1.4779014093792235	3.6449073882847443	0.49273340476634375	10.375551989738055	7.751877253753456
7.138188477699255	6.643503207730094	0.4971029647283586	9.725073758102713	1.5709053540946079	0.5305498229737642	0.4873460085596369	0.32040205677888645	0.22055866386163442	0.5030612978727055	1.4825640759688934	3.6467890991810283	0.5016361718797308	9.25919352878491	7.712526623626144
7.068020473698952	6.53969020957703	0.4897005138373609	10.82569111162736	1.5895691070135791	0.5386367545283047	0.47895064443061663	0.32170752838996053	0.23550484449754466	0.48637572789674166	1.4757182758378344	3.6562519351870555	0.5017070154201864	10.091881551198203	7.592123778124899
7.112117332367268	6.51981609562615	0.508304296680779	9.74581611186035	1.5798149509913326	0.5237256059363108	0.48672304692739304	0.326273968691233	0.23599771795267666	0.4919638998691807	1.5166143746523357	3.6401515976360685	0.5015232023832858	9.75187834609282	7.691077425688617
7.149897325503906	6.551596554192952	0.497324606448166	10.03468155197704	1.6033706436634876	0.5294853112977725	0.5021250394767991	0.3201351746424882	0.2400904441919141	0.4970675575755034	1.4830013897069638	3.63644039102194	0.4975873530278584	10.253241383849069	7.4385335519852225
7.273258348423123	6.495766694088626	0.5113703956548104	10.055326058757416	1.6034669849939491	0.513950347916862	0.49019392303606374	0.31876640429809416	0.22760520628486297	0.48089109174906436	1.5106895770115898	3.651139868486163	0.5161780760708248	9.229573610736612	7.503642416541788
7.169789716661871	6.472508618608736	0.5014677730591995	10.025266767596305	1.598972639938239	0.5251234324184132	0.5050193226867881	0.32599103650914063	0.2316722843218967	0.47849682862576837	1.4843090793015277	3.673001533347957	0.5283500269327234	9.345446762989111	7.492064921073988
7.173523646523764	6.484179719200211	0.507400734267151	9.963512177634986	1.585558531861264	0.5391899581675716	0.49242430869987713	0.3142946725849961	0.23245730973362805	0.4994758279683031	1.4768494634185172	3.635961858674886	0.5007685074634249	9.059531854706147	7.501814528547514
7.092421967817508	6.488087641104559	0.48895558687950325	9.842699368661712	1.6015319312739285	0.5228347813024572	0.47759500783265474	0.31283387416599817	0.2294873789798785	0.4911619805249477	1.4878048713853618	3.614423343003587	0.5043480024274815	9.468787090003156	7.734081485343327
7.150734465339679	6.50498442057509	0.5010902921636058	9.72151607515218	1.5969101781591513	0.5136360269183725	0.4883028214353412	0.31244697759363815	0.2405444191114731	0.49245200173990716	1.4683316725909243	3.6543493334899773	0.5004973170512277	10.206948516677924	7.493933153492822
7.085585377968439	6.5515509730365356	0.5023022731214961	10.151396186752299	1.6015046909313289	0.5258863096518883	0.4999649176540024	0.318442988572732	0.2265802079439946	0.48210546421457434	1.5060070270198973	3.627098583145503	0.4879411734110826	9.089666564937342	7.669407360567254
7.232084798389087	6.6041547782190015	0.5134937150602235	9.740908392939923	1.6186895340405585	0.5123754853162724	0.4837995397435439	0.32335195389868737	0.22817858516811096	0.48288874439336565	1.5009552604355734	3.652132620264228	0.49671983160555394	9.968199073897322	7.494964618469564
7.052806694688586	6.619863817794273	0.5265363862100573	9.684492137145758	1.6045412467981004	0.518836168798575	0.4899869927978791	0.32680844938165504	0.2376358204970248	0.4978315555843888	1.4929396224727476	3.6616747506934746	0.5073270949638549	9.261065219616203	7.62781819456162
7.031025336059081	6.572207874681612	0.4957262584211007	10.136427050933571	1.6039943940393975	0.5057671892287686	0.5057619504700605	0.32648316513765946	0.23061401415066973	0.4962956661948847	1.4797337152962748	3.6040050659916387	0.5076299558082172	9.539492198095104	7.724853422111288
7.127183030224573	6.53577513525494	0.5076554473477103	10.0234992661373	1.6277820317953537	0.5164250103470538	0.4843014853973713	0.32843780224592245	0.23348355988722785	0.49963179070945946	1.4961436776979002	3.6314811492979375	0.5092868677090991	10.119597184221096	7.623565062862944
7.027732219538415	6.4675717563221795	0.5026321660615178	9.809240889718504	1.614630285078447	0.533911022596961	0.4867272410754895	0.31524442107424033	0.23327583202449295	0.4928942366739918	1.4897695922317447	3.6556222126439257	0.5056674215045847	10.183386453404715	7.597518518887295
7.207962064021837	6.396047621496806	0.5168788349689449	10.136606234824383	1.628946454925656	0.5364875097827041	0.4968835458622399	0.3146466208155622	0.2326157872002528	0.4849459487535073	1.51370693142459	3.630337460572012	0.48953412297324533	10.394810615865037	7.565491962705263
7.146866098080779	6.524013112461766	0.5036866265589178	9.768388164011839	1.614007906669423	0.5181102039013508	0.4851545664616072	0.3197039500310476	0.23292926580797896	0.4855869117762213	1.4926567832565016	3.639364459891629	0.49694123421732245	10.114790891829243	7.565861746678752
7.1747077423034105	6.550911355144118	0.4925182393074465	9.94934250765121	1.617171933620011	0.5401357963595254	0.49517681766382166	0.3187000316869989	0.2367331453797833	0.48401492030486093	1.5044256267692335	3.672213598580943	0.506030509321889	10.243775312383775	7.609464107617733
7.127247325249174	6.567035103946717	0.4961146674030714	9.741936606886807	1.6353908821247625	0.5318052025213608	0.494086094768192	0.34032737691303755	0.22587583570491274	0.48306355492856595	1.4782010890477204	3.658646733141918	0.49765020533652743	10.128354713015874	7.63167860537705
7.18064767191607	6.611628807116171	0.5025886162192392	10.215498063969106	1.649036346831777	0.5138938119257297	0.5090637295428246	0.3296882531211688	0.22821523809586433	0.47636390527628897	1.4928549677935206	3.6315250265749315	0.48969234633966174	9.550415564856387	7.682917334137685
7.071710233008949	6.480714179884978	0.501292814328996	10.121543462470692	1.6310771484088948	0.5095902798024	0.4943363737217653	0.3392365488453002	0.23271051924983352	0.4963466690337752	1.4854598941722414	3.639737381359137	0.48173011607208976	9.811828242371828	7.497370083855991
7.109158518798862	6.419309644753365	0.49037212618586007	9.975848101357261	1.6245755741543673	0.5365656064258503	0.4815949007475728	0.32149297702072277	0.21717613201664543	0.4912371815509734	1.46386583316687	3.621989442928475	0.49999430377032766	10.138221772400833	7.385048966631629
7.161845684794277	6.497062016457224	0.49829132447768565	9.772475844218782	1.634305485591051	0.516389090797613	0.4833911011023495	0.3240843989152739	0.23843991210105797	0.5002736535233943	1.4869740073140134	3.6585593252864577	0.5114946137201276	9.41573103535589	7.389892666889746
7.153760866102083	6.4823458813855455	0.49475367943314996	10.034493013135782	1.6319606187356595	0.5352936459566457	0.4808526502058586	0.33014275174842656	0.23681351566511832	0.47999165979432507	1.4755342988073612	3.6447191056413804	0.4894200607487178	9.76213600686238	7.6029591116201685
7.196436827517509	6.531318594367838	0.48559425548345525	10.0975349829483	1.629870143998275	0.5188090839288136	0.48540358585422305	0.32317721977517877	0.22652063210546244	0.4923134819694139	1.4822440769958596	3.634610471285622	0.5019656947581084	10.30842026225807	7.621639910312282
7.004635891588619	6.523801795253991	0.5011468235722074	10.194753526585638	1.6452829173698973	0.5187953299601291	0.4805486107744683	0.3207312927114523	0.23438368893467643	0.4878534311592056	1.4959661252355856	3.6731893951741745	0.49705881426324	9.545561275002596	7.608151260706359
7.170931992633067	6.4974519080094355	0.505713941558247	9.953419028720056	1.6358605573750364	0.5100735182488132	0.47576725527936164	0.3236773701181157	0.22835155147014602	0.4819904134635912	1.515344225235254	3.6067447454758867	0.5147415363375697	9.815594628459925	7.592502828330261
7.082137399303806	6.5523558744033075	0.489435291054366	9.796191404720643	1.6385870443172244	0.5302432329041501	0.48077296023084876	0.3287009608338694	0.2326962647288587	0.49479214143573846	1.4888819151973816	3.6347783675461343	0.49709004026695064	9.145897317564481	7.439736465754056
7.079866963051796	6.647469993071469	0.5048600407958899	10.04782733477533	1.625979968221193	0.530605315539218	0.4969858937007988	0.32746587237536945	0.22463970125856808	0.5068546451638164	1.493015654911454	3.657449961936406	0.4875619363324759	9.97173426205209	7.572682496963792
7.223985097462127	6.440536910040338	0.49988743451245604	9.879553878819129	1.6210485467201017	0.507773134742737	0.4969319350068896	0.3230250682416122	0.23239679414008277	0.4711867779149391	1.4878404991956578	3.6587832808257934	0.5173091835071763	9.851395119790785	7.470274801029362
7.074288152838893	6.521462287738738	0.51669363870181	10.091759627722537	1.6430379265043698	0.4899954171554786	0.48019382890297124	0.3195896587894733	0.2349259058641849	0.4958540831958301	1.4827554856217575	3.6407728469841767	0.4792223401829876	10.179593739967455	7.380444604871255
7.029955350398723	6.500544460734954	0.5144971617000135	9.863737290061593	1.6443892696938975	0.5105535184182329	0.4794010590988232	0.32088216485228294	0.2333222279763872	0.4935350012618423	1.4587638416056052	3.6784492915079197	0.4721100281709213	9.29585203507598	7.44361768858397
7.1355115221249354	6.501518925540161	0.4831560016008699	9.793564421514166	1.6309421416839112	0.5056384456999728	0.49042376172359425	0.3236108552050142	0.22947845661495797	0.4935958268118966	1.459934115430929	3.6324283928359593	0.46599364553167105	9.810196070725185	7.51204424581305
7.165280095415394	6.585404459153285	0.48072540004344455	10.041396548849432	1.6527430865318578	0.5231382480403485	0.4722747481606562	0.3209694935204934	0.22673553960356937	0.48526478933179235	1.5135634130342832	3.6323531636598148	0.4815232652337069	10.345110590452512	7.642343107193789
7.155612619327616	6.492295975121134	0.5160519852804133	9.989402289493912	1.639684433261889	0.5156077075578643	0.4779805175372395	0.30850974338907466	0.2275659994190269	0.480397594186791	1.5242725865642826	3.6434826864306467	0.4566772851407977	10.398189489322196	7.465117898866722
7.077683443096293	6.412988092265888	0.49567087966683515	10.095101999360644	1.6571583234431626	0.5028589759847482	0.4883178239154578	0.32962651834333123	0.24330749612289665	0.4937121764219424	1.5067263531623656	3.6037599265717755	0.4762688203396311	9.265469700145943	7.669265703765333
7.062779472963019	6.521045435977401	0.5029714519445775	10.099433268245571	1.6662847977681108	0.5184750639692126	0.4795718010038673	0.33153732498540145	0.23772734939410264	0.48707047978156187	1.4834584437605438	3.646106788844262	0.46612472914055547	8.987318505166378	7.594692233803489
7.1070275239988385	6.488681116480972	0.4880199429949938	9.945535138846859	1.6547776577385422	0.5220673455470715	0.4761104652405524	0.33318221824873195	0.2273964677237205	0.5047645015113853	1.479151807709138	3.6243429751668796	0.47169677411124306	10.040621308272879	7.4268839576010075
6.950560209616276	6.4783565297352235	0.5003759260166952	10.001256424300687	1.6626574088856714	0.5164404719345169	0.4862753985386875	0.3415126640612528	0.22805260811744799	0.4996343083562903	1.5138835346006614	3.6505601177925024	0.46886621041527243	10.181398685203986	7.678950328144483
7.060541278111563	6.490993549775573	0.49498763117045963	10.082749630566003	1.6683048203146364	0.5266261810590501	0.48440462484479924	0.32664683069426415	0.22917645422354654	0.4996802433506693	1.5166360186607186	3.6580552663567647	0.45579687994010987	9.150364641837314	7.4704841274314555
7.083910540941561	6.518108103554672	0.5014956770371853	10.474738482522557	1.6560784774344157	0.5168264618208344	0.4752064683107547	0.3298535908068061	0.23423708142230978	0.48134780001657546	1.516976738121735	3.623905415798681	0.4550872270524372	9.490175568026928	7.4024140533042315
7.152073425506565	6.531973477734414	0.480168133132365	10.190226735041124	1.6553442514570929	0.5142747075013949	0.4878240900659645	0.3225698945161334	0.2331301376301803	0.4841392007215038	1.475780818622174	3.6424782764431662	0.4628404460276471	9.293511554458128	7.574042413790669
7.154124611200763	6.590947702158413	0.48920429205158117	10.131620918244339	1.642269338278627	0.5115951683699681	0.48246433297175384	0.32397982108439005	0.22644851822532727	0.4666156344740826	1.4820583804272849	3.6851054476575977	0.4446037934131124	10.320981654216595	7.642072990343574
7.155729373786822	6.457636563002416	0.5218905458161643	9.72745781974424	1.6396243202501393	0.5191475117570339	0.4934652412588404	0.3323062153853216	0.22511878887029804	0.4868814158420431	1.5025551145465925	3.6530529665637967	0.4431799716660357	10.296394782674655	7.857653889926465
6.98406435906806	6.56123823458467	0.5021039683543039	10.001060117447858	1.634588288325941	0.511258094142404	0.49730582165887083	0.3223067319693195	0.22833680851768487	0.48221476799407503	1.4805202832017987	3.606104588886116	0.4409341278652003	9.617875969397629	7.454886710328993
6.983652366185253	6.398167272637848	0.5059709409901345	10.15586677771352	1.670255278003287	0.5080427250877279	0.47788304313913565	0.330127360170375	0.24274516843412747	0.4758493078306875	1.4657635545366283	3.6372136943788997	0.44592758832508705	10.237174222870191	7.680356847321081
7.078411929491539	6.562286525201732	0.49503859100701364	9.817798074409824	1.6577516569982307	0.5197849977598163	0.48423437001895187	0.331264687158418	0.21716689776280926	0.4867493803493308	1.506360546588982	3.6398619778147254	0.4320331040545707	9.117165164783572	7.436418179005558
7.025147446937259	6.444611767221967	0.5138680874607848	9.898190905237223	1.656604243439205	0.5025055942089652	0.4950126172666602	0.32597314560929175	0.2385944723527496	0.49279862197491214	1.4979286971741064	3.6061286690009586	0.43600880049594204	10.108771342159399	7.379849224803146
7.0914040156407765	6.57960798361212	0.47633963981049643	9.824563555403595	1.6501592463799637	0.5163973183181566	0.49713025366908886	0.32315943650640233	0.22508106499223463	0.49705803381321145	1.515551640565829	3.6643157104019455	0.4522774876256573	10.289409895958304	7.680046479729992
7.171452688579667	6.57081582385499	0.5252413628218728	10.188191999479526	1.6641169765777526	0.5248273503738707	0.48202710414912603	0.32360889861539166	0.23033312715784832	0.4774600737539526	1.4871150162773696	3.692481991191764	0.43215505705171686	10.047682301775943	7.557856283822999
7.179745686952898	6.611476048870148	0.5059713738089234	10.038039323618829	1.6483363705853504	0.5334362331000793	0.494389302570613	0.3262892572421019	0.22286357400605777	0.4836522123768289	1.5013477819397103	3.658353627651677	0.43544710689896077	10.237675767577004	7.535204094878324
7.172762708779786	6.472317799486785	0.5059170569298097	9.942819013723229	1.6364894494928053	0.5083094292936204	0.4872708856227101	0.3225762914859663	0.22708550188257526	0.4775312452657548	1.4776401914557233	3.5813058142737453	0.41671092349399486	10.27249788122071	7.627618466330823
7.060607063043622	6.4682829815264	0.5034681351306176	10.239507184011064	1.6511160717194917	0.5196398108759614	0.49829235435205177	0.3208686377129734	0.22545401539424917	0.47819833937231604	1.4932604915237497	3.639681651480664	0.44332289395045765	10.571847920427928	7.694094674592493
7.111271348000554	6.5083248963259575	0.4900661020568946	10.182855884532188	1.6508142309848635	0.5017849949277933	0.49185089321369374	0.328801373802344	0.22846627595693655	0.49201712757338756	1.4573251217965184	3.615979264570049	0.44135191712211047	9.40995071139965	7.738384335554398
7.039383881259866	6.390183010545339	0.5083998516760561	9.989734765945233	1.6413106318197004	0.49766040511017495	0.4761630707088715	0.32368812771052047	0.21775293540529608	0.4802824069483481	1.5051147405806575	3.662992347566224	0.42192100925473236	10.006022666169132	7.562711966691799
7.098823330805415	6.506012881470591	0.49340900498494783	10.266236219987139	1.6581711661797347	0.49622789059072525	0.48459238427871193	0.32052451051598474	0.22956561754838148	0.4970785536232794	1.5163828033010487	3.6560896153083764	0.43078077803082904	9.439271143050195	7.636102997538695
7.18694036340533	6.514744128192131	0.48652306820516983	9.90282752910131	1.6598310080008556	0.5121453333780572	0.46824183212597825	0.33306952369274784	0.23587327580772835	0.4883605554372899	1.4992834595284548	3.6550048701063345	0.41196281572379395	10.321803982487877	7.590935046824031
7.09738253060047	6.420330239176788	0.4884739664482165	10.145185784472407	1.642305744041034	0.4943634974972882	0.5030989721983751	0.3295415927689359	0.2429270226167601	0.47164489918926344	1.5120501512479387	3.6439282686303778	0.3991601257689763	10.167262647471002	7.78695258786173
7.167119898669679	6.5367835450718434	0.4952375941040285	10.107739554472484	1.6306199954812568	0.49668052086435205	0.46847749229639757	0.3280055333158512	0.2346636319771099	0.48778433740530613	1.5105352369415037	3.6476753686306242	0.40080512813042607	9.76021567717083	7.500083117154985
7.000605712279296	6.478694149127167	0.491945872159632	10.128963980841522	1.6703324150198444	0.5062764570193775	0.479916331730884	0.3161547801475028	0.22974162828607625	0.4788460871306758	1.511632926154432	3.635570719135566	0.3944950313306573	9.344891290007725	7.594435215485483
7.145209998384187	6.392332418794169	0.4911609594331957	10.105422779921506	1.6545241400497392	0.4965018116853369	0.4763481036715262	0.32680083979708985	0.23165089597149616	0.4881617300953979	1.4846452784887674	3.618810715479291	0.41139724380932813	10.142635152286312	7.371580574934801
6.982039090835016	6.427415238757573	0.5061994941088152	10.20513107786595	1.670810926751527	0.5094597866775653	0.4699622029004016	0.32735330573997545	0.23686225917804032	0.4808223684062096	1.4819035624852264	3.643919765012781	0.4054069659492359	9.696356920219461	7.674564518464109
7.085544943096232	6.4941856143711805	0.48113812292001173	10.06132501963694	1.6663674235362953	0.5039921152277532	0.49500126535974903	0.3271620649927288	0.23364210998150245	0.4878134234720101	1.5041135305986413	3.6313863103131485	0.4043931286227005	9.171206644685377	7.640747794252168
7.074383180218838	6.517709461457138	0.49312656335354077	10.193871263682482	1.6547052700027514	0.511640641570681	0.4854693279595652	0.33321894676252645	0.24820991868743658	0.47895472472906914	1.4801322032778526	3.6011327699621067	0.40624409529762395	9.585454536922397	7.419306902326193
7.029579052322689	6.5549268971967525	0.4895647520227204	9.88453976364357	1.6634405127370389	0.5142481663618546	0.4674357515138209	0.3103666866353499	0.23388119810763114	0.48450848688488046	1.5028946477393024	3.6544904693621003	0.40463382538445053	9.252174935385595	7.422688652936034
7.128106487128159	6.522893466234571	0.5054762370994571	10.06894025227849	1.641626557075071	0.5166133809889942	0.4734705207949351	0.3191316536496504	0.22137972018911917	0.48640436650173163	1.5088223902292703	3.630277333501667	0.40653160641133823	10.22075256353351	7.509859598905844
7.2141987131526495	6.495211866609807	0.5039832870504033	10.147334928534674	1.6423419300492972	0.5225226975724272	0.4758229662815818	0.32077004197898124	0.22258153912357706	0.4817604935577956	1.4802305484944382	3.637311903162964	0.38723269735360305	9.467422800976857	7.366315267210161
7.2061267869540355	6.488615291076465	0.48723135437953863	10.16705916639119	1.6633441920040937	0.4847580808781722	0.4907128906295644	0.3468151839363385	0.24336454874594904	0.48424492827779764	1.4802460793889687	3.643873789604602	0.374451058725461	10.362216085285542	7.315696542303433
7.2198388008490415	6.550388733721494	0.4971989785022451	10.153599965476731	1.6806097205690886	0.509416000370185	0.4739584456826339	0.33113554922811766	0.22916345582894893	0.47735045595413	1.4533302657725433	3.6388225714736055	0.39950923702659763	10.200518080719368	7.322160782174832
7.0553495740595915	6.515692885525199	0.49779904106881706	10.109532267966962	1.6763819499801453	0.5091426643246746	0.493689160212377	0.3308067479754693	0.2376569445899516	0.4807925005227768	1.4906333207007	3.6322023570496547	0.40379489672856916	10.028229349245876	7.675104119584226
7.133837598043781	6.403257826427657	0.49310145073413486	10.04049533159555	1.6855531819489527	0.49968304745606346	0.48246249795269114	0.3233163315423326	0.22990106672791902	0.48180818515562024	1.5076305816850377	3.6608534345724095	0.38501939595559403	10.01909354616532	7.7619695767422465
7.052415895104755	6.420045660056088	0.49115437859325023	10.266230504770876	1.6712982802533576	0.5177653072423464	0.5021669297632715	0.33711395673528544	0.2359315623201294	0.49764550527621243	1.5326564694251315	3.6604522589886628	0.38170850390585753	9.486358663427357	7.626627967158606
7.102606584843704	6.458479310326372	0.4872183526697396	10.418794855663347	1.6721567477017472	0.5288201599804225	0.46019371212594345	0.3315905728734301	0.22717550622492605	0.4780418136361804	1.4825591240566693	3.6282440545867427	0.4162432112026804	10.102011046045112	7.720963333913337
7.027113178019409	6.450999654108157	0.49904198230955665	10.130457331403235	1.6737107279678882	0.5048808980359104	0.47958032240927334	0.32466545306251565	0.2407042615169784	0.4806092556262597	1.4805485899086026	3.669716764791784	0.37870004625631065	10.309197602693462	7.612131448844566
7.176187929198853	6.479045206065672	0.48616221998262227	10.011125529685998	1.6649515660489116	0.5022088744014989	0.48899155116714643	0.31285567048621327	0.22564997203385817	0.4761022333730949	1.4934338793187483	3.640943457308518	0.37707254503813875	10.136052162753444	7.606975100816036
7.117382768200907	6.586935216688658	0.49328239075141717	9.927979527570695	1.651099300452525	0.5223560435007123	0.49309154857819326	0.32450673817822007	0.22892504590354773	0.4912319994021034	1.5255168045748386	3.6378759375674767	0.37002502698074713	9.47927642185451	7.736857101304158
7.197576817458478	6.564063852054617	0.4945886015760712	9.876197446700115	1.6734246021802306	0.5063086472198508	0.4835303403543474	0.3304728700281268	0.2302285347491608	0.49418291343804677	1.5150060990320247	3.630656937057212	0.37717282986520456	8.956017334017789	7.482434509591774
7.084081590022369	6.487257823724149	0.508408591676309	10.244217674404862	1.6620436933899085	0.5005880634547281	0.5022010242817851	0.3428620880649891	0.24363482226958563	0.49371484803467885	1.4975821873155877	3.648223196916768	0.3733942828317058	9.336199836373003	7.439458048472384
7.0684874782203195	6.40765003283222	0.49370499646995397	9.989874212837783	1.6566057612112126	0.5059177172012896	0.493189408228887	0.3288860509467216	0.23338122750696966	0.4931141007935365	1.4804671268622964	3.6521086684926587	0.3765852376416386	9.242546985853524	7.6088477351580925
7.081839150088151	6.390531762265455	0.49707088171195596	10.068837129182347	1.681187107297525	0.5164385495654622	0.4753505869048568	0.3156289173661484	0.22901200371981614	0.4946187361971337	1.484962582555435	3.602319126240961	0.36576491308311143	9.337952766746412	7.567707275815593
7.016878400311541	6.408232146786481	0.5057295755197245	10.074378618474901	1.6528052011950916	0.5045113938365133	0.4815940931492372	0.3184754990812885	0.22701715079793638	0.4799844699445757	1.4956823849497687	3.6672797885224213	0.3747896585043995	9.338851136467254	7.5336108181516925
6.9936707378128	6.475514225357749	0.5021927839839683	9.848969260170454	1.6726067449767985	0.5217836203483411	0.47982355063162	0.32642428007017027	0.23643095386288887	0.48504439050242204	1.5164151011522653	3.6272633678309116	0.3787148171975715	9.033083246300762	7.454784044809114
7.16994810880295	6.639755364201169	0.4897821203444402	9.965601806279206	1.6472103922174184	0.5044745405541745	0.47310806575120157	0.3208811583549246	0.23316235251830628	0.47605786032869857	1.519315506654721	3.6556555374354542	0.3811808466392092	10.097513139330411	7.557192095194293
7.134490483633825	6.5179037744812165	0.506859034505411	9.892190293882924	1.649939977970714	0.5362101228234365	0.4887506520995798	0.3313376797252926	0.2360973526667295	0.496147839827028	1.5033373725868184	3.6178160782450157	0.37354987341471485	9.319728726979342	7.693243479237144
7.091986263136453	6.521556609271822	0.49534998653803775	10.072776989251988	1.6660146920824055	0.5249979391263426	0.4901405718700784	0.317404380292178	0.2350417511788128	0.4779215411745766	1.4879067414511062	3.6082647251109194	0.3589672014951285	10.0279197941661	7.7008459785878784
7.046450340630774	6.572524833760074	0.47103527541560963	9.922824685573955	1.6803940115226936	0.49805073857877974	0.49198400858521674	0.31962864489382004	0.22203620892226886	0.47051131436056326	1.4928288420800098	3.646161456117178	0.3669813667860662	8.956623342096966	7.374708249116687
7.198781822967871	6.558709489348359	0.4984707837605767	10.288145024656325	1.6627704543586321	0.511803211838496	0.5014985836652109	0.33168827666240375	0.230376121666167	0.48254434570681465	1.4720497705397142	3.667558713985363	0.3373695184990617	10.007703520544645	7.595319150753995
7.234995527182536	6.4303293503948185	0.5110992058025402	10.102376823585171	1.676144816423257	0.5067580598556586	0.4827417415157236	0.32376184144854725	0.22514789351123463	0.48502442649071276	1.4874434942486967	3.6472747459881263	0.359234036943047	9.73462999219421	7.495685244610214
7.115562422175617	6.391859252489643	0.5128729376078746	10.001772022251398	1.6553078715755027	0.518131994777814	0.48057208022569553	0.33516574888981154	0.23498118080203492	0.47588443625189564	1.506850963130298	3.637493250324549	0.33117332521269427	10.128309791877859	7.829354378402558
7.106882660741616	6.567530323253019	0.509112139482025	10.131134584263227	1.6384548310448326	0.5198573287557411	0.47880954697206113	0.33851156598098486	0.23478436879874512	0.49853949780551077	1.4882458020366458	3.6344623795226334	0.323423188553245	10.230030579350066	7.483369144566249
7.114113159652488	6.476840810295939	0.49696326970673177	9.875658995842468	1.683129991123465	0.5359262763516275	0.4809784890938906	0.31428168487123	0.24328368758565064	0.49460991278890953	1.5089120345794431	3.628363979080925	0.34045115020160827	9.348666906837504	7.544796714330939
7.1606553810674	6.453820988299795	0.5076547962280189	10.229334400325568	1.6562892920852812	0.5156159294906978	0.4595798039853042	0.32262204707325237	0.2190375585449856	0.4727096643509934	1.4873371941666969	3.659857301868449	0.34053924674754243	9.24572844094952	7.666369287348369
7.210179574018333	6.466926851070837	0.5048440874021064	10.16976288684554	1.6608932830253722	0.5229236675338647	0.4857822976231497	0.32289523039554713	0.2353784385804598	0.48938379096341317	1.4988102424120135	3.651810374938797	0.34216421329380436	8.886824877386584	7.639874600214403
7.082303704293454	6.3945176195748905	0.5034251916014885	10.220798949764015	1.6710890993346847	0.5195152327711575	0.470083884045939	0.3233597067360595	0.2294208818180268	0.47633771699996336	1.4683682147030208	3.62676159733883	0.3394984898476014	10.078170526683117	7.539679056321112
7.059368471469024	6.405572004290136	0.4834337063710397	10.371961150439068	1.665075432872893	0.5160515564545776	0.48686084171285565	0.3278855568810489	0.23418399936547094	0.483987650038035	1.5143690244648484	3.637673653439993	0.32595858754909485	9.097531869097596	7.476996517726897
7.075647010977615	6.451095604457316	0.5042204572347497	10.11722897412469	1.6474377325316134	0.5026941338097856	0.48499226829341086	0.3206179969494343	0.2370373232810911	0.47876166778928764	1.4748675180364286	3.621171097307641	0.3226326068299859	9.487944643660398	7.501700551322685
7.063257187004014	6.403693067220774	0.5102592071730672	10.11891763647846	1.6671086605294527	0.4969368254394328	0.4787284993589613	0.3331619070486797	0.2367437541935794	0.49770404077598784	1.4956410267143834	3.6013700210109416	0.3054712056583037	9.37468251547818	7.546400927311135
7.235631529151042	6.455443031041547	0.5055639675331588	10.041925769539537	1.6643906978356098	0.5180042929516561	0.4930836468040708	0.3326469606092126	0.2302691127189747	0.48953056618099	1.4916967632702636	3.6407306708256257	0.3335377584330697	9.47049961741653	7.684923315097933
7.137786257812587	6.521191274239801	0.4981348280245941	10.271829438618644	1.672342044277457	0.5103012856833936	0.49501791547534385	0.3271233312145222	0.23731014958128038	0.4768822249188758	1.4865023822975645	3.6429801814948286	0.3266428051516837	9.769877758229326	7.40807807282409
7.169736368316493	6.481291805149047	0.4945937589906334	10.0169736123561	1.7023660407412098	0.5068349996532803	0.4806595110094049	0.3262169427580791	0.23940033079437362	0.47668144822503716	1.4890037932149014	3.637556547056293	0.33362861293477764	9.55110557914615	7.515023735429682
7.1010596978057015	6.470283881333296	0.5040336701310962	10.271584131766362	1.6999618765631328	0.49839754063901315	0.4870989966456882	0.3238308315375523	0.22638596658862845	0.47893834512081773	1.4905509207460519	3.6476049643539645	0.323135207258905	10.137796599135319	7.508155367132743
7.136302821718046	6.590854818729027	0.49646747629431953	10.156003233185615	1.691862877323027	0.5176111903753965	0.484416845534245	0.330387900231886	0.23749950726466185	0.4740161570729523	1.5028000146501825	3.631569549023017	0.3367281721013984	9.662507252589302	7.546220621668549
7.186524111093639	6.418297158533587	0.49616904709577825	9.99090902503825	1.6902472490068834	0.5048642932666053	0.48810055203525277	0.31969360000237135	0.22831539468623585	0.4770979147274222	1.4677621178314475	3.601827777884632	0.32098411895726103	10.260268107158865	7.680320262777703
7.126236973988341	6.509914921587523	0.4953620090494324	9.917890344642759	1.6681022220529653	0.5186632766281086	0.493581218725078	0.3210734986707207	0.22760101258512727	0.47521731612982643	1.4854674764680829	3.594095907298168	0.3301261429746652	9.584198944590913	7.414089739273672
7.0944115459452	6.407053227975943	0.4904633533705867	9.965961926506107	1.6938699775327648	0.5254855433351664	0.47760197782821	0.32402755833341557	0.2193626674808138	0.4812183805953989	1.4943912199859462	3.64602807680441	0.318762626376839	9.291276870931052	7.4526042265227
7.0411679969870145	6.440831171264348	0.49056724040897537	10.168235025468313	1.6764519736642478	0.5189178390712328	0.47053114905269156	0.3223237049466037	0.23405964372124363	0.49643024697567417	1.4886995671208538	3.6496886592978095	0.31645369491862707	8.995075081807197	7.554049064423755
7.076984102852071	6.499155507655339	0.5062733081037541	9.927948864163799	1.6737981893707168	0.528068468948293	0.4850682635380362	0.3226692661242648	0.22706073791525988	0.48887564661187405	1.5060514792807855	3.6382705488098406	0.3211373506183471	9.362469095182028	7.515664364779003
7.117125663255657	6.555190825332751	0.5118885546727471	9.825935164817789	1.684775426948111	0.4907588513383135	0.48119143477038273	0.33968536011474154	0.23300553128091933	0.48875424759157726	1.5056418946140115	3.647552899922229	0.3047329713254839	10.257650553001998	7.6941652378124425
7.061172660522859	6.349441542394427	0.5074493662460471	10.381186460527836	1.6868066082006565	0.5158296450208163	0.4789846450719689	0.337707923748883	0.2469533045554363	0.48133214585562817	1.4914871085407464	3.6615483715674735	0.30947786838318336	9.856762846980264	7.6009485957006095
6.932894397169818	6.40443074482881	0.48105846554701975	10.24794842936109	1.6755618587607222	0.5171301568216273	0.46958211976744857	0.330773285473375	0.23520880166071292	0.4897456446477073	1.461514873668234	3.6400675968546032	0.30094912944187574	9.163678943446591	7.4394883334476
7.124008646515582	6.527460886768306	0.49615348159242195	9.910522923990715	1.6848734642299061	0.5156703599212656	0.48759618202294236	0.328300037295915	0.23457046012893742	0.4879854073490831	1.4805839177983824	3.6333852798723756	0.3019368097922365	8.999729436309012	7.451676234623788
7.02483540321811	6.514519803750109	0.4924828052237111	10.369379713324292	1.6777751107269652	0.5188929978390399	0.4740260626760569	0.3365997262830385	0.23390803333147223	0.4813779011224218	1.4607970020703822	3.622501333979717	0.29429792118562614	9.217045431769334	7.346183274477575
7.143471931094607	6.543780396211384	0.48143409223456474	9.834132178321255	1.6553411131784634	0.5181116572483131	0.48188797442528003	0.3232001739973008	0.22934797869961243	0.4843128022545267	1.478452313463294	3.6201171943753123	0.29984725447138033	10.199968729098877	7.564066151447825
7.246986567348641	6.583046628589944	0.4941879268581736	9.863379219052208	1.6490873107088406	0.5211801951578618	0.4839290870607061	0.3211525635498236	0.23076957455519248	0.4872339768090274	1.508534672695128	3.6605739625485265	0.27280430840298847	9.904374913907635	7.506286820949328
7.111362752779986	6.428375458560347	0.5031874400917001	9.868647183487125	1.6587787114984291	0.5059626922312562	0.4956166691611826	0.3309762143896157	0.24751745740164557	0.48424955346165915	1.481600236017992	3.670409224816389	0.289179335407986	9.815314472880814	7.590653670747116
7.020510847351445	6.40799067693373	0.48937673571099116	9.9464453857491	1.6412418999467429	0.5249787154920079	0.4914754971203978	0.333049997218012	0.2267465262607382	0.4699760932376244	1.4833562759388703	3.6472341556245995	0.31013247645824377	9.239771900357692	7.802056726697467
7.1433197367288495	6.416999559944826	0.5013905702759601	9.806491428370206	1.627579073165864	0.49819020590018964	0.4772862353806191	0.3253181104865417	0.22759250960586708	0.48007947296490044	1.4907378739930586	3.632181341639985	0.294421859135165	9.335754603210411	7.646868680574974
6.995374650307031	6.382810321533499	0.4826402233186396	9.910710222041283	1.6705853754774351	0.49942639608730943	0.48270130282149537	0.3271256446734371	0.22666196705810074	0.4953729820766701	1.4867386309928756	3.6175664170734803	0.28623548950822325	9.181819542167123	7.499386914945154
7.135337960058784	6.4332385300341155	0.4954531820040043	10.417875232745645	1.6584023222562678	0.5121239824326695	0.4840098368533642	0.32403338778723134	0.23259527231945532	0.47577506513653817	1.5101606071105838	3.599765739429545	0.2641051980705411	8.994304977517652	7.450493909226622
7.210659116585674	6.429671533471324	0.4827473578765852	10.025205367145118	1.6661598424816362	0.5129152132565535	0.47711332272253704	0.3187989377060033	0.22773902582614572	0.468145314934886	1.5060302954429707	3.6476357513362303	0.269764897874652	9.10685068506575	7.547962175158535
7.1493980673327995	6.505484955721331	0.5017666616121741	9.86946620812273	1.6799403115163587	0.5032193198987805	0.49144125695862895	0.3348905667575996	0.23287275347680667	0.4897287867381549	1.4889334717907015	3.6338128507208873	0.285617897104699	9.311971614716429	7.391508868806232
7.165244749417827	6.4557891024959355	0.49341099796085086	10.041191341586568	1.669996689770078	0.5289401914116783	0.48584640638765003	0.3313543752050854	0.23537538251409132	0.47946350194302184	1.4972912993537262	3.637798263308799	0.256710184300522	9.163560772792634	7.443031509641594
7.102796365722704	6.505381889875633	0.5041818601580951	10.137898432150852	1.6771440911937925	0.5001791919214391	0.48480538024415326	0.33186975910456157	0.2298576101470555	0.47874327096343144	1.4919926394895808	3.6331882297407767	0.27564146371846554	9.487199380963602	7.347219108451025
7.127231096031669	6.534794156671086	0.4818889779895699	9.820841273633853	1.6825622575292498	0.5209648296419979	0.5039358352400789	0.3237749227580877	0.23063236101648846	0.4680021929885772	1.4697188227439832	3.6655008713900847	0.2661779024272387	8.965612475091499	7.388062906532471
7.018785454014689	6.431797149585991	0.5103531509438326	9.942830582688288	1.6766671885268403	0.5054363756139508	0.4884171886560591	0.3271092387396557	0.23271863878905236	0.4889645380374077	1.5014486810875338	3.6422561237405846	0.27669907064537963	9.413256989501619	7.654118732703453
7.028941988760087	6.460555131118851	0.4798480761556625	9.820076740942556	1.6812168811463237	0.5173197146564203	0.5032916962749183	0.336839184309174	0.2296522017613942	0.470466446454548	1.4761621770323257	3.6413871440752796	0.28327231709060857	8.957133017066493	7.591944424346635
7.128675020264731	6.3631558879256715	0.5152293111995795	9.953328658259325	1.6716746339166453	0.5147593480416868	0.4890969339405687	0.32777574490363287	0.2235476477818565	0.4787911559529675	1.4893538775734858	3.6741543808524857	0.2537520409047911	9.1100349550525	7.350778716424347
7.08666090512178	6.517500099315508	0.4858957275472076	9.881683150044996	1.6618651106703421	0.49831417463144945	0.4912602340491987	0.3222383206581419	0.226404741356322	0.4765806511672715	1.4715586021800506	3.6478707095759417	0.2748612975959445	9.062337216217607	7.650754249471306
7.143838526333343	6.472224646190935	0.49669556953946253	9.8877060664728	1.6896018493786658	0.5054443230139296	0.4874117655743925	0.32195520780923426	0.24365250595926732	0.4889772253084574	1.499455203249971	3.6209590152534776	0.250709067391628	8.943694934729027	7.616887303234365
7.229105851610468	6.542277695386721	0.4948411390405006	9.858640240508635	1.67315958989536	0.4964843166485509	0.49239256668607173	0.34171934320895836	0.22438977423308523	0.4746283294067356	1.5036758402323085	3.676276088254468	0.2614355097408129	10.120734832246885	7.305714128158632
7.03734098984428	6.456859553722435	0.49667793903377383	9.804770448419173	1.6818275288191933	0.5174001259959973	0.48944937080178275	0.32387121696787	0.23622184928947107	0.4819362860153455	1.478635301690801	3.6643653631551913	0.2558429960638534	9.362718662008573	7.536027708044915
7.1297098635186975	6.408396761612696	0.5017084813611475	9.895542709598374	1.6639316956001549	0.5042154532631434	0.4903983215024168	0.33592756915324545	0.24008118874157455	0.4761946928934494	1.497928922082429	3.6226815070821923	0.25005959687925383	9.48058010933751	7.648177145874867
6.901844411702862	6.439979083012885	0.4923051658895443	9.81747292132466	1.6439260774148048	0.5278511193526119	0.5027840325902166	0.3425595092604961	0.2285744181364251	0.48082492152224765	1.487314466752636	3.628483859021916	0.2771476531420218	9.617593010615721	7.766811453046145
7.110633154152983	6.560471583328826	0.5055912724170877	9.913914190692559	1.6509513327488101	0.5045206974950873	0.4924976002957602	0.33164323023095976	0.23416456281978487	0.4600282133963386	1.4864641667702807	3.660092099117307	0.2629626567147761	9.892038693725377	7.590281873231239
7.115101632346258	6.47270263683265	0.4893275202570668	9.864131290416037	1.6689269441343748	0.5034955218554624	0.4868236231890828	0.3275609832702151	0.22812961594683892	0.4884200012470139	1.4877134421662719	3.665590673238933	0.24317034146665975	8.917913437137054	7.462145886107682
7.137031023379463	6.48034468312016	0.499905022187881	9.87541224231885	1.673034866223049	0.5137182879918163	0.4694364951416513	0.3342053695055215	0.23230582419507412	0.4687149178999849	1.4712421961438336	3.6542714985360454	0.2581387933809944	9.05972010045217	7.673228994890645
7.11749530998545	6.404067025087407	0.4882085195284219	9.83586199265178	1.675982921703733	0.5260282760158651	0.48345361912339596	0.33641191748573435	0.23499994857720766	0.4936404553426897	1.4812127440221208	3.6009958664081694	0.23848871743979908	10.190661521180582	7.452202863150237
7.060510392871987	6.396702904551834	0.5084826343116178	9.838316077476803	1.6546994810823437	0.5031893516173312	0.48483374474576635	0.3316897774139672	0.23272453208564062	0.48620362016913005	1.4966322150585614	3.6512999517476348	0.2560551961235065	9.408393495407005	7.416776691684263
7.186351407985354	6.432336796557335	0.4939753756990378	9.954438944276841	1.6613461159924412	0.5185437678870821	0.46943103413580617	0.3473954740261885	0.23152118944646655	0.4679416280938024	1.5065592632892368	3.6679223071042246	0.24313983420106677	9.697099885944331	7.251106526059205
7.02708401858423	6.380648365695547	0.5003534291129442	9.915570101017883	1.695759123927673	0.5050011386846335	0.48392758205482106	0.33502159773718804	0.23684901481850737	0.4941063517616968	1.5223229191212133	3.644605867035229	0.23977749411672653	9.16212542516313	7.533959717790302
7.089125465809106	6.336214294576386	0.5054096587570669	9.916052824760484	1.6808863467445725	0.5185408235894812	0.48490685384435167	0.31833242242400545	0.23440766076688352	0.47200741450644224	1.495220592239128	3.653274320796846	0.22920558768227423	9.861646833057314	7.364458690801115
7.113880612150148	6.527710111004346	0.49093691865360073	9.744807899862062	1.6581638633518425	0.5058690071133181	0.4938981595565928	0.3269353938352067	0.23078198487302076	0.49268640155392046	1.5090624739200875	3.6607692055789784	0.2361249511266377	10.178446886157124	7.582571286770463
7.193511287482742	6.467038952358141	0.49150094989838056	9.864560915631655	1.6898541063744776	0.5122672655848095	0.47652787886087217	0.32457198309468016	0.2369407611454268	0.48295707281787786	1.5089640708141752	3.618727405586603	0.2369049746169151	10.13499784154551	7.717390825603176
