mass_1	mass_2	phase	time	distance	a_1	a_2	tilt_1	tilt_2	phi_12	phi_jl	theta_jn	psi	ra	dec
9.609825792237194	7.9422512090480355	0.5412834942168891	9.763488478322401	9.494124731053994	0.7653861975047199	0.6358308034270332	0.14619369381021402	0.20352712498936357	0.5155830968007123	0.6000426754604639	2.5470694388842268	0.5139191344156698	8.673757929358423	8.113295081860302
9.608207245360298	8.048303070319902	0.5324968115659154	9.903173475688272	9.555779300225547	0.7529352979154862	0.6388601713393653	0.15813436645294157	0.19334159546416033	0.49155986631206594	0.5808616588710305	2.5321552494110433	0.5181790325488596	8.59283900433506	7.831002320625877
9.642867036484489	8.080624497122523	0.5156511349474484	10.033575545322336	9.634488908932266	0.7432673363945569	0.6229185042086767	0.1691212105000654	0.20197679868075302	0.4843883797353724	0.5818300396917823	2.5443321746283574	0.50840084315057	8.532303429585076	7.839914017251089
9.524620736139696	8.2571379468672	0.5286682572576652	10.02120028297118	9.700998318946615	0.7188148682952921	0.5990545529913929	0.1675163994225414	0.20198643216505402	0.48526016774725883	0.5592052788326003	2.5456052699486342	0.5076703929020214	8.498817347939895	7.8572837097913775
9.466758465030583	8.129435060158194	0.5299910714025492	9.683016162061474	9.779465573883662	0.7199906888606608	0.6374263991157436	0.16320261311839132	0.20901590394708378	0.48167751098441725	0.5569046644335137	2.5590321020768494	0.5009953212887996	8.382464798157025	7.885488223527911
9.463829418170064	8.12328318798405	0.5166656575185085	9.777133828411548	9.784390085725489	0.7416397276636365	0.6369919836098902	0.16156985794427017	0.21163053789785646	0.4963614728227672	0.5540646305355305	2.5282709742287457	0.5108235485057099	8.381625992302114	7.701824876688742
9.390769665649305	8.203350438748494	0.5204375993010935	9.675454201143294	9.766885814854568	0.7177866524792512	0.6253933268438412	0.16580469119883115	0.18759808338487444	0.4906100906389357	0.5749922905383409	2.560990821085138	0.5218820072433197	8.236115869309842	7.978249693112167
9.328135272243928	8.395121285779519	0.5316072629379794	9.599147741668139	9.750472357936182	0.721844960748376	0.6349017913641519	0.16537755213821564	0.2019091793315039	0.5087735602832332	0.5843297528312489	2.5412366155370893	0.49627318613156135	8.403600668444893	7.778110321969255
9.357298650265479	8.489842997801185	0.5210739905971594	10.03813898304772	9.676256830336122	0.7456764265585809	0.6259099803931666	0.16241338935196617	0.20490832320910998	0.5066652020230578	0.5808145800700146	2.566750930464997	0.519815109786981	8.421115227093692	7.86371733508241
9.33960607884146	8.514807571764758	0.5316450621594679	9.66108660362131	9.64773118571105	0.7515304098320628	0.6394978546135485	0.16570739045480884	0.19903409617329326	0.5114890292976557	0.5737996469547467	2.5375405732430782	0.513876978963867	8.46350422977121	7.9275048321724935
9.236566444672274	8.430973273709993	0.533643494843461	9.602606295990695	9.619507191518563	0.7221114557560768	0.6341061104626973	0.1625875210490034	0.19410645760820722	0.5084798718548181	0.5684541997909804	2.5278444990789564	0.5161859815555901	8.447876867106658	7.825040909503397
9.382568202744556	8.406910741739518	0.5100738701442882	9.719386827948012	9.686795923467399	0.7266960266422121	0.6202200648098418	0.1630763386523457	0.2061549686228873	0.5089224393109901	0.5696966121166299	2.5360360996246682	0.4984261173969605	8.3699543132233	8.003570571429812
9.593291528009193	8.268020459152183	0.5315977856747299	9.895768560888703	9.653979545773229	0.7365215926302952	0.6200492642888571	0.16256384955276057	0.207889611252476	0.49866250266364054	0.5706408075933083	2.537933296973437	0.5024019684753598	8.319673494215134	7.894518916230833
9.549871262358705	8.407794741133701	0.5235261121455996	9.948699455840362	9.697495268010236	0.7429412691625249	0.6316898572566089	0.15582582043913584	0.2110378965204699	0.5074204096752075	0.5502429891401939	2.5483222397124146	0.5252615751715409	8.600866748579719	7.850570748503368
9.493178133343939	8.225193060329755	0.5304108441837041	9.60628664066894	9.69107183258815	0.7281906420092237	0.6070945485652114	0.1657299011781038	0.2034181396203901	0.49126899072055313	0.5700948575873379	2.522316917013671	0.5126991638686893	8.503562875140647	7.931955588695665
9.564535957607768	8.19415338254952	0.5092858804317747	9.785515606570042	9.735333010449002	0.738927574481142	0.6301980892587516	0.15738573501372455	0.19680057098698656	0.513974988712973	0.5664355609018487	2.5384223463672213	0.5139272218218962	8.44630194022622	7.882207609662951
9.409691870174187	8.2054039960943	0.5177699254057788	10.150229958426047	9.688553018982583	0.726849905794272	0.6258443009868045	0.16693361207958715	0.19738009980985308	0.49015850887177365	0.544542663514128	2.53221522292484	0.5211881864768492	8.319236736080674	7.9725325897082815
9.50689780249965	8.305786820544776	0.5262174514630961	9.899271743905533	9.725747704721304	0.7247858642149486	0.6183664010672941	0.16804309907600487	0.19623256556791607	0.48519054178045457	0.5878857791645993	2.5443104682515223	0.5180511668076787	8.257611520293187	7.841890044335981
9.497042902442592	8.143791501605271	0.5052716232532511	10.002712090199076	9.697024792704983	0.742005326702309	0.628813197641648	0.16113960563383795	0.2022156931860586	0.4891798947340355	0.5668951717846873	2.5254050488421584	0.5259758470803414	8.283079586857514	7.885372781895302
9.511852615167069	8.129442181867669	0.527134918027634	10.135545437379548	9.653287355341277	0.7358774101665785	0.6271879339745582	0.1665147579682367	0.19276927127202304	0.4896490349686692	0.5591963065996133	2.5324415591075025	0.5118774010354589	8.342205708650392	8.037525986008502
9.433057084296973	8.224384413367693	0.5242031853216076	9.729990483624931	9.63833074954989	0.7264069476310747	0.6238678444578833	0.16889566812461643	0.2006435129911121	0.5000702629934702	0.5821662351022531	2.5503064619218794	0.5168720206099032	8.493616362037095	7.886180939025932
9.428055037504825	8.426473603486205	0.5194333104383814	10.065609906041521	9.632988308762771	0.7198157210625215	0.6183138819011484	0.16258819074943914	0.20106710910996503	0.4969747585928331	0.5674733595990213	2.5463805150989125	0.5222089950469719	8.394058735824407	7.7439640410162935
9.493573245050902	8.217192455254212	0.5096533211390657	9.920421455426025	9.733511217532454	0.7565020492750907	0.6176303938528102	0.1531138069067816	0.20312325456739794	0.4772147284468094	0.5625602931129928	2.5417203906110384	0.5058348320610102	8.27848575325552	7.836522445096893
9.516280925208227	8.371111866114724	0.5239887245840165	9.662608321156169	9.698579261969677	0.736351550503866	0.6310494419113062	0.1717323487145589	0.19543849733605126	0.5010988655298046	0.5756812751023382	2.51399192708197	0.5163536697403196	8.41971724811099	7.840996271556075
9.434726929021107	8.273065840434748	0.5141704347388744	9.7797225037577	9.7925629135561	0.733897111520276	0.6104227952728892	0.16184551916840204	0.2034516550279403	0.4888302134205861	0.5580405927518403	2.5510688791154204	0.5133499565477962	8.508985134743828	7.704164367338644
9.46151801742174	8.160120744446731	0.5186273526262806	9.888935567813874	9.703198822298047	0.7528549401221387	0.6191439151634645	0.15666234715550323	0.202563716939314	0.505533642948561	0.5645975129211154	2.541324402157274	0.5182905468289591	8.393141211008377	7.700173005673134
9.487982111798164	8.141576885552334	0.5346379970785067	9.732670798621772	9.72320709932704	0.7509787833000424	0.6291547201918467	0.1677245227964397	0.2036068116314612	0.4917432980152797	0.5744186762706833	2.519357189683017	0.5299992004144006	8.394362812141424	7.867582706041847
9.495327686979513	8.073101170617553	0.5233364408394966	10.083007226841202	9.661758035807082	0.7439377070310181	0.6232245953547221	0.15742889633336732	0.1949602172613507	0.47932939800477864	0.5596352446039498	2.5583080107639042	0.5252140822709381	8.6936346214005	7.977155034166274
