mass_1	mass_2	phase	time	distance	a_1	a_2	tilt_1	tilt_2	phi_12	phi_jl	theta_jn	psi	ra	dec
6.256155770694744	6.672319648036671	0.5196951210237569	9.493089179980977	0.7674598803219893	0.6764810366326371	0.5342621841629545	0.21718988632503203	0.1629774457478928	0.5276832007922438	0.6873037109219488	3.016649494028924	0.5245034095943287	10.502482719228125	7.79529108771973
6.593801732613167	6.657247734783105	0.5258911468939961	9.580288560595802	0.7371061731321239	0.6766086872603039	0.5393239660260192	0.22502749518415327	0.17056743356218101	0.5138470653102701	0.6852256765211899	3.0254787809175996	0.5199099093789283	10.57984882055176	7.292817347483854
6.707964140489895	6.362168442946245	0.534969099222928	9.59767000745136	0.74065730776062	0.6409193894655921	0.5156315289190389	0.2320556286421554	0.1606501018445112	0.497708972612048	0.6897940834699742	3.0298363696081694	0.5137382899954588	10.97882909062002	7.1041581486380885
6.636731058769503	6.340646490898703	0.5135500871907989	9.50637900215247	0.7496126711117707	0.6377057358241799	0.5241130396155601	0.24401187451739786	0.1589990418589557	0.493106163197359	0.6838629889740983	3.0327763658466838	0.5132672665503623	10.782436785420199	7.138196977814487
6.5385156251008265	6.416610956963719	0.522723211453056	10.051816401939682	0.7407145433432883	0.6134804261441286	0.5287225083681824	0.22495008960860777	0.16624842515486268	0.5120833610154555	0.6671667653556422	3.0598487122076063	0.517475447902349	10.693570713504819	7.201201755750738
6.467119109788458	6.408597435644236	0.515135722591038	9.890619607540414	0.7487432976081676	0.6260776330087011	0.5416327108266976	0.22545739248119223	0.16189473169117174	0.514532170063281	0.6996007602760812	3.0412915968253866	0.5144646159955417	10.386868401988833	7.176501457549265
6.440290857483181	6.687134334438946	0.5222454323675271	9.68830199814196	0.7621252880971482	0.6268010587362489	0.5389936261332781	0.2342609250264707	0.15557861435495246	0.5017888959177353	0.7082109015239156	3.08061621365522	0.512758930754018	10.414615883894193	7.374222224650355
6.5618328587454835	6.634401190223275	0.5288711458698679	9.430386127085663	0.7711551429588884	0.6346262467891423	0.527329755762469	0.22067250333373606	0.15911805904446694	0.5045211091189024	0.7072406606138708	3.06273321722929	0.521335852585233	10.473908504872796	7.263879657178705
6.5885213780879	6.794409725027635	0.53957226518319	9.632049853243787	0.7659375841144999	0.6487293839153474	0.5465749591667102	0.24142649675491137	0.16056951992620314	0.5103118563220478	0.7317734186481746	3.0412392498898604	0.50796928864731	10.473498808133126	7.1973886960960565
6.473255746663962	6.727441037221959	0.5114598951241789	9.543289825363729	0.7771272986480158	0.6527430776070021	0.5513894965674511	0.22482295242895362	0.15279086493517285	0.521106349168684	0.6932307370290961	3.0592516813827473	0.5201130212217208	10.861639226020348	7.315475388781571
6.503363449579255	6.8501730677044685	0.5272406451432604	9.629302621157011	0.7832766504110328	0.6470183807910198	0.5324677994721866	0.23303713294615927	0.16136089242834775	0.4895581462991493	0.7077144995670822	3.014460663720145	0.5138490114267291	10.44689314405843	7.498520015195583
6.630750373703759	6.807161131065976	0.503226251574089	9.791929175687073	0.7914363299524368	0.6532481990923079	0.5419410994184838	0.2294541567521749	0.15638985902482438	0.49987580135164666	0.7159158361283562	3.03260969387336	0.5224423418168062	11.070790299264605	7.31741433821562
6.828298754730043	6.59447435626359	0.5243411418931129	9.51139968114528	0.7802244782157447	0.6403251047079707	0.5330671533822681	0.2311622418949105	0.15898473625488435	0.49224306193659173	0.7223549254045695	3.041582825119966	0.5109617920745492	10.479812826289564	7.485279474068074
6.730160434327406	6.663296868681361	0.5319394965593924	9.70490471777359	0.7800698062126222	0.6416580472440615	0.522763704132408	0.23521789689184475	0.16189443021066702	0.4794172456284979	0.7177226867956465	3.0428679694836096	0.512458685328804	10.608138019441531	7.268442808202935
6.684028133984116	6.587945593564303	0.5327476348531842	9.412724570865635	0.7901201482157351	0.6458921745242135	0.5331677389544399	0.23337776034278712	0.15878382172211328	0.5161973010968568	0.7261646866066929	3.0173229397061383	0.5219026495435489	10.426705763532294	7.365412552090773
6.692873604796372	6.48760069398978	0.528396150328006	9.503210121238427	0.7828862266148543	0.6462755122168518	0.5285386020007278	0.22202687085098582	0.1540797535489339	0.5038737426193547	0.7122638798491843	3.0458674777418446	0.5227882538660062	10.457009387605225	7.4475288866850144
6.5817241285150345	6.752460917624511	0.5177892413862356	9.589864113209606	0.7799615542456855	0.6480140958970464	0.5284758360254334	0.22752776012305884	0.15992184238045398	0.4935645747799736	0.7119798734963925	3.0204306855117764	0.520534171063823	11.07523883339884	7.404433209896936
6.7909988638531535	6.907992110597054	0.5330600071942206	9.501527957148276	0.7873706416505926	0.6254976145147131	0.5358577596532625	0.22469027094332875	0.164149157133821	0.4983546955928246	0.7009810866355682	3.0204044123011995	0.5105984776010797	10.39658069599519	7.334562003837276
6.652406723757722	6.591045112295588	0.5154880063256804	9.438720736705708	0.7639770972627681	0.6723800888423778	0.5296912742262333	0.2246611978467573	0.1652997633099793	0.5049554754341061	0.7178124504488266	2.998788437178699	0.5017724431008583	10.352620888662246	7.373071112835843
6.690728908820749	6.597811182069453	0.5130816457560409	9.512155090594197	0.7808186095316972	0.6274760883601535	0.5338441927743623	0.2295006319353862	0.15387395850857527	0.4944748359136547	0.7061880140924592	2.9977628666234244	0.5180008607803538	11.16226499884185	7.28062184387951
6.626686551328612	6.6140386209015505	0.520485132446664	9.449010144998589	0.7743775055556008	0.6539851324735183	0.5483753003842835	0.2272737561132878	0.1589610308645837	0.5069513881453135	0.7099264771716782	3.0234818798831915	0.5238165204800189	10.399784715931576	7.174463375287323
6.610261042862532	6.820930568349481	0.532575499688921	9.502358392638786	0.7784949268508791	0.6400680647023929	0.5290399083149255	0.21883901544668183	0.15914881344186363	0.5095584880152745	0.7069206491169966	3.0216148685824065	0.5057537238197081	10.616108747502713	7.15341891963112
6.682741450663373	6.702526640209156	0.5296257249348653	9.50504929823729	0.7702107965450384	0.6443834746469056	0.5335154166424713	0.22791715721483424	0.16358061795151937	0.4911166393323545	0.7167363800385592	3.011121024118456	0.5289455069548007	10.563210827693878	7.330622146453052
6.628170082218364	6.675134034290201	0.5398176827858477	9.885240864013594	0.7687072977129088	0.6527311203703453	0.5331251187486894	0.23067734011992616	0.15474745473013682	0.49307819034628003	0.6897983241258948	3.0096483904406113	0.5339372980518162	10.438381012084315	7.384657447827986
6.59820149563062	6.6409693713715265	0.5163295920136279	9.487512303007154	0.7718370865917329	0.6474093201869066	0.5123375877045775	0.22558263410663235	0.16525323847745935	0.4981472780303266	0.7097918426243586	3.0377411439089372	0.5433400644323945	10.675608956095736	7.13390041747985
6.586352866479027	6.624187487750099	0.5051815561554251	9.494148368635406	0.7635919564747347	0.6573145925815281	0.5296902460564638	0.22554978911401766	0.15678460260634966	0.48107708589240594	0.7293180841373599	3.0429323284942824	0.5263041372057335	10.423242416772085	7.254530702427861
6.663844421935054	6.510356196933619	0.5258977600455247	10.097601845977369	0.7690373345639343	0.6425952974749102	0.5156660432448167	0.2219371360563328	0.14650472912007695	0.500790395247625	0.7122662787910327	3.0288618399733496	0.5344588808283526	10.386812300092323	7.475335911258161
