mass_ratio	chirp_mass	luminosity_distance	dec	ra	theta_jn	psi	phase	a_1	a_2	tilt_1	tilt_2	phi_12	phi_jl	geocent_time
4.1740042797279315	10.808656691721517	6.417088292419443	9.843357188491268	8.302285640520688	4.2248332700668465	2.3895319713159133	2.01277665566476	3.6243870045449675	2.824330014044377	3.544441382408396	4.47293664021252	2.6144542230392545	2.1582107376553226	10.278814234017178
4.00503844092679	10.04075821560722	5.395074529762588	9.116888743138208	10.33687789228844	5.051977322223588	2.442592875560322	2.4302317238847997	3.67164692544771	2.787296099311735	2.9865184848683657	3.3181009600984237	2.9058702430969867	2.2776006574158023	10.655800990567545
4.180045022133582	9.07891309610443	5.741652339155949	9.163045702142128	10.340708227308914	4.20372233204085	2.4128676958661104	2.540138909591557	3.524796646392162	3.329965731384607	2.9714057120273085	3.9467923171367203	2.4361202453947195	1.9947990670077722	10.43820148178269
3.8559966084934842	9.672174559969756	5.084129672147669	8.150059821479182	9.43378377043357	4.036845611842917	2.1590911945915683	2.1885726568894466	2.8939450240839397	3.7552962175960833	2.7565994137986305	4.240151880483519	2.260350368994808	1.6386371995400413	10.736021089620202
5.310312427371269	8.682038525787997	4.164641159159794	8.534380529849647	9.186415348919045	4.061700793968737	2.0509931797282035	2.1514272546148856	2.8610735287958518	4.010138586544661	3.065162262889493	3.3423322851472785	2.0851049557406425	1.9589412256732706	10.646995062332053
4.22180706502037	7.974963721023185	5.062860200335954	9.75842118058566	9.120161278798765	4.761183092685825	2.033885358209527	2.2010112707329434	3.183380000116649	3.5543994576607147	3.902610372684409	3.7666398398104475	2.6416658365988197	1.8579144725162746	10.490045682922657
4.634277818498849	7.36027145147647	5.142578463971367	8.326576751005987	9.187974227169883	4.319110191141219	2.0866934898013483	2.4059301007278844	3.1544001895507265	4.537676156046643	3.3279143908783726	3.5973432628566977	2.0716750840471527	2.4618414062955964	9.912719098090538
4.384740611136907	7.169143760885478	5.072065546922433	10.27575132998641	8.682932797871285	4.201178137201447	2.456510027067467	2.418360187779992	3.0322783848597687	3.870429958878282	3.047585757040204	3.7845219726580006	2.1946348775533853	2.2232992924204598	10.427305175957144
5.365119235443067	6.9951902449466	4.0589035495762245	8.253746208253043	8.059413184712641	3.901707133112813	2.213844099888816	2.204909448381614	3.1588475507891496	3.2672556310449434	3.236414005165801	3.4864270632018224	2.082990341634898	2.1267500690711825	10.236177817216806
5.853901171988418	6.273678624392099	4.7748734310566014	9.2862964086925	7.395104907995428	4.351952354323597	1.9585385287765584	2.2847934795152316	3.096913265748114	3.6280868756988913	3.1256971890483203	3.07681599290158	2.271994811970875	2.1754869477677676	10.642119497793304
4.537651155346855	7.081750023634595	5.0797347360117024	7.814246782297924	8.22886318166373	4.296309086876729	2.3391213619856144	2.1248421623415643	3.985101198197877	4.170075816356013	2.9621475904555012	3.049685882704182	2.290870085310147	1.78744507624119	10.09672716030008
4.711849451041459	5.384277991736894	5.4336025049486	9.491961019237062	8.311007121036148	4.8285678148867754	2.311742852364349	2.248426366711381	3.0013691734785577	4.050907935427475	3.2743201931598414	3.203139133896488	2.046060479456714	1.876446877995904	10.332394836863768
4.392513597214458	3.9743791334746104	4.030167577577346	8.2234460797149	8.144820974710873	4.718627650186403	2.616522314623361	2.26663658290113	2.884391266109486	3.90122754930191	2.9200390681662376	3.2999386751413105	2.096396940060821	2.180847540605438	10.023689462024494
3.774714363953988	6.110274096626798	4.677233011379815	8.85880510081141	8.960746604171778	4.21149929788267	1.8871392759611425	2.3094953783217447	2.795455797207618	3.4137553102003038	3.7905740700927106	3.3509074509912105	2.3401867697809906	2.1054313732330474	10.34213274882301
3.944684057614015	5.159705759057747	4.184351167955089	8.55093679559706	9.307975061694131	4.617895209366488	2.6293678798924103	2.3053348606274757	3.453628211627133	3.4688319141412225	3.590745864288606	2.991873981828331	2.069703203215255	1.9143695261731426	10.514092069540505
3.9322928292538286	7.421136440710444	4.730662344515637	8.003428215181046	9.183610694332712	4.497272064351387	2.210540679147783	2.3479167981678124	3.7738149097180904	4.061948977687956	4.248830460938659	3.5656783468367848	2.2143047809487713	1.9238248352717657	10.651393248656166
5.037763741122036	6.740213349870677	5.103927170424368	8.249733832940823	9.448405259081149	5.144912377607978	2.4368639400229406	2.2280623471643786	3.603531458561141	3.744435624033976	3.9091776586166014	3.5348903988810063	2.4711612318687	2.1607726458057424	10.189959280579467
4.459950521649974	6.757236742703202	5.269356801485784	8.289853490312899	9.38705416122186	4.239623945559269	2.4222464094925917	2.046260548836149	3.250294656708426	4.074082373678598	3.229220567965456	3.1799088973848857	2.3430954126101593	2.1713709624399207	10.386777346627861
3.6451934867288776	5.870449445093717	4.525569857537874	7.163529104386853	8.628087836865207	4.187123391150828	2.265928769755115	2.337217946611806	3.119741130950544	3.779312345619725	3.8389515020991776	3.435823875819092	2.6138593886544284	2.0122018381477305	9.803732804984273
3.9495523291701113	6.537225410476482	5.4101864275187355	7.534101983983061	9.3045377560563	4.206186111730356	2.0840756995340564	2.297701001574147	2.963035347144989	3.4567233288179264	3.775157805925058	3.4780683916125588	2.30130753929725	1.9798549946569606	10.176417741541616
4.375363237915011	5.794919895568202	5.817996791336132	8.86502755974111	9.60171413562463	4.004909424827817	2.2641858620745654	2.397060225227696	3.10816244714691	4.334290979002851	3.1203442263616	3.222280576980629	2.2462566157396417	2.167582363659522	10.576443029753475
4.718228446883106	6.561476385012011	5.481443346303559	8.018185612254523	8.853286728058507	4.001582971015208	2.426297245376717	2.3733068731346463	3.1101909289430116	4.345596643318634	3.110529023777966	3.4418743670559118	2.34131459652662	2.2208356968272884	10.263760545144017
4.859055266957421	6.091980714757898	4.5135617201618325	8.097181733887776	8.367895672985421	4.3740664213854386	2.291090837400504	2.016298186176742	3.310411495849882	4.405398285112616	2.9636836352104154	3.6488050522485285	2.3437804796190886	2.0165013698136955	10.45717256766731
4.769079730531264	7.613722577942668	4.565066277638458	7.955744660990677	9.051173161592741	4.127437080832745	2.4073746916117624	2.396835354556391	3.235486552555747	3.787567783886785	3.435273713598382	3.5399479090038164	2.1446525030097288	2.3027616944041185	10.051622618256362
5.262520707796613	6.669226233263572	4.601741776299375	7.1966873962928055	8.950887817674634	3.970086998093775	2.6313634828643138	2.7815853326392737	3.3770213219349743	3.57652629549051	3.03394800975573	3.4569770905740005	2.5739799339191545	2.0911190505427815	10.278609611558938
4.9513898759130575	6.024512296158072	4.8292724378486	6.882150882724194	11.073586621011785	4.641802145362584	2.1953427115356967	2.292345904204818	3.702732769491833	3.2290215991883655	3.159217731584627	3.344763142378229	3.033726287224218	2.047192800079741	11.222540259472051
6.598142774187099	7.2566233439258605	5.808982355753308	6.733093483639097	9.79070090461928	4.442164059288921	2.1338989853350747	2.204125528505537	2.9538353367263928	3.5614062429325544	3.0945537335219044	3.520621030838587	2.1356033569005826	1.7878230751059219	9.509288879947443
5.431608446532617	6.56115588389539	4.631282813662443	7.337565186096654	9.411602530896738	4.6985962823995875	2.620237593725575	2.670924456282784	3.2506004662738515	3.6312529317802316	3.4349214428943897	3.2937579216438237	2.583008526102812	2.1797407295151823	10.830312471748991
5.014443671907408	6.591922912100604	4.532081430330084	7.843301424205634	9.394961880462894	4.0476958184809915	2.2506659182683553	2.2003775628136117	4.429345306089858	3.506033137543888	3.1976091024345012	3.3224509140644627	2.399253605617009	1.9650857323748665	10.195986758996922
5.109894623487703	5.60286648164391	6.114150928910553	8.887767625473753	9.022202745836855	3.80788752320745	2.512059870326003	2.452486035111329	3.598129028571795	3.258534321891335	2.977295353087416	3.5752857664448947	2.5021127701712014	2.1170935792032837	10.164128189553935
4.350901382956015	7.8637367678277	4.308062075856868	8.40632671054113	9.186225840901322	4.437514360999925	2.5081226715730596	2.430328291716097	3.196905904359314	3.5038719235506792	2.8173029274605828	3.04993135062556	2.495742327996042	2.198738536323899	10.594229569228062
5.282962034957384	5.797718894493967	4.5336469283985155	7.852265285784683	9.32461304099924	3.8117401621378835	2.157204463113424	2.4621188543189416	3.1807552581361054	3.40502302356576	3.003333002976148	3.6208170456617212	2.3881627054912853	2.238679458636925	10.924874093329867
5.593100791921735	6.727555347012457	5.56433129798032	7.712938168009207	9.571869335276812	4.254124490010531	2.100292437978182	2.2672658193257753	3.1334216037011484	4.016569297137141	4.105234172493193	3.1823027735057354	2.4734536222490027	2.0491508004544543	10.558224632021604
5.144808773312061	5.873881892912411	5.561980964208569	7.606638187336074	9.45739224156716	4.683563317295379	2.6760645386395714	2.095450974449799	3.2283091652004887	3.7748216891200452	3.431656309473393	3.322182566704557	2.1966150895786876	2.181442153749297	9.878966913924584
4.960516567560665	6.7415819964749	6.8550900161373205	7.119427351388005	9.21256020952265	4.607631355927894	2.7424110931988332	2.174523628305101	3.8548737240252655	3.2562585189246036	3.6080392498769185	3.2719208155804176	2.3667132541537153	2.1816956302233894	9.998022859448518
3.947775228647197	7.146922284027682	5.740727896588809	7.675848633334579	9.201736389275107	4.362662508847436	2.646853060009669	2.0692644724506652	3.9585792688749497	3.740311086340105	3.3263516826538955	3.4392356885791666	2.329077603868709	1.9247704308657942	10.48500058513001
4.195808780678296	5.63364375232593	5.030159640643183	8.852464860472054	10.168050130660397	4.333037369966643	2.3211154457078256	2.402660799351278	4.999498413899953	3.2242439730617973	3.3793300672610505	3.719891420190612	2.130500222495607	2.1882321214997544	10.280815367685978
3.466233920182406	5.675363399990969	5.224291151261454	7.736484939399734	8.698615471955613	4.528057308754215	2.1477389635142767	2.540242557481842	4.264029016984533	3.6657159162945683	3.5532807912782367	3.4555673772206665	2.4535585133642006	2.0676081211485386	10.298850389924748
4.958010670108736	7.027322246976161	5.8539963875104775	7.244033227990183	9.681320436215575	3.8535286472701844	2.3777999652895407	2.4142623169808726	4.711310533974283	3.3321779839232533	3.7107415849869203	2.7969363518376342	1.97534303253508	2.018382696620742	10.559558189214819
4.005202396331637	6.7655213161991075	5.569279217659546	7.6239259780428315	9.898361916308216	4.88854724305224	2.9224887815745655	2.4982522536081846	3.7622365860113125	2.963117400534228	3.139553588537406	3.448863536558438	2.552995593175351	2.0999007303173576	10.446341538761498
4.978001845207603	8.467996219725562	5.533668194907659	7.845696366295594	8.856137029693434	4.3313678479785045	2.251408639389262	2.1941138271772394	3.8651392113622607	2.659183703436958	2.871279748513898	3.593003962724905	2.391876322389774	2.2699513208367783	10.605765630361272
5.411466358613616	8.05349680837819	5.427612038243819	8.095109529949529	9.564115750364536	4.13002529892055	2.423362180220823	2.282532516933124	4.815255325449252	5.830313139729554	4.07946723586938	3.2457463414364214	2.4036415518442658	1.7943126124433317	10.5082737390654
3.720026675917893	6.542500500784788	5.280798757371666	8.416918241423609	9.19315912856342	3.3017134344967283	2.2341240973583427	2.2455497943577076	4.246798854170278	4.309424914771847	5.050591097814505	3.260456379253089	2.5548381710140684	2.002220731096121	10.245591495385828
3.3201272005313136	8.043553701318002	5.63002472507033	8.172920511307485	8.362934025305423	4.218088134822329	2.1947281845383024	2.689781143759317	3.711930842098046	4.111117747177581	4.553218290101212	3.1864990658292722	2.3292909463043516	2.269444508814214	10.78570325312346
3.4047996557452485	8.42525821738753	6.558221949059268	7.300144895493102	8.593660342184961	3.925751561164651	1.8967145237185208	2.2380482214825452	3.4144281558416685	3.2589437829035064	3.773205285020779	3.109486278820867	2.218008201286419	2.0218723436424697	10.193220473629596
4.655872403580149	9.02166884577471	5.504776290682725	8.184154545672675	8.53149303733354	4.509153974970135	2.0291415221329374	2.3096622321268243	4.416311319109263	3.8587792900705704	4.4467966109820125	3.122602724240814	2.4470407462394	1.6942115080062472	10.167961348481215
4.916724491502899	8.349331377622772	5.023344142215843	8.220526315417857	8.729301227079846	3.970553798821755	2.140110799659088	2.2023910128236213	3.5529131914421277	3.554495169478636	4.404616964098329	3.121638149967697	2.155511135433652	2.0016940025426373	10.325085043797076
3.249490476609892	7.7958126909309025	5.370775847119677	7.743304685936511	8.78545958251497	3.925364098220407	2.2251403120756583	2.2102678749279923	4.196892988446281	3.135571460862973	3.7671497170813195	3.3599808475625204	2.4041924396845067	1.8231205780082413	10.15215152407537
3.696955577512555	7.391137836311827	5.219508487442857	8.187367953547522	8.35958704955983	4.752108935403946	2.188070813555857	2.356484119048529	3.754135065576217	3.21665032594983	3.9378223912992993	3.0157379100331703	2.211596856329982	1.769669504171462	10.398768589426188
4.5300530840632005	7.931090569880257	6.108827681267838	8.213963544576492	8.307973734877825	4.960758787999555	2.6567380216115954	2.3946539143843375	3.668804617806752	3.3649155875966157	3.662585290421369	3.007860553686732	2.575094892674013	1.9632460279555883	10.360521306248994
3.682539167228692	7.322049800965786	6.0745883738574005	8.92376367310751	9.029412171641368	4.224313323549409	2.2458143670371427	2.40289324879369	3.4044831445858406	3.7328304798571037	3.9927251188302564	3.368626443234894	2.166071135683281	2.066943012288607	10.227717111511947
3.0196979995872213	8.50035740762696	6.15851724260272	8.699467654770178	8.671568692628236	4.254945862923453	2.389705123267352	2.5475360996250185	3.8575122212352735	3.7772467413834123	3.858004800239954	3.214596987163676	2.3330554498922353	1.9285460208403802	9.492981233252744
3.2229822598254625	8.052592310969045	6.00329181403763	7.847955679902383	8.81125803707312	4.320410118716617	2.5415979902959362	1.8660905565375356	3.3429614763936333	3.4007626741432984	3.79186681616429	3.130512739516212	2.348204363302395	1.8218080830948973	10.011373636723459
4.60965874354462	7.430649386496636	5.730318326094743	8.229675478722868	8.6188747060188	3.658686405938004	2.062401292178851	2.243596006637391	3.450643185689311	3.3985453460988952	3.526171847591843	2.7712427299396962	2.7221093175546205	1.9399193782060604	10.318882479012304
3.7161394070233107	8.614281124745725	5.329574257285098	7.758179321215231	9.176646591707554	3.827224893768598	2.8108162735681814	2.5738416407632174	3.215362262952558	3.9240818310134267	3.4356687603735274	3.3564784225750657	2.5215385123893785	1.6517329293396987	10.11319069263093
4.871214731559414	8.316200760032444	5.349731387397359	8.539026692178304	9.663323351074252	4.075657344308626	2.1720523984256954	2.4299666894521317	3.884644657091009	3.179639461909199	3.0105649846895295	3.2656998946438365	2.222177231391718	2.033712893124056	9.972220472242187
3.6735644124623663	7.7951387619851396	5.231653187038879	8.418605347913042	10.370460484328035	3.4862593251916407	2.37621441061051	2.232743149302838	3.8845792815766327	3.338443820898966	3.6260867376918187	3.1907038586691283	2.333722206864362	2.0162484519705317	10.427442705887385
3.1927387504976914	8.327222897774302	5.370729612848287	7.744696425258982	9.830482063553822	3.746192541282833	1.979045722320632	2.5034030801780336	3.111700654735543	3.6347165511033084	3.1783379744203213	3.5850300643304016	2.2937592048055087	2.0793178498288905	9.649343389454762
3.7408680849085036	7.617241406501615	5.206004913647926	9.12828363920242	8.480480187392716	3.9123049873176137	2.176815940135349	2.197024021648048	3.223049518429089	3.445188451171834	3.2200674916954957	3.5671909442411684	2.328895420402348	1.8641505465676396	10.14025579172267
3.4331098643334244	7.792548409322743	6.536035265814182	8.365091089834204	9.523569359870564	4.99035940289035	2.217039702645094	2.2315292625096945	3.7847147839647586	3.9243502014848595	4.137828238619683	3.218561341845249	2.2022773991909554	1.796799667259975	10.35525732648395
3.2489764095171165	8.273603509285552	6.5269689760348655	6.782093627674086	9.631212583637854	4.1901198360083525	2.3217965100792304	2.3327001430181817	3.0279467706497574	3.7064985079823054	4.205944252131759	2.9181346844073244	2.3397360345293627	2.3306578417766484	9.775971514912293
4.62981707612686	8.428476705557008	6.428629786436912	7.592253380472527	8.934978022042497	4.225377351398838	2.070136801459893	2.335875288312691	3.849590696383895	3.4906516343872203	3.5574600449630815	3.2911096317307624	2.2376499860962893	2.0823347261183858	9.509150261194605
4.109648017334249	8.236610132219143	6.694477462013534	8.046932479855275	9.768464974878592	4.475201430375086	2.4997245661095806	2.2407376427837944	3.332816787694101	3.3239768920578383	3.726554486612458	3.115373764005606	2.269812070167156	2.4487820778852254	9.866879610345176
3.5225029206899827	8.573619056552927	6.914260370988103	8.21948111717108	8.156877699256754	3.409635606532629	2.4790312585680985	1.9480499749981128	3.2709549671288496	3.385372089149322	3.5037012218618973	3.3061671041588756	2.5805856097850137	2.5088459188909584	9.874506383641602
3.9686923478874054	8.892066311543678	6.244451058160584	8.07999864656907	8.692404496244425	3.9434457547022195	2.221660236184539	1.9667956663845998	3.124705043370245	3.237909533332775	4.176911098072351	3.5469292441581532	2.334049334161203	2.555818944079232	9.750433323518127
4.413453891638388	8.388750983217635	6.08382852599555	7.5860416453976365	10.863774920080234	4.079931445928347	2.204595066128677	2.2104478235844747	3.345966028682803	3.1281526697553246	3.2170462432220233	3.5702304324585112	2.7107591978921346	2.1883187542226477	9.954707787922825
4.059624949227912	7.611311012472103	5.404244606421589	8.725926542652148	9.06258039645093	3.7647558175584344	2.5347842004963	2.2184479079487316	3.3574309072661817	3.364914214290833	3.376778819405262	3.047433332730783	2.2395540393899767	1.763507471592329	9.93669114260239
3.8176868026782858	8.526085241298029	5.93743467043209	9.883478154156535	8.591180603126798	3.9942622914633987	1.870733355548755	2.3575567386383454	3.95112231080176	3.45734916060885	3.5235863151307028	3.4678538956997484	2.441725789229769	2.1612162938135695	9.96342596833172
4.8057173919124505	7.669803930606871	5.686931274610032	8.751198117913718	10.814418341351852	3.8825149676976203	2.512985098234292	2.235218737103526	4.212593871885774	3.368778943928667	3.8748867564372613	3.3540752228050805	2.340872150858669	2.3839973126208927	10.040710346565156
4.3601474262907685	8.296358838655289	5.8153794840457325	9.865410140089116	9.01190243824416	4.525720582689044	2.489960015880394	2.2109912523224944	3.736442597766589	3.416909075632052	3.61527972306492	3.2160976558175145	2.5732280995447203	2.261887752477619	10.335633683828092
4.293295192204777	7.780522496193164	5.398109214274438	9.642758700802592	10.503474730932771	3.547090179080779	2.1126521375287193	1.9413367034265487	4.343961401950579	3.7813895685442747	3.6237367040687287	3.031893975450462	2.3704092619268673	1.783433169211049	9.901861495272861
3.4839923264155863	7.601297924006511	5.894298440104015	9.219153194137967	8.911611375527222	4.290995775302749	2.338248022156839	1.9521967299670724	3.7418803323035497	3.073427361020722	4.2574383316859485	3.0395822574790916	2.6111904628280387	2.0703977248986454	9.911337941090709
3.7421999709809257	7.95713732396996	6.041164460302256	8.164374273165643	8.398940514585448	4.158709178585193	2.178264637202023	2.0422018765168986	3.791406059004151	3.3900577000818486	3.449369021983551	3.368773964732533	2.1379647450247665	1.9128697623979212	10.456562719391284
3.3290382988249734	7.455637309565091	6.40429472419951	8.450068771130173	8.935845746837533	4.077944535886465	2.331625714299098	2.2026341488012444	2.7100052854998418	3.2676549534535426	3.6854008934650615	3.276214724196922	2.227247262439311	2.043746790237672	9.470680471023236
3.759678358936975	8.079641499400537	5.948230786336549	8.709906864662768	8.40110322674136	4.717025203303597	2.2068304233872293	1.9697412042763773	3.5600721505461506	3.6701872058363088	3.488748739460152	4.365378190376477	2.5919162508053963	1.9501739833391558	10.05629348947904
3.892550424578198	7.45247328120025	6.148537841636107	8.439301954798056	9.691167227661719	3.7103372793956932	2.1867602905926207	2.216022462972338	4.042459837199731	3.637281662902594	3.4191542424479433	3.362199847781524	2.2548416699323113	1.9717546496320304	10.262501328321685
3.754433849727244	8.619037645992162	5.599983558106607	8.880358925583916	10.308721068503939	3.4650437086539374	2.494860057749442	2.180392946933321	3.8908246238491655	3.1317110547849327	3.512941923766509	3.6107044307721217	2.4234216922484455	2.11763828620435	9.486642362656013
3.438815351873766	8.203464947617237	4.744671203245203	8.575826738186963	9.938095531211959	4.16797981375912	2.415115806913669	2.0130852587351002	2.9501982773218858	3.141263595484598	2.7920665391108446	3.5140534358678273	2.3201584195258196	1.93859866255131	9.77366695060667
4.101441631061608	7.898174017603101	5.414972574947658	7.472852866423637	9.424807338960106	3.326195288812143	2.320667380606067	2.23893240619288	3.3072796573163665	3.237157206549946	3.5875337474250815	3.2744367430894648	2.228810855558534	1.9401925462251945	10.416932887892882
4.268014548353308	7.768535415072092	4.701400977465647	8.381757477564488	8.530200855585454	4.405023125479174	2.226864518447391	2.279729294955584	3.3832025273749005	3.4886082146455606	3.462629783487951	3.1904551770819918	2.52399072090452	1.7576980081197737	9.913111647691242
3.831413343559997	8.090766524813711	4.790536193791937	9.93460896150809	8.9538030502793	3.8846338613207343	2.0910553708100013	2.3059054987950836	3.1601390199955888	3.562460778745668	3.082566830860303	2.9049283755405613	2.1822474573217248	2.2939056592981606	10.041302858916195
3.752263720512504	7.8542469015719245	5.709079215109452	9.44868366869878	8.341118337206092	3.7901463418034997	2.2388829908577197	2.000147483768694	5.140964996960948	3.3010830033331167	3.3945222770555805	3.1822223131647056	2.4757044928844474	2.2246667467322063	10.49386992114097
3.7607097753144036	9.24832916789538	4.74934814138766	8.823138984848272	8.557096838032972	5.494973728626772	2.0266694908258356	2.4382862739259172	3.219837471097205	4.8562601890213575	3.0117506730566834	3.605057728695959	2.4978808892155344	1.9166232403050647	9.951167982653283
6.226905684024669	7.741640168531101	6.205591664126387	7.752133060494126	8.310734285216565	3.9887028896870707	2.3154002457202996	2.15464419209957	4.169615530596357	3.0257614179959127	3.2048733015963924	3.682372882281871	2.4162008046948666	2.022591012460821	10.038640084892544
3.9795019564551954	7.4818761804712155	6.6735049679930185	9.651081194100911	8.42685094987084	4.148175973734888	2.334363050960909	1.9483823977576349	3.350152960175406	4.055210933162217	3.428778047143269	3.3321043430228254	2.0964279006021274	1.8519769703255848	10.37345345071694
5.028531009183081	8.24600588705767	5.917413653397576	9.429479041567495	9.807914159040635	3.920346374303242	2.402800658873474	2.4256393789208515	3.0919086725924965	3.108919235189342	3.3624304527272226	3.0570902066045744	2.410076296851409	2.138948307281237	9.7566969836742
4.2460669292985544	7.415962934399265	6.2956657772280655	9.450290576659551	8.885301731533206	3.5725638737215313	1.74441229213593	2.4411162232522767	3.174596395552762	3.130987464157473	3.2462289142316445	3.331971879718254	2.4891359605861814	2.2570402788297277	9.890912728981732
3.774480856953901	8.797485400516676	6.75108509448121	9.699574230505842	9.840080849671368	4.274290238243185	2.350756885076714	2.1305389414319	3.6570921031840173	3.537171294273539	3.121583512673863	2.8987143612090613	2.211473651900344	1.8655745521869225	10.173230517317922
3.922247659359074	7.792934882773366	6.139280577435176	9.05089447826928	8.178167782135924	3.968428454868572	2.209785916681155	2.2662726044289014	3.371901208018957	3.824924276513201	3.4896863605702197	3.095908324569559	2.4992737058928665	1.8336150028957723	10.084796688925206
4.271368368926525	8.41789277980046	5.15618252892605	8.564246863256255	10.221515866243575	4.017922524000871	2.3952321096406837	2.297334939653406	4.0493981573527	3.260201743650443	3.7828409813635098	3.0753933020453164	2.4427180437491787	1.904258473356051	9.875541643022476
4.917505938127174	6.515742405338885	5.489007941874857	8.250097361032264	9.106166649124708	5.826763939256825	2.29966047320671	2.1941282684161214	3.3382889380058116	3.4707725553145936	3.5375407512061168	3.402592012303519	1.8622787272345247	2.007788369097234	10.102049126514347
6.320169912004248	7.994823821032816	6.678646213075464	10.128197344087322	8.897669952981309	4.3854019664434425	2.0431689804304747	2.1383635214349774	3.086380700916612	3.4492870872338464	3.172601889146416	3.5115916625572665	2.332604607906146	1.777683244897388	10.319587390899098
3.557428940632597	6.566918724474947	6.962788274683518	9.857247507265466	8.70885912942068	4.2820449056010474	2.073590522066582	2.1065714344265474	3.3124882810554976	3.905342684352156	3.2090206481404713	3.7560301829527685	2.204696207182629	1.7950656111787078	10.480477005947254
4.083401009012961	7.211662832474168	6.209548612050292	8.917397249885932	10.471973095152668	4.034041422624529	1.9736924505479583	2.096282016736093	3.3458269380509287	3.5332404927931833	3.3576115138045646	3.3687972591124375	2.235856846572743	1.613983699449783	10.2496721196862
3.69761914447599	7.215098823747814	5.830972397200644	9.212843412153466	10.011170178964148	4.264421334054359	2.252230677903987	2.2251367080714495	3.3332225469669137	3.272788016862334	3.5060260774282344	4.453890129091157	2.2465479356572278	1.9136692181020403	10.480166072928444
4.5274207379813936	7.616469415114695	6.4101017768733355	9.030261635517764	8.668468301388302	3.600943736325197	2.8376706342919116	2.2181738098892447	2.5453548635512004	3.4453323835534104	3.3200391959463316	3.8240605395097873	2.246209318322411	2.014813608145759	9.825518948983426
4.011502729976394	9.005570888017358	6.238129124446313	9.32235305768727	9.807249979701933	3.524988871279654	2.2824111441682247	2.276361860012072	4.2043735766755	2.925319079917731	3.1865264019258586	3.6167072627106602	2.246012297137741	1.9588146190345677	9.92257239812021
3.672305588192253	7.434468938674066	6.821028119946405	9.169799638679255	8.179817893768023	4.389224814679201	2.980797197775502	2.109122048704857	3.0319146731631874	3.3900178757084984	3.4135117710717666	3.0331173540497254	2.546790374967875	2.4609330826337135	10.315404706072902
4.756672593176856	8.006123465813177	7.035634063338777	8.615160718441283	7.920613171595213	5.374070385701029	2.457498680727095	2.7294986656458295	4.3925464257773195	3.4971490701613996	3.428219467143074	3.1389890495284694	2.545921873148303	3.530361214159447	10.237562334779357
4.155966643002457	8.168872590948771	5.3591969804659065	9.39355161662108	8.487974780358401	4.337397031096612	2.36812756030177	2.3788822326347363	4.4215598012126245	3.9446222801580593	3.083440307965027	3.068570311717809	2.003166963782925	1.9897313140639477	10.305885745800035
4.319585086517608	7.405633345735191	5.930248369919817	9.265581764407978	7.337358709750769	3.948535684242271	2.457737567610243	2.437056255678977	4.605899945121949	3.489156073396178	3.0636406494138857	2.940332409340271	2.660156376898698	2.0241798732575433	10.1560016265906
6.035564485107994	8.852936993900881	4.891678741513425	8.64773734079076	9.141715567167639	4.061747744932475	2.0360749620339296	2.278884320709971	3.4884501756791777	4.101103410919368	3.3658527245011762	3.255039838416501	2.256415597321947	1.8645141017004647	10.301247498124534
4.131038262183157	8.905272112259834	5.348220067261271	9.360782151227554	8.82045710422187	4.075656202281648	2.263509961799211	2.2053039442417464	2.8922668769764197	3.278732415718366	3.3410485478045464	2.82358328964332	2.48088343222599	1.9718228275635243	10.287086636075085
4.657447069570171	8.283795256548487	6.13734686106484	8.964204290203309	10.341215366540396	4.786268015827799	2.4464466754238705	2.0338147393681707	4.715329743486309	3.838053956006585	3.28104979674612	3.7290172513358932	2.518555140970381	1.9808988742666793	10.382468862457777
3.9012900335633685	7.423202422057316	5.862405494084629	7.747348554286931	9.003964948921984	3.7930272089387316	2.258309632127722	2.0897608086773323	2.811590784756376	3.224612865381776	3.4020470334548367	3.2856943757186188	2.2206242100457794	1.8332408379427307	9.879466037930582
3.612817647180922	8.418084848471212	6.999089428315537	8.267600242757313	8.30968478805893	3.62169462158694	2.207101519779518	1.905242105878257	4.041357805848889	3.724011231551123	3.5767655001967644	3.5894689359556233	2.591309998216598	1.6990567879942828	10.321236130154055
4.198015008777352	8.301969660551446	6.561087251814083	7.655530208262133	9.246454504109478	3.8740238234957975	2.105041882128201	1.9816946024912319	3.4829044555949484	3.146301954768075	3.726557083494849	3.377352861944932	2.1539312288810213	1.6697857535318414	10.417557264533002
4.4883839472399485	7.472699412717773	6.9990509175779705	9.376105384038626	8.217618016878442	4.015134313224635	1.9519248608125555	2.3760588939794784	3.8422042114063313	3.2770562912977494	3.3775319139831046	3.1317902508498143	2.5893639673942594	1.7663852225282943	10.36167204741922
5.375562438596913	7.502334631008015	6.110885772298748	8.02530611859599	7.60336619535769	4.27298224408214	2.0889221331676566	2.1936791573677845	3.6859058777445703	3.272078059036666	3.0634628246629676	3.4981432060872506	2.3740063035533674	1.8241516784032354	10.234844531343715
4.245065683834967	7.557210192939765	5.969907766980507	8.604358353613259	9.381980469788326	4.205635384336549	2.271673934897738	2.432104147325664	4.040412540957998	3.7599200954371415	3.0138657081498152	3.716155476712784	2.1103067127708575	1.7284426653945462	10.43988435636428
4.4696142262576	6.89840046467015	6.077767017307194	8.54839049997326	9.56601620657108	3.752797551541839	2.28425300158604	2.1221815093717913	3.5189544923562006	3.1190223272862454	3.509998981020622	3.6638284159021772	2.418015376195198	2.103288144565694	10.13889414950647
5.384459226369975	8.18635997603822	6.504048903909979	9.184752970354321	9.456662519270624	3.7925944295995984	2.3039523639231905	2.3403829406489063	3.3840642208324794	2.865479736324451	3.0829649511542025	2.9104714337150153	2.310543981602278	1.91066363976786	10.418951418305088
4.088851843287413	8.24308883743768	5.887191960544574	8.716789408959652	9.638117513106204	4.148868736770848	2.108855191954677	2.2378535761404765	3.8506369824696063	3.7344919451474103	3.6460901167619686	3.015962336923361	2.7291515585956536	2.046927982099993	10.435246218082609
6.632993649001902	7.687909921449643	5.04648501554318	8.496547612367321	10.170903246384656	3.8143884950784996	2.3318797197696663	1.994848602592099	4.313243504228411	3.405479213104677	3.1311940441904316	3.8503829161128684	2.380580785883372	1.5696103219923006	10.827389022325741
4.342474314469791	6.970438178131829	5.719454421917449	8.69460445646283	9.384309931805761	3.854459778525576	2.2099745729037976	2.0289015984125416	3.6719239596824162	3.2839108664353716	3.2315761865262678	3.156963694818803	2.279245202165292	1.8979730779442276	10.07801561201619
4.012258815756886	7.930627192984863	6.700436304926146	9.47102958017127	7.523394569211573	4.01617072436626	2.183066774743325	2.1157204462980603	3.4401780391235106	3.166657160743448	3.5170615773616034	3.7749799415058236	2.3851106261386192	1.8355349949424782	10.36375473482915
4.615496813193511	7.297256729585789	5.940499012237699	8.373161422586419	8.747955292334332	4.018935320298993	2.1920536349323556	2.0068769221551355	3.5203916524474588	3.8816208885731136	3.3429266890318425	3.488047625572701	2.2633983076758843	1.8752460063496916	10.10947620069081
4.188084054368905	7.24774286659249	8.534306780794823	8.04579042318524	7.461930928787161	3.0120191858493692	2.150535232262339	2.065644860549481	3.6182031538414097	3.3339225129222196	3.47803249819182	2.9569733128025395	2.1982176275044196	1.8199707176533806	10.763990492517896
4.173020727392234	6.952448175343445	6.425813225998997	8.669532411048701	8.917989201752587	3.605315107511479	2.1662372533761176	2.1080925855199175	2.687401438648824	3.2679670448932834	3.242786989626042	3.161078222648844	2.4350178360255597	1.7689248378779594	9.756607260624452
4.844237015066849	6.513371419452646	6.013650258084079	9.829784700407183	8.975730508805508	3.9038408798293363	2.0661886392945608	2.094277865198494	3.1004042688581386	3.209588668280677	3.2114162425759103	3.185116593379637	2.0327046309520056	1.9552274074787654	9.875167922061934
4.728073972676075	6.351235365645834	6.7176138254182565	8.584733116443005	9.048243652295962	4.169729378775692	2.273626678507965	2.5131551847922045	3.2793816357219625	3.87957070796728	3.292272350476712	2.6851394310345205	2.0534528432716157	1.7910066348771636	11.051649762430428
5.23329457044908	6.757970183069762	6.547548161682999	8.968020015339953	7.297436253737602	3.9309487625665	2.1941502390304484	2.0896113167536248	2.6251406105154125	3.2711717721273152	3.6756220073944594	2.7948184597445014	2.1317282031498963	1.6699969849399803	9.894914589435984
4.556258906460102	6.2931151157781064	5.965974748159772	9.523993625806993	13.918534912861357	3.527730332356999	1.9653728556177807	2.1392742613004776	3.033815850158798	3.1191937608430775	2.882178435008011	2.926998151771117	2.2600192035649687	1.637129417126814	10.084456164048655
4.604427241013449	7.271479383858923	5.9487486431506005	8.41536766743801	12.687096054382549	4.050167370198238	2.03817259611229	2.128755292678267	2.8887004574243837	3.1124611202814534	3.184577209647716	2.56260095911931	2.2796900240716855	1.8162464457835623	11.148307563285089
8.898398639883363	7.723286710189079	5.815649686918267	10.347256425582305	12.723966345011801	3.977184479745022	2.3180772093873365	2.147436994921722	4.083409968399483	3.7164480968516025	4.2080124341617475	2.971134173053508	2.128547349184193	1.8189765872429609	10.335296620903256
4.814835310234612	9.013230603242175	6.206813058301197	7.91149946290986	11.37718324640235	4.532307948740984	2.149513350384218	2.073615071220343	3.4355966167701735	3.712372911964594	3.5241428737727927	4.0820611532052995	2.002432522701632	1.9840934185764572	10.476495588675888
3.7145398088690587	7.566072382766575	6.198558330213756	10.792765841589615	10.8971375804307	4.007462327837048	2.0629756268784227	2.362055019719102	3.159911485428101	3.4350002694578565	3.503701922222193	3.2533089875870913	2.0837263819545133	2.0855182728362873	10.84536979489717
6.9626796923732845	8.209301294482344	6.49050732314037	10.516149782170254	9.553336645626919	3.907315056191022	2.169340892039211	2.155244281746017	3.6446235033203793	3.253473812707241	3.8403330751539597	3.2359868994040744	2.2310959250272515	1.976824836604581	10.435964225213437
2.8046296427735973	6.918010562011393	5.616799232937896	9.52013587958116	8.937413661139493	3.7042384094135796	2.2850779925121887	2.003715732280967	3.79255490364104	3.1257655362380703	3.1993699883515077	3.403681873622364	2.437036070447168	3.4815786550060093	10.609255828951401
4.893018422620605	6.902156520906237	6.55960185376067	9.184745340447515	10.033582449242452	3.8407338653579153	1.9674995079539304	2.1063330613641345	2.7628909182288424	3.5343697665789713	3.133946573654897	3.3685959114816035	2.0570672844236197	2.5106825347120503	10.504334689240943
4.294740066282031	7.310037696479226	6.5633840237186245	9.426260506021164	11.438589638920426	4.1853208986245285	2.0209491593333886	2.4860843299502613	3.3054347549261256	3.312425648567775	2.984567960545185	3.132181859016634	2.1159969246704984	1.8497927664321894	10.038686958761692
5.043315421599051	6.726781718888801	6.769655266932678	10.314153221164169	11.651230878650434	4.038587852677322	1.9645894585081223	2.2431783172655497	3.1493420487810626	4.054359727273218	3.0832925652669796	3.3610770889794637	2.004820014179073	1.8425650262535336	10.070650651129647
12.94422909939464	6.971625511543341	5.313590001211364	9.755723566183502	9.605990977066241	6.716141734250395	4.389845018916166	2.04089246358833	4.430860966508052	3.157526842486115	3.8756694364410773	3.3077989753912527	2.1221692799163505	2.450294909584513	11.78444500710046
9.508145793481042	7.351094167024923	6.08689083783629	10.509750713180319	9.91497466513335	4.472513862533398	4.599896274279109	2.3296453713883194	3.3237040789832877	3.009081221466012	3.0769742215642886	2.957647640187818	2.055866050720055	2.012629513013837	10.637761185065138
5.455859852028065	8.408893759299307	5.2617218053728925	9.623349120787639	10.611341762289358	4.063820503072794	4.3484992813906675	2.153891464562335	3.3615353605056875	3.650526443233469	3.4544887028644418	3.480424440873622	3.318850684351318	1.9587495974778024	10.728463519511136
4.5366052001484025	7.1782435715161865	6.677379463730286	9.33155523599359	11.071749014439202	3.9407622424226307	4.407996725315116	1.825583440756878	3.0236042392071782	3.0965283096377347	3.002383413043499	2.9627093865122984	2.425930769731838	1.7499156459273921	10.164821324416565
5.401009825309233	8.191448149838775	5.657766451571214	9.559277474906072	10.838173446387268	4.022785194342035	4.3910367361176	1.856728397062084	3.2951858166505743	2.9112310444991176	3.230586387893929	3.6798364923560674	2.1878329509364676	1.7860021775639614	10.233468597200808
6.251266307328063	7.1542839706017105	6.2984739223814135	9.922952260574107	10.910306304613743	4.388145927365169	4.281240098950546	1.9331616974019585	2.87192126150346	3.676881815825062	3.747954233819083	3.3253151250682516	1.9530762751136073	1.9158829963511987	11.189922667210508
4.751528856745637	7.685065688682133	5.847843800056766	9.35913773875154	9.793593134868614	4.366937331492939	4.254058226420647	2.227162351303014	3.9362380599155418	3.5617500764137664	3.5841902525580682	2.6728775656266412	2.32592425284121	1.8267851909827941	10.293788918591211
4.022686970223688	7.255403497123547	7.1816269674150615	9.684791500013112	11.222961917432036	4.172194921777261	4.604013456145841	2.4509543939058505	3.086108964327739	2.9222482904842653	3.2578471149978916	3.383522447927755	2.1431604589654825	1.7913306870239734	10.064046827959052
4.777054513424896	6.006819873045362	5.1282488160415705	9.804710991025164	11.068235277459628	4.418483805966589	4.346840582733726	2.3556502006810924	3.745711874915243	3.281486334435462	3.3880978200409047	2.8815528064797293	2.111127584756909	2.336452948164117	10.71291507295798
4.655134776578618	7.885578058250331	5.880504562735744	9.940277677839946	11.050239019009098	3.5868527661573344	4.44458486463321	2.1479416193476326	3.646418737818075	3.6187708598963297	3.0186436483540935	3.0169703374060073	2.2217363768415317	1.6985554593634142	10.381026579056273
3.4347668829105342	7.948521610533215	5.950579622443073	8.968610080284497	9.717750886420639	4.020766202834768	4.219597147415918	2.153892805828588	3.2621268081642474	3.324426166168098	3.9339979798679012	2.9999771437197404	2.2869169215146403	3.0784455784650375	10.280988841624918
4.7207927444957924	6.457588993251606	5.457598907594336	8.16985900712187	10.444104618634816	4.366151469454731	4.533399168356938	1.924129117008199	2.7626128615289733	3.0325454328223724	3.435393113042556	2.909879946655787	2.341080641586919	2.9746599637257063	10.071715840236537
3.3055306476622137	5.972147188405012	5.763261808429752	8.456622412966002	10.310881032074239	3.8306200548659897	4.3830754900464095	2.264570890417432	3.2832744367621824	2.6827606908362833	3.4778253846179794	3.7132869578671612	2.2753765866077793	1.7306399220147382	11.156019260630018
6.034964797909507	5.451352805244576	6.397032122525949	8.59469839585214	10.892660759610871	4.015314162980038	4.109158135101272	2.336011075367871	2.896114098617396	3.2925656476646807	3.377010856799414	3.835764151772971	2.224124317259447	2.0327196158249294	9.477549004559377
4.48884348495663	6.358219405724377	5.038879395921649	9.188045752237196	9.320194976414482	3.935052707470565	4.586640595431693	2.5073196111061087	3.668565553730472	2.955542710620781	4.172190010038715	3.263032598896233	3.0003173685856788	2.6811598084159116	9.661784616138343
4.184241312570395	6.66136513803913	6.801696351430919	10.261032352143085	9.076682617308043	3.9329122012370794	4.64478154013605	2.2916950100716744	3.749357531523943	3.3740316311683674	3.2560479016231185	3.284742819787303	2.650800173809625	2.2307326389925044	10.819848366307912
5.55574647223652	6.390565343320671	6.068151508167325	8.787037885878979	8.498386314694645	4.243364499360763	4.3129182551486736	2.144570394089336	3.1231116843305076	3.5098608187200315	3.2356402675641975	5.017242883668814	2.5849373292653923	1.8005801439320568	10.536385999014197
4.507256470386087	6.6553199392007585	6.837757125306178	9.925914334224558	9.12480568125111	4.045013060782813	4.63078498239347	2.2492772588745717	3.6775914979786246	3.307899728102472	3.561193810265285	3.1246603892685076	2.25372490957432	1.9643167605554381	10.603225281141201
3.8671387788765523	6.324275588730035	6.173223668150224	9.486725642875491	9.299294502258958	4.3522645593088924	4.4398634710568485	2.3909790599031644	3.004827360503615	3.205905927837058	3.7968363909502427	3.509240374673727	2.6502799413774207	2.0281427401152174	11.073354224806744
4.593210054776482	6.33449481742868	5.769251342427437	9.374584615678598	9.760933262450141	4.903516735078738	4.511042358890227	2.345255404605249	3.4208190653892516	4.112406940287591	3.5096979336543033	2.9445183936540587	2.3712945895915976	1.5947788996765855	9.863686532398098
4.476438217975747	6.299869463641945	5.449232865511457	6.192022262204089	10.223919641420386	3.5651049860205073	4.619837677574748	2.443395576590091	2.9066309690460583	3.7301317970377275	3.6715017607653126	3.4019199147355894	2.374777996480062	1.6489372172458423	10.169120671616236
3.8072269697525627	7.60850451739744	6.312009636186441	9.569652884344746	10.51283087432437	3.7654319460181975	4.506011814419592	1.9659869557757217	3.1011742685690096	3.1758026610369834	3.594276439883876	3.6842695309493596	2.7078226966637726	1.704114065360539	9.570745600249865
4.181000563201169	7.394467783294737	6.08054337068255	10.789089471881924	9.642446577584504	4.481337761966001	4.458489895821736	2.3692171196495604	2.9371373536074676	3.7788204286266245	3.258993427491205	3.6574617401114264	2.3424616552286355	1.842102080964338	10.806713492554602
5.277628900791888	7.41380697085094	6.525674058676907	11.865117771620938	9.684693279736829	4.1998475213544895	4.504399008325566	2.0685702123031064	3.316558943227123	2.961414121108927	3.3130958023868584	3.974176920708979	2.460387162468645	2.196793100902789	10.687020864197564
4.0050936440362905	6.4309294686401675	5.338507818336779	8.999030623058829	9.390624847783284	3.7823959303240997	4.674375912967442	2.27716580889163	3.670063126746988	3.202054394663702	3.85952354703303	4.6550582545267325	2.4309347673930852	1.8238510017779823	10.145587716045396
3.286875845241731	7.395309656300718	5.811549443384551	11.146546380285153	10.342957857450548	4.442910318786733	4.65475691257731	2.1865275902746872	3.1102661276128076	3.691739866374197	3.1639737544159883	2.9743198240129405	2.3825037129328406	1.878107988869997	10.443928917960928
3.7293378185517017	8.175309278860125	5.508310014639848	10.467368345856167	8.933129666220024	6.711536626365032	4.124952461803991	2.47607498909345	3.5004610728237457	3.1296144843009723	3.568794997581395	3.700382942997492	2.336304051374406	3.1777894330500827	10.693497717957525
3.63344320116143	7.100218190397458	5.5624588768998855	11.108765589326573	8.9744096124434	5.362685042343324	4.485075920802193	2.429517345671172	2.948850852334531	3.1952156176967565	3.858346259910036	3.3446989693559144	2.5677765495981277	2.8376558816773425	11.532999847148664
3.815672734900677	6.35287639691968	6.412738497648006	9.390824721254889	10.301127056128234	4.3186542051778405	4.465790824160981	2.176524209049469	3.2340171671965776	3.420675803017857	3.614388345683127	3.609015402811648	2.350330616053792	2.0393651858861404	10.210444681301922
3.4503613413135605	6.37925127286161	6.597595491514215	9.33496972495195	10.212593625477322	3.45667312200653	4.384204820328492	2.5686202122219375	3.2902891824893383	3.10685244328855	3.1135450730178746	3.008468044728788	2.1651106917847405	1.6848040260568775	10.763429248598733
3.360360268653039	7.156526632451778	5.564535122575398	9.534889920144991	9.024303201028133	3.998618705057131	4.176396417600705	2.068115334071338	3.050591732633636	3.39757760501686	3.6538018826009075	3.0579982512169197	2.451135907550323	1.8383022902794766	10.465131025505844
3.6702468908174235	7.3647022024998146	5.0180920890750444	10.031512850493295	8.265947240951451	3.4977776813998798	3.9528284702515712	2.863880303421554	3.0825187074300473	3.0053155294024676	3.472038832687551	2.999942571284429	2.061604355960677	1.8730853297980683	10.762629710876423
3.567994944029754	6.1578750302279675	4.71416099190938	9.184642926430339	8.224841027747763	3.7984467317200448	2.9070192460741375	3.4099150814750163	2.955006041091143	3.6333913775569413	3.2568475745562813	3.0329216825390404	2.056220146135	1.935724831028307	10.615775277893656
3.6619932906977417	7.006345871036511	4.769344372961527	8.598079462955075	8.973606546834489	4.236175221427171	3.2074104480346723	2.3407236010496217	2.9845978541489284	3.084815957312445	3.2395884248383244	3.1403794140168038	2.2569977163558685	1.7100915677184438	10.225246512831387
3.5171865364202106	6.399999762295683	5.024723622203177	9.196032355711452	11.364327203008415	3.4097377588644022	3.996685504765536	2.5687996290125987	2.98941392128394	4.016764255303528	3.1713104782714456	3.549688628229839	2.302004737736592	1.7701168815616393	9.43396450492715
3.7794485797233746	4.790885562371705	4.785790316513528	8.742591668852311	8.053419661318724	3.6285746416903732	4.001501199466702	2.6349687600626535	3.1110785107630377	2.943468185268822	3.523344561008495	3.1676328390488147	3.8128694108502543	1.9976303686093695	10.310082036902026
7.579099859730831	7.5300624889899685	6.655417893577387	7.594480630836001	9.1117983889855	4.062814657661017	4.02807173777956	2.2260230520441815	3.2925014270073065	3.5061895038506097	2.699701733643088	3.546776847791746	2.5484075142685416	2.212964972396669	9.687183253956231
3.1544294339438808	5.700585026993735	5.157260262410266	9.08711531444841	7.934170611637253	4.9334810628069645	4.3907955667325105	2.6608455730743135	2.448906263919015	3.611433690675395	3.1498440613699383	3.2464528817228735	2.1072282878599933	1.719067333635196	10.845798349230051
4.196179100519257	5.450613776054035	6.396077683315806	9.514965404791026	8.040720158909666	4.795055322399993	3.944573364351315	2.655197333435415	2.5352000884749204	3.8735361877765784	2.93766663332292	2.7874377780084845	2.640449366792714	1.8267398629370952	10.613841143283231
4.159580675347924	5.7569572201172825	5.878225959457744	8.49402988654351	9.210977343402947	4.403695748908638	3.6758234181561833	2.347655951254386	2.979325816306953	3.364090573606149	3.23398403786674	2.899201596235568	2.1898843777444346	2.0202786844130816	9.939920291354706
4.349247563405829	5.97025974026253	4.9837974270545	9.392465792169087	9.309451738956103	3.8962719001840216	3.3512907539941303	2.270866585682228	5.705645259564011	3.852476885715414	3.438562130759163	3.3111405405706993	2.1575499618906027	1.7105218897847352	10.405761721016706
4.779366288519055	6.859917565573301	4.659604063887067	9.264782602087505	10.080072248212225	3.7498376753460967	3.3809500828748096	2.9452449444737514	6.273579958331831	3.736019019545237	3.3697219542376735	3.107624385418717	2.4052422618539095	1.6123928128588032	10.278733687590606
3.3357195996158304	6.561240897468426	4.870858077180848	9.063750209764713	8.386655557115077	3.9318971564956393	3.9133090654120677	2.3094865530925204	4.244655818216762	3.3898277740701652	2.911010184909897	2.837659007321638	2.1560013063169063	1.9301958427613801	10.801213032411432
3.692464959173291	6.3346190057845275	3.880145878576697	8.274224434146422	9.769761470109241	4.361115822518757	2.727960543584252	2.1705290880552237	4.392604172695125	3.0811022293045496	3.2035082358583136	2.983536138455519	2.2630691979480426	2.0110653183463794	9.920566044769746
4.38087708674914	6.532405818902772	4.288179078219768	8.875697423841718	8.080508664416582	3.805475132740193	2.952566978065423	2.0368225387314984	3.999334305805919	3.3970503219920976	3.123760931608963	2.729837196343913	2.2320104349772922	1.9267923401994906	9.998121497170192
4.6252495664700195	8.03668233957937	5.4510571351934605	8.72409866075376	9.16166469037074	4.524480252189415	3.5352927108322043	2.213130448840567	3.9787862417107647	2.755977156773265	2.9767224221783355	2.965621530035065	2.163037958247127	2.0548272774051695	10.68145930513858
4.580638060203227	5.908244992503255	5.715708546484066	8.881308688432824	10.9168012455839	4.631822582151721	2.5514977348286756	2.716171815553959	3.847426057852802	3.5112408595095674	3.1894403436707384	2.95044756288518	2.0727979323709365	2.0486420723125693	10.43729467123944
4.698091390691138	6.454633992931064	4.710171249227751	9.200919850663649	9.528250452819636	3.845312633760466	2.9655117757913376	2.3857069764584558	3.053477386727019	3.6767844723681544	2.785814867110687	2.8552860246046916	1.960862936785254	1.5959456718912208	10.250966193466851
4.585521004376946	6.123372431211223	4.64332472438771	10.190352977643123	8.016054582420841	4.573197089984874	2.625781790846347	2.162942460506093	3.0047813918523856	2.892682223836059	2.972249713622821	2.6632693626310946	2.2771205726285095	1.5459060410305858	10.207223485750255
4.563070292408155	7.674050777987761	5.457898858436261	9.450432826689935	8.549663046303701	4.133135337872053	2.814491981366748	2.010339486867116	3.4529842745572976	4.059085777262113	3.2320857530566003	2.7334188087742306	2.0246098199998	1.859928449063952	10.303089867285372
4.891970722874923	5.905808151585859	4.625856591270039	9.490865872494183	8.886786245209446	4.004158675085754	3.043456552035132	2.2975805712273254	2.9826824310101347	3.8203535704020584	3.236130486458804	2.3835284942210584	2.3291280156936516	1.577292622672943	10.565134850413024
4.698564466511214	5.876398605795137	5.292259290356948	9.205640138340506	9.35797762538289	4.012737594646258	2.8528014788036815	2.5086778126112423	4.193201680612509	3.107200978739146	2.990370002447294	3.526754463464159	2.265674287657291	2.0719468478835297	10.773088992839927
3.7287763396316924	7.3762613475026155	5.1309624189276395	8.265748487973825	7.873857679553031	4.391142487451072	3.5493505382697244	2.332466990385743	2.788071826310546	3.974684227645903	3.0822823548584997	6.570806522797227	2.1418634384962996	1.9482474897843238	11.937340434958742
3.5086137402796425	6.425513682888077	4.967456102427306	9.214029011530384	8.552538854037286	4.348356175448647	2.68489084483553	2.460984706991294	3.3021468399340184	3.3649906490299073	3.4029265958876422	4.823863513245771	2.096578484867377	1.7449997832213864	10.755331272931542
4.57572414952415	5.699493739533643	4.910932344010234	10.024971045178633	8.936582306050711	4.399512616389892	3.2255302374381327	2.170173388585373	3.333513890056398	3.1556071146897704	3.129100127145594	2.555305495992176	2.374861601309932	1.7101625150517676	10.45603749705264
4.891751329496706	8.928454952057447	5.767930130702399	9.481836116887742	9.266055830621955	4.980308213050945	2.6253656692043554	2.103891528808387	2.9878217135949634	3.37711616337502	3.1872238192905575	3.6100056710877366	2.0609631061692966	1.7666450175575823	10.312624921119424
3.2853763521956485	7.986337056482961	5.679190807008888	9.958776982612665	10.505444886774866	4.668210957869287	2.74931250603989	1.9698993740146444	3.101706208185004	3.1456457427673405	3.0011061123144325	2.990627156675783	2.1587211974770897	1.6031822662357869	10.047844843501853
3.3426794908207125	6.09297280560153	5.685236923151222	8.62533226219702	10.074906539360777	4.5510595685959485	3.1914212418725896	2.4031759510055104	3.3195794857792666	3.302230155043773	3.31218074709791	3.4640085046233753	2.068991209761167	1.7411207935879565	9.70132801626608
5.388449811978648	7.612132882939999	5.855116138144241	9.157189975622547	9.771182928769388	4.080711074964006	2.5747593736923666	2.074744250714376	4.26878697421323	3.3577257225856214	3.4782643941851363	3.2324882724211497	2.1786123571590754	1.7456256405722437	12.467386001885389
4.141563174562984	7.0910430868541425	6.707372110041513	8.583594926311989	8.62006032978928	3.910875109056265	2.781535887436307	2.0740562021854596	3.268998437261836	2.9373185715315056	3.1877369233093393	2.878691127004243	1.964357387990612	1.7850462172902803	12.33639074595952
3.8058219571115983	8.361981526189993	6.843382309347088	8.803247280616047	8.917235441312084	4.106495771095089	2.461017632102423	2.609292429592479	3.2758219556901778	3.0128718892994906	3.221848871430101	3.0319513348516147	1.9663714634717535	1.6024922735486131	12.141518159827463
3.841755257221805	8.666224061687744	5.235253806084173	9.979462455249946	8.900785528854595	4.318692365727373	2.423015066120359	2.4480623843764087	3.1407666632818643	3.823541936259107	3.30002995055021	3.1179379867442867	2.332820188731294	1.6531108509345218	12.557455338150316
