1	23.921118842230904	23.250202178955078
2	21.763125949435764	21.665771484375
3	21.624099731445312	21.560575485229492
4	21.41779073079427	21.443363189697266
5	21.336217244466145	21.370155334472656
6	21.302154541015625	21.251956939697266
7	21.247941758897568	21.20117950439453
8	21.233512030707466	21.263690948486328
9	21.23529052734375	21.2432861328125
10	21.193239000108505	21.21042251586914
11	21.18930223253038	21.2513370513916
12	21.18557400173611	21.328369140625
13	21.17690192328559	21.242345809936523
14	21.1668701171875	21.2012882232666
15	21.164437188042534	21.303382873535156
16	21.1474609375	21.1986083984375
17	21.151289198133682	21.166397094726562
18	21.120834350585938	21.11764144897461
19	21.14246283637153	21.212146759033203
20	21.120013766818577	21.17172622680664
21	21.119299994574654	21.12413787841797
22	21.11501736111111	21.28611183166504
23	21.108990139431423	21.158262252807617
24	21.116221110026043	21.124755859375
25	21.130109998914932	21.09850311279297
26	21.095677693684895	21.187877655029297
27	21.113230387369793	21.05683135986328
28	21.121110704210068	21.16351318359375
29	21.101365831163193	21.130516052246094
30	21.07762993706597	21.194740295410156
31	21.07403055826823	21.069927215576172
32	21.080342610677082	21.05963897705078
33	21.076797485351562	21.164199829101562
34	21.06292724609375	21.108306884765625
35	21.076368543836807	21.08841323852539
36	21.080790201822918	21.037277221679688
37	21.071056789822048	21.101587295532227
38	21.073900010850693	21.11160659790039
39	21.055462307400173	21.187841415405273
40	21.045284695095486	21.037322998046875
41	21.051822238498264	21.09088897705078
42	21.04477098253038	21.093013763427734
43	21.032791137695312	21.109352111816406
44	21.030592176649307	21.101831436157227
45	21.02374945746528	21.15856170654297
46	21.007020738389755	21.132892608642578
47	21.00881110297309	20.993284225463867
48	21.00640869140625	21.021408081054688
49	20.985605875651043	21.11635398864746
50	20.983939276801216	21.081052780151367
51	20.994218614366318	21.056041717529297
52	20.987984551323784	21.112510681152344
53	20.968516031901043	21.088638305664062
54	20.954730563693577	21.020751953125
55	20.964735243055557	21.04694938659668
56	20.939854939778645	21.02608871459961
57	20.942003038194443	21.034875869750977
58	20.936737060546875	21.057756423950195
59	20.924784342447918	20.918506622314453
60	20.898356119791668	21.04309844970703
61	20.906260172526043	20.905424118041992
62	20.90506320529514	20.96758270263672
63	20.892293294270832	21.014238357543945
64	20.888180202907986	20.921428680419922
65	20.850101047092014	20.93755340576172
66	20.853417290581596	20.901479721069336
67	20.83806694878472	21.0101318359375
68	20.86421881781684	20.96394157409668
69	20.823728773328995	20.939538955688477
70	20.843065049913193	20.840984344482422
71	20.827550252278645	20.901718139648438
72	20.805920071072048	20.926206588745117
73	20.802622477213543	20.895591735839844
74	20.799679226345486	20.86374282836914
75	20.78952874077691	20.76860237121582
76	20.790796915690105	20.94978141784668
77	20.78778754340278	20.852928161621094
78	20.78264872233073	20.843631744384766
79	20.783966064453125	20.85375213623047
80	20.750379774305557	20.770050048828125
81	20.747302585177952	20.83824920654297
82	20.745369805230034	20.86385726928711
83	20.756832546657986	20.843612670898438
84	20.751578436957466	20.8328857421875
85	20.73095194498698	20.835830688476562
86	20.723310682508682	20.828048706054688
87	20.717975192599827	20.871313095092773
88	20.716820610894096	20.792617797851562
89	20.701661851671005	20.834993362426758
90	20.69201151529948	20.778600692749023
91	20.702999538845486	20.753765106201172
92	20.687747531467014	20.832645416259766
93	20.685311211480034	20.765398025512695
94	20.664598253038193	20.634246826171875
95	20.683366563585068	20.706756591796875
96	20.678585476345486	20.72502899169922
97	20.653849283854168	20.70808219909668
98	20.64925977918837	20.72214126586914
99	20.661882188585068	20.67197036743164
100	20.642720540364582	20.71100616455078
101	20.651846991644966	20.73846435546875
102	20.630589803059895	20.764963150024414
103	20.63483344184028	20.694345474243164
104	20.63652886284722	20.646440505981445
105	20.616845024956596	20.713409423828125
106	20.624013264973957	20.66677474975586
107	20.619042290581596	20.63591766357422
108	20.578772650824654	20.667118072509766
109	20.594301011827255	20.69281768798828
110	20.58506096733941	20.753986358642578
111	20.587722778320312	20.654186248779297
112	20.60543653700087	20.778934478759766
113	20.585247463650173	20.70978355407715
114	20.597442626953125	20.755908966064453
115	20.566109551323784	20.704696655273438
116	20.561226738823784	20.6715087890625
117	20.582897610134548	20.62024688720703
118	20.575790405273438	20.71243667602539
119	20.560128106011284	20.755006790161133
120	20.573265923394096	20.723623275756836
121	20.565873887803818	20.71015739440918
122	20.547232733832466	20.643991470336914
123	20.556072658962673	20.61875343322754
124	20.55429416232639	20.654891967773438
125	20.534581502278645	20.688793182373047
126	20.529435899522568	20.725364685058594
127	20.531933254665798	20.654014587402344
128	20.542078653971355	20.666725158691406
129	20.542183770073784	20.657073974609375
130	20.51568094889323	20.63549041748047
131	20.526302761501736	20.60776710510254
132	20.53948974609375	20.728849411010742
133	20.521377563476562	20.682016372680664
134	20.520782470703125	20.680885314941406
135	20.528956095377605	20.61937713623047
136	20.51938713921441	20.594350814819336
137	20.5079345703125	20.681570053100586
138	20.496985541449654	20.623414993286133
139	20.502610948350693	20.703598022460938
140	20.506429036458332	20.665538787841797
141	20.509256998697918	20.610261917114258
142	20.50577629937066	20.690292358398438
143	20.510087754991318	20.668987274169922
144	20.499387953016495	20.627843856811523
145	20.50913323296441	20.651029586791992
146	20.49477810329861	20.64712142944336
147	20.49976094563802	20.54001235961914
148	20.488794962565105	20.680076599121094
149	20.47438727484809	20.716829299926758
150	20.46969943576389	20.693574905395508
151	20.48035176595052	20.7060489654541
152	20.470023261176216	20.658981323242188
153	20.473559909396702	20.685283660888672
154	20.460052490234375	20.680870056152344
155	20.473363240559895	20.59714126586914
156	20.47603522406684	20.68234634399414
157	20.45893012152778	20.633943557739258
158	20.458818223741318	20.678361892700195
159	20.464674207899307	20.661956787109375
160	20.471299913194443	20.605850219726562
161	20.456595526801216	20.722909927368164
162	20.45452880859375	20.58588981628418
163	20.463807847764755	20.627901077270508
164	20.444576687282986	20.598285675048828
165	20.447696261935764	20.68445587158203
166	20.437293158637154	20.68158721923828
167	20.438101874457466	20.70319175720215
168	20.443910386827255	20.74664306640625
169	20.434885660807293	20.622352600097656
170	20.42373826768663	20.65943717956543
171	20.420167711046005	20.5546932220459
172	20.437308417426216	20.623119354248047
173	20.416819254557293	20.613784790039062
174	20.426612006293404	20.642066955566406
175	20.39771016438802	20.622081756591797
176	20.42206488715278	20.634693145751953
177	20.405383639865452	20.606311798095703
178	20.406185574001736	20.69062042236328
179	20.394141303168404	20.599838256835938
180	20.397330390082466	20.641773223876953
181	20.40703667534722	20.66254234313965
182	20.376949734157986	20.669111251831055
183	20.38192918565538	20.609079360961914
184	20.39599609375	20.637134552001953
185	20.387459648980034	20.60163116455078
186	20.381998697916668	20.60643768310547
187	20.357579549153645	20.470748901367188
188	20.381715562608505	20.666717529296875
189	20.35538058810764	20.600690841674805
190	20.373677571614582	20.53655242919922
191	20.34526909722222	20.584205627441406
192	20.35321553548177	20.593521118164062
193	20.35726081000434	20.63020896911621
194	20.35452440049913	20.586315155029297
195	20.336632622612846	20.62126922607422
196	20.351097954644096	20.54730224609375
197	20.337866889105904	20.612613677978516
198	20.34564208984375	20.614124298095703
199	20.32388644748264	20.600900650024414
200	20.331278483072918	20.600643157958984
201	20.307442559136284	20.566158294677734
202	20.29318576388889	20.610523223876953
203	20.303019205729168	20.581100463867188
204	20.304701063368057	20.56192970275879
205	20.29806857638889	20.53081512451172
