mass_1	mass_2	phase	time	distance	a_1	a_2	tilt_1	tilt_2	phi_12	phi_jl	theta_jn	psi	ra	dec
6.137917617026504	5.994864122436547	0.5267899842307473	9.308408998641866	1.2762156988654783	0.5444428673857834	0.5411041810598624	0.29508417650167207	0.2389911680749741	0.5276873759352262	1.4986795134075805	3.624605873024993	0.533300937961543	10.447951336787906	7.582551130587252
6.301754399423457	6.070245134471305	0.5229966046412104	9.812251310306593	1.2678202483459367	0.555789896721091	0.5447782443671124	0.2959871992428737	0.21774021856536685	0.5288851655536291	1.5197254922297538	3.674287676223104	0.5312171311633506	9.261936892759179	7.658006392242027
6.52518092181903	5.960731160966784	0.5260150091618893	10.058353910984968	1.250331364581195	0.5317192195350007	0.532442164530496	0.2916257182352674	0.2389179672630546	0.5075545976744773	1.5296847730779275	3.6371581120181253	0.5102640621897261	10.341839922727733	7.652392651008407
6.670414161679295	6.062783166745593	0.5157856937787675	9.858625872301364	1.221088740188286	0.5215730136690206	0.52967844646856	0.30696384021186646	0.25074028415436345	0.5119486199718549	1.5355797102920716	3.61113963085781	0.5286300968281286	9.769340435063382	7.67539399179188
6.773383447064591	6.086938243318908	0.5349669906774958	9.89305428837975	1.2070906403031527	0.5286555606755762	0.5218120633310789	0.30656250308170996	0.22344775471510295	0.4979174631233106	1.5329841701104123	3.6492517873814894	0.5258267379021887	9.990557407447906	7.629148276306402
6.765860773543822	6.008246340413947	0.49093990911311475	10.05065622293203	1.1934379016147818	0.524023947514811	0.5062696796342254	0.3202994526001287	0.23370798835867157	0.49705380065129695	1.5256374668652526	3.6488861803889967	0.5091726086074949	10.462667118633453	7.609429738545671
6.759006996457451	6.053959784149698	0.5012342864431018	9.603843175845933	1.2049190042856979	0.514623821472309	0.5249107369631073	0.3160963721835218	0.23812453710169454	0.5110560075638287	1.5311358908903927	3.6529848833460217	0.49941039154536176	9.746132923492334	7.355194905180712
6.724101562564271	6.075971786340913	0.502124281489804	9.612907377250195	1.2024238792087711	0.5244977334186653	0.5065837784147159	0.3151862920077473	0.23063141254715672	0.5031482385301858	1.52555463075282	3.6367655068211886	0.5336775848321492	9.765586674584062	7.448169638734502
6.724347072977387	6.100720200623275	0.5022938960238782	10.095945357084208	1.2047358041605607	0.5123320817357774	0.5056605945898752	0.30220722205336753	0.21953700056233644	0.5029761054543083	1.5146349364422047	3.6324975855525135	0.5272940099579554	10.228683116015288	7.532685179395666
6.734058095460942	6.0101195687345825	0.5168053981884229	10.099360421401995	1.226766822064376	0.5534443882983167	0.5173037695838671	0.3154382464815409	0.2336289194810347	0.510387244596691	1.5248103923686993	3.607811035633979	0.5194480289941434	10.291841336955116	7.589233654767571
6.685355290470839	6.023237917791793	0.49737248359368463	9.86515572241744	1.214822415595642	0.5219267729475314	0.5256691959142278	0.31088221132808663	0.22831829745320542	0.504076375738941	1.5370566543391335	3.622561678758195	0.5038846760874917	10.259189494794898	7.502524908177086
6.724805940532909	6.004832407688178	0.5120527465441681	9.793013503089979	1.2351809792380923	0.5089644847285888	0.5265405528541042	0.3235935260983987	0.22991663847731558	0.5019289451202835	1.5236640369171328	3.6394244127011883	0.5132231706037057	10.36161741036163	7.5436891890833495
6.692994250300049	6.045495753585212	0.5230780323068229	10.016452781139174	1.2336313697033818	0.518369978216301	0.511827748649378	0.3137338260860981	0.22071334499874565	0.49495550304690117	1.514559319692211	3.6703767276042125	0.5178979099375519	10.464947562767257	7.599364834072651
6.705599326494581	6.064885360205728	0.5217589092801316	10.150808496971875	1.2400907815828568	0.5248185242625407	0.5314447447320266	0.32052460112915826	0.22684484601295452	0.5008237325293783	1.5541379076000126	3.6541088479531694	0.5059172792077397	10.216315882613266	7.48265086845428
6.720368751579727	6.087354371752049	0.5127825440178223	9.611747292233312	1.248150925179564	0.5230277193417247	0.49471787211490637	0.30324159976229664	0.224970677554583	0.49814342268093387	1.5513915862257224	3.6189944752024994	0.5052554150401187	10.113452338112666	7.682699949657523
6.702568861610481	6.083957914578316	0.5204593533099604	9.818374339968814	1.2428769097297518	0.537433844376531	0.509218600857965	0.30599583215072645	0.22704548065958474	0.5013331442220825	1.5120677014353998	3.6732449899989055	0.49122228170667487	9.421489962329389	7.474244937973027
6.735093588972905	6.074599654895787	0.5050281339157848	10.003172258998998	1.2471457373730221	0.531715485213943	0.5148432849470576	0.31892338044041796	0.21704261477355147	0.4901494113486239	1.5330214244861982	3.6891216669982767	0.5015506929278412	10.144588534712101	7.280379427836842
6.7125750897764656	6.10332962781877	0.5247667193820389	9.764377447393981	1.246826899839396	0.5151600146770275	0.5418772348203443	0.308042665970881	0.2262818115869292	0.5051615082859359	1.5087281451229848	3.6833167679915166	0.5034991985977934	10.218741784139997	7.373215764806703
6.793019263926477	6.068977550828414	0.5198204476824595	9.851385872220275	1.2511983285268364	0.5042117535514049	0.5216816431720688	0.322295751728426	0.22057396395760723	0.5003764815692513	1.5113210612208412	3.6934683536800494	0.5248886827563332	9.921338720838886	7.430768085060987
6.708159688532514	6.03310967906882	0.5172915457556329	9.869651096930985	1.266627599696013	0.5130586305987459	0.4972952472699202	0.32615287354408723	0.21516701204084585	0.5264547706304938	1.5208286636518138	3.691930348354978	0.543847470116058	10.358054884018717	7.44165291140627
6.72833796048755	6.002040009287039	0.5086675206080791	9.83219298389115	1.2617347268485395	0.5394597826377355	0.5144182769831637	0.3262246247442202	0.21922738505637607	0.5124749603511876	1.5298820110772435	3.693966782582846	0.5297393470813476	9.740802191980546	7.350955684168183
6.759670808555471	6.035206196687773	0.509317046667855	9.664995459179544	1.2743500564053734	0.5214727938788458	0.5117312139699839	0.3262033636686965	0.21755915423094602	0.4998969516509446	1.556062862477869	3.715849538370076	0.5136436130694338	10.234874460178574	7.37890992687041
6.787604883982831	6.073112523142101	0.5131768003493671	9.638662162298985	1.275856397706988	0.5253514721412111	0.5055598227749734	0.3327259344959132	0.22113660528561252	0.5079114315072388	1.5091888981625163	3.7119475391531416	0.5146045411523994	9.71940058279208	7.3304455900082335
6.766398979981805	6.117089564180471	0.5115663943409785	10.022107611992665	1.2946363540588466	0.5011777496592327	0.5243967241985387	0.32049671026015036	0.21504623770156545	0.5052046614075233	1.5110058417574854	3.742045961987379	0.511397089637448	9.363675706927005	7.360887508132118
6.764811224135839	6.110156695101773	0.5109223550671224	9.871701045013209	1.2722989761328771	0.5182443880959652	0.5265755100613186	0.3230882974896145	0.21672542551756302	0.5147336190377669	1.5230610823313018	3.6865677607794747	0.5256973636718825	9.88252333042578	7.356797766268923
6.83013874291735	6.165163643892735	0.5152305331812118	10.154583005760507	1.3031672015958269	0.5257662884131832	0.5289037818641521	0.32460187861466727	0.22980685111846844	0.5025062520043414	1.5267607835202628	3.7032464206132474	0.520672239261334	9.925990342618372	7.285666144736016
6.867936844162803	6.066143142999935	0.4954162550266755	9.666314838474154	1.2851726712458384	0.5218325048444212	0.5313969209239252	0.3404887434488973	0.21132205078550947	0.4972190024324144	1.531877104156755	3.7402806039006924	0.5013915007916969	10.21281668337437	7.384039574072113
6.850276863994086	6.110181466020887	0.5260004791304339	10.048864592406781	1.3034414104687726	0.5153196042066832	0.5160859782413738	0.34218614379876716	0.22042498231510502	0.5050913688296512	1.524922484247366	3.7451227787912824	0.5301393921490171	9.484914016806867	7.4210629842826465
6.862901630867017	6.117556006073769	0.5009634270554694	10.170207087247759	1.3038996969898442	0.5219543223800575	0.5292749277562807	0.33332965817023913	0.21522753638543715	0.48206273607559497	1.5278830951198652	3.709057639267635	0.49575530195465395	9.468830694641335	7.355824468958386
6.876657638670428	6.051865202691619	0.5227304877024848	9.927167056845837	1.3044961678976044	0.5266936362955893	0.5328536644628741	0.3309308966620635	0.21434574685093416	0.49554446607154434	1.5161160228174544	3.759279698902404	0.5191817881800278	10.094445473042423	7.404500286599045
6.855551005227979	6.141817944724359	0.5015972894968919	9.982197905810212	1.3132997035987375	0.5122897600707741	0.5216291474572056	0.33443658918691005	0.21965522476090069	0.5031720513062137	1.5315247789081456	3.6843689213359188	0.5166384745768862	9.162753423610416	7.422922422198686
6.799361817782657	6.10515773990074	0.5021156064390394	10.023245915304543	1.3083695832770112	0.5138444513391007	0.5163066011796158	0.3394578186072731	0.21815920915231266	0.5010360515582891	1.512279656956123	3.6625544650510635	0.507085495652234	9.504361389893145	7.410391573586422
6.832654101016088	6.150468149380233	0.5060740847127118	10.021805472761768	1.279773053416612	0.5173340565419633	0.5348368954781512	0.3284721185220312	0.21383804826201724	0.5062460845890534	1.5130008112554094	3.700349535646128	0.5343614234846469	10.198640860003172	7.449920839691202
6.746278933935613	6.221859470983368	0.5191660514211858	10.118697911503734	1.309717086621563	0.5177106612487492	0.5342651852262742	0.32513394378344496	0.21649427154563944	0.5040970435680956	1.5285569237027037	3.676799794339952	0.5200290774206917	9.857858840014329	7.301719398470442
6.844665323263103	6.163259301096785	0.5114699319573532	10.161936053088134	1.3228177554291127	0.5127575904328181	0.5319876384251384	0.34151394387500666	0.21663162043690543	0.4927074797255434	1.5195588239876163	3.685453338938851	0.5239047735915946	9.685904773835539	7.293293540322514
6.844246095226803	6.232579478821835	0.514678532129189	9.948044722413446	1.2984897830744648	0.5088593436992579	0.515889267725292	0.33808562860948616	0.229749166095498	0.49890412441978543	1.5274610280859142	3.6884345631582343	0.5294612080244466	10.251478271440465	7.238648475180855
6.856997573535329	6.274167600666295	0.5074354353397816	10.18590675852334	1.3065343813400985	0.5202151657435141	0.5352352285384295	0.334735152692971	0.23093956701856425	0.5071887886972626	1.5173798034911115	3.7232984798193542	0.5099418755218375	9.212013133228789	7.319971482584067
6.899757860530077	6.275551048795226	0.5132975576759257	9.792949441124378	1.284902716112369	0.5116928288798052	0.5181549307419834	0.3139687765934373	0.22394187418321754	0.5106360858290465	1.5293078230462829	3.684713979178748	0.5129385030604947	9.667336612309326	7.2171218033922395
6.802071843731303	6.245812037825726	0.5079677367979859	10.191117755153252	1.3100642089272476	0.5225918001431251	0.5248476987867301	0.3196724783155703	0.22328907158348654	0.4968673807168182	1.5110310416046486	3.6648839447299593	0.5293673207083407	9.675859808064262	7.432934977478684
6.699426295162403	6.281909980001931	0.4988057682420454	9.940005129860149	1.3374844697175479	0.5012989168007956	0.5355371644961942	0.32160671496253934	0.22356031421715414	0.5103305735666644	1.4858919234034114	3.6190657850117	0.5174452396756406	10.263219643882568	7.485602698805207
6.747819295632293	6.310058242499421	0.49848889160274	10.119103994616733	1.2873154707673293	0.512409950629849	0.5246483491609214	0.3340514409034391	0.2185428757292796	0.5024328725914464	1.5048208379484018	3.697215880652892	0.49912984700819074	9.837572066632278	7.462757280493425
6.640533096917196	6.295058193159902	0.49277311983775524	10.086484472562017	1.2962516108528719	0.5149390862266697	0.5260763994052896	0.3350066431888012	0.22462536813736178	0.5006083966017368	1.5180651444912556	3.719991706001227	0.5205109585965242	9.535374780910743	7.230859626981568
6.63395160868527	6.3002167379766165	0.5015625225594681	10.11097315225472	1.2920654010155312	0.5184169856518663	0.5253758033611143	0.32794767831846633	0.22423597573100557	0.5092100344351608	1.4873992376114946	3.69443097402627	0.5229004129733179	10.105920312275948	7.398165805699909
6.635021638809653	6.3563979845954215	0.48591816868778753	10.08926498696293	1.293385269158043	0.5122635691359188	0.5149423307131563	0.3364379525426565	0.2256241823518521	0.48919373193497345	1.4921701582658042	3.672290561938081	0.5207207803663557	9.384194682663496	7.650695274509545
6.642240216256737	6.400398749984694	0.4765772761583302	9.686192578573285	1.2999544365781588	0.5078940484425574	0.5234867958433095	0.33244046718663867	0.22333099038518286	0.5034957490306256	1.5050766736895096	3.6808611334825714	0.5071055213956729	9.532312974117522	7.378523752991714
6.600833834007496	6.4055087151367935	0.4941879313354372	9.80296090513347	1.3005024533008187	0.5089658423998105	0.5331180593025924	0.3256960607599913	0.23507498160211995	0.5183849541906226	1.4966234218667278	3.6735103707397077	0.5182332914286348	10.315031608164968	7.5724962284644075
6.604559167555481	6.347024391988973	0.5069274922780966	10.223840037954993	1.2908377359279204	0.5209437947163054	0.5376835523893334	0.33489718226340703	0.22130398436042828	0.5132717070609508	1.4812303030546727	3.689770345328647	0.5199436680985554	10.30412491898257	7.473630786064062
6.577095620776314	6.438815616663943	0.49245722723434443	9.982975402757075	1.3079755435996947	0.5001447076936464	0.5329001456451848	0.33691985718677536	0.23099390955318563	0.5100377877183382	1.5190035181354287	3.6321520823970808	0.522664653781198	9.928667426709076	7.387466179174739
6.741384040343456	6.428119251762638	0.498378445228572	10.221122768946739	1.2885160271751677	0.5445445994268253	0.5395879219551494	0.3365964482090407	0.21937612532029932	0.510358969304554	1.496134211104539	3.616355493200262	0.5230080581737299	10.228560986930878	7.531218607884124
6.726980182825375	6.460712179216608	0.504068200186426	10.108098407666658	1.273521600126521	0.5110926961569683	0.5345902178848186	0.34119959240269326	0.23496779608072732	0.5105899618920401	1.5116159201240429	3.643003678807482	0.5377523913890773	10.18043794824161	7.478800691220108
6.649339512192496	6.3827105138737315	0.5045230369860054	9.694823016361644	1.3093240194948506	0.5091347906913526	0.5213377369709742	0.32910116831372177	0.2263069630272887	0.5091741655319448	1.5083087352707663	3.6513329114922017	0.5090218482636684	9.561154950122653	7.496773525561477
6.573784111107459	6.298984260903879	0.4875975513048727	9.840343109997889	1.301593565659759	0.5380067303357675	0.5326496307587854	0.330277316609248	0.22197846588636705	0.508962449158054	1.5020988771037236	3.6870343328335995	0.5043350121595364	10.313391574617569	7.386101407465695
6.592332294491715	6.362718188788289	0.49972489743897647	9.791373735008687	1.3117286290835877	0.5300394354792504	0.5216310376365726	0.33643340589212933	0.22614396025366465	0.508312004295809	1.5159311944337475	3.6970043251131885	0.5180978578917649	9.352664197573793	7.603759226018797
6.602970729925392	6.4476278085075505	0.4977698452807601	9.64623545118307	1.3189882755156475	0.5083853137099429	0.5179329816938257	0.3525184413984534	0.2260694550219852	0.49203498859402256	1.5041352860890813	3.6833049984492514	0.5200962758266171	9.769290689746382	7.410354887524903
6.582178091012019	6.455897824366452	0.513669959577172	9.940647298778766	1.2979426613883005	0.5049574899319212	0.5262911921689577	0.3410966415161037	0.21887400356552558	0.4955652314539456	1.512510589482362	3.683965425216269	0.5312819691244199	9.06495071287563	7.480588977928078
6.621204146807782	6.520328652693603	0.50454868360048	9.601287699136023	1.302929346850439	0.5165184583948935	0.5228054435054333	0.3330582279641997	0.23195858810666364	0.5126311249903209	1.5126583819445296	3.662287968919887	0.51273208840028	10.046292386347645	7.539697802113253
6.585840507340652	6.523342469576261	0.506335832049056	10.06671629765001	1.3276814365458482	0.501906326805752	0.5161790520403997	0.32638976088701255	0.23030616592767564	0.4908683125330495	1.4643424576636463	3.732856286303076	0.49991069660016346	9.884474062439141	7.5398378703689435
6.678311394281328	6.43901387696176	0.4902355850077403	10.060895770902638	1.3307993568949161	0.5275728664291124	0.5264456192631793	0.33225023310590746	0.22901732912137254	0.5127939721688245	1.4775486916887972	3.748759490534729	0.5127052455268915	9.40040880353916	7.3019845336689295
6.7465558287795035	6.46759384496225	0.5114790547825151	9.888344794467681	1.3419310168534235	0.5018636929750236	0.5252393232359979	0.3388537979037794	0.22843945714236985	0.5000098077951542	1.5049862679932466	3.7247769014827847	0.5252344001918233	9.514851718288853	7.698226361890595
6.832418857065972	6.595886336042828	0.5121555924598157	10.141715648036701	1.331509791215949	0.5107307761823567	0.5143220893398784	0.3209407648077869	0.21988970749125228	0.5020677013071431	1.536843055465163	3.7099925781759455	0.5245125916754558	9.718431529372362	7.478908413863476
6.9563127118979615	6.561351200583247	0.4879857325889279	10.191214045691458	1.353823890237831	0.5178833745016985	0.5063270068177769	0.3456407581646426	0.24048045771359672	0.5258386590773027	1.5157389941454558	3.6749929569418396	0.5193793436714108	10.376174108825655	7.5767992745074375
6.73166885793441	6.557497801751661	0.5105004923442905	9.779116288027666	1.3612394917370068	0.5062020926373497	0.5294665155228504	0.33904297284310286	0.2363541037928383	0.5149330713887235	1.5213353484347716	3.692857368994793	0.5136727782394964	9.43254662176116	7.445112054305519
6.74121452742923	6.5553377754874536	0.49039427960592363	9.9861492673421	1.37184787627916	0.5259320139642352	0.5140951806768453	0.33589549240310024	0.23836220067212294	0.49945675618186774	1.5411978812885772	3.6920351670993496	0.5170482333137346	9.619543522484847	7.368157855917204
6.869770475562071	6.492142593067507	0.507116560789381	9.723483606962043	1.3806035351757382	0.5162542407507285	0.5236586697871798	0.34632078075821165	0.22945594492972313	0.4911764580832408	1.5118047094362936	3.70627877242409	0.5089209245970309	9.75531207291468	7.474994613447048
6.968651082002767	6.364869263507192	0.5014024828528212	9.598522164851778	1.4103115092748877	0.5267622144577749	0.5237856009152274	0.3342363791515639	0.23346576582546436	0.5071312184050182	1.5604452261632824	3.7544127711617357	0.5183133021198865	9.241815306555074	7.738588812245415
6.873087165397187	6.427126511646197	0.5142115680231427	9.983921938839075	1.4065582401592576	0.49801225642598007	0.5115152162012961	0.3306689011016617	0.22707699868964465	0.5143129952428481	1.5255406578424602	3.7220782223732547	0.5170663704349543	9.421011711629054	7.467034623631457
6.729572877723289	6.323087561804549	0.49212180301793046	10.08390710097927	1.435450712056425	0.5384003325010773	0.5210596852260289	0.34025547562349806	0.2423460345185731	0.5186819071278117	1.5246367924467525	3.758549879560505	0.5188463793771143	10.144140798092572	7.534928408652921
6.568360182979257	6.3765087896736246	0.4996239454240268	9.623763920098583	1.4293428772990964	0.5198695338482693	0.5187072411511408	0.3401422006003442	0.2217120491362848	0.5226110464039239	1.5682287050202184	3.7036217597193546	0.5050392164755485	9.766587734701607	7.612452477282593
6.654169764713002	6.277990693640861	0.49549972666856146	9.985277043383942	1.4272938403250737	0.5214305134302555	0.5096754979492266	0.333500342924864	0.22881068741700683	0.5005828008235171	1.5320177160407096	3.7332823847623535	0.4964654551366332	9.164320575596344	7.601853797429693
6.642053594614102	6.262106138544728	0.48574753344436866	10.031730991026203	1.417601395878226	0.5326816379814656	0.508758729965691	0.3409632141538846	0.2375671942231194	0.5083372501055587	1.5618851861771708	3.7897758345998054	0.5185115595331725	10.348975670853413	7.661505849809965
6.720450632279892	6.2985418357972405	0.48449137881418236	9.861224466994353	1.4500528219531799	0.4996068047264641	0.5255588762382698	0.3381459208639284	0.22434459165427548	0.49360527387982883	1.5326895653208459	3.7611938228489414	0.5252314173379087	9.248214188011108	7.663047432565047
6.804062099999829	6.219471591525085	0.5069598121100856	10.053271869967674	1.4510245152099595	0.49881247266582257	0.534763496809267	0.3244427350823014	0.22701753102921005	0.5155062959386815	1.5225472449263515	3.723922620556813	0.5136528662556041	9.933847389106266	7.448743591245433
6.742554652287729	6.207654780156562	0.49504637466817086	9.648361150549581	1.4718275455827337	0.5166536815761626	0.5307805357794538	0.3370835438928789	0.2372030533990461	0.5031470446115966	1.5232066510325497	3.7353948898801086	0.5250638554065431	10.380765669206536	7.477426161975185
6.798508059209132	6.341211660111084	0.5011208630850661	9.76943451421052	1.4564542355122487	0.5161799621592346	0.5015371115002406	0.33690581350200033	0.2251076228571376	0.5075325073834076	1.4905712173489682	3.7370858507130293	0.5202453599075667	10.015841754223768	7.474891983164288
6.797736683649121	6.3842222878374235	0.4922475734897703	10.144762395233258	1.478014055247083	0.5127182630049979	0.5014563030441568	0.3426395636703476	0.23313914561773047	0.5010590507585791	1.509077371054517	3.6772550033455076	0.5337820920489633	10.449484587090222	7.497726757752945
6.805564109589265	6.289477307888652	0.4865027911811326	10.065387890740494	1.4835864792948747	0.5186866617771961	0.5150675250751718	0.3437288024885491	0.24275579785950224	0.49679494465942037	1.4953906218112758	3.650309376574638	0.5340981369110914	10.281600758064952	7.439468422317313
6.764421730503763	6.303190956654505	0.4796881130639734	9.822130546529852	1.494104596388475	0.516484433990074	0.5361009389089658	0.3371047156454891	0.22036831743778362	0.49389244901997176	1.5169056273256143	3.7322656813330193	0.5299881700480696	10.499744171249628	7.526512945238602
6.8045116183669885	6.133678393452481	0.49825034440167687	9.945767393782251	1.4698247387227847	0.5345958550260544	0.4913733586955259	0.3385231153207393	0.23325554644958166	0.4904020911109795	1.5281455078456283	3.7605537926940125	0.5108653912766234	9.777200964996707	7.399042817234542
6.703023105939384	6.374114002104183	0.5000746605671935	9.833589916336408	1.4843432264873868	0.5039060148518363	0.5041350189700001	0.35920210326136176	0.22941449455371618	0.4995240272602525	1.53714385458101	3.7436919960439083	0.5186086144664772	9.972418622112102	7.533382571770617
6.7028161261683135	6.338267417495383	0.48857819158557525	10.842524299367195	1.485673942579118	0.49878103200866597	0.5198785140002407	0.3429725977905828	0.23681682227332598	0.4981351969084995	1.490102894124784	3.677070017765213	0.520757758920397	10.367144273591594	7.524498753540285
6.755829924587021	6.317157776862959	0.49137137739744957	9.785837659996394	1.502378704900764	0.5191018259177423	0.5181101542760392	0.34021376612063625	0.21178471110247749	0.5211617888880115	1.503332690409446	3.7690517087533553	0.544617741442379	9.731455244641571	7.614981319288107
6.8310699903252425	6.403951725522585	0.4716060454597943	10.043586627708038	1.522465304369681	0.5152194447025996	0.51383096214428	0.34607005979286376	0.22926788600757855	0.49358912765889656	1.5096913645020569	3.7278444041219694	0.5345831917857108	10.326522420787358	7.603169114366732
6.902911315259476	6.383315168518642	0.4870462384925996	9.92531006613298	1.5006593073050585	0.5198706136628628	0.4995932221903138	0.33067055162117454	0.2360078652834099	0.49478932067182596	1.516390975917686	3.642294777880806	0.5210086708757437	9.579239979437169	7.498789194880194
6.839118367841907	6.255614472281541	0.508449467957912	9.812648619599104	1.5143386966569234	0.5146499790023924	0.5290493894571012	0.3341025255914738	0.23029012474816066	0.500778822397015	1.512771166414257	3.65565392093566	0.532177460198432	9.674313566833897	7.572030689343153
6.893080839224788	6.387988327816588	0.5001651540137932	10.379248478553281	1.5350709513987346	0.5093481391562095	0.49548553283087227	0.3405655182376274	0.22445993979865983	0.4970205689617832	1.5150644638547341	3.6458819955680655	0.516392100524928	10.238745277811578	7.568009838262302
6.964727555204833	6.325662793319511	0.5089620234618918	10.206440007868817	1.5269851424976664	0.49930000795296003	0.5111844051381577	0.3340573646723477	0.2284049469708333	0.5016185375838176	1.5015981821004287	3.6417345391208156	0.5229126378407092	9.139663024272528	7.564483396427716
6.893729673678885	6.314287686679716	0.4899211049019998	10.010221500091744	1.5316208862256497	0.5147918262469021	0.5032223195714507	0.3529004399872643	0.21980530612497376	0.49350770716241366	1.530154533186835	3.669979974200801	0.5352205606943742	10.338277910348763	7.495219873679586
6.782129321821201	6.349561073440729	0.4864382569758355	9.955715603286512	1.5113501172234554	0.5081534301297518	0.5035236876827974	0.34771969504935885	0.21759189638089138	0.4950216593336184	1.5372812310849095	3.6683139528089432	0.5349200397300542	10.22945461190561	7.834163317344907
6.820486745658907	6.327923911858701	0.4908372672725454	9.817028911284877	1.5254394516962133	0.5118219595062873	0.5042570817355637	0.3591970290792571	0.23264518750547322	0.5104180729221015	1.5250077266483775	3.6398734853523025	0.5257147386933159	9.859916175015757	7.6816702032428
6.856871580547388	6.206309668767546	0.5000131073191253	9.845884182741822	1.528050574502558	0.48649000790749597	0.5085637918182763	0.3583458005598644	0.22505878765002066	0.49025389161943617	1.50139548089568	3.698630483380362	0.5346342141775735	10.321092504344396	7.47325607568221
7.100171836708538	6.314264196848357	0.4920503963329259	9.964768915226514	1.540455924507378	0.5076685119733748	0.5100452582996664	0.33494864512253875	0.22499872609578658	0.5043784428445993	1.517847124352627	3.6412455623746753	0.5372405961995489	9.91606468333469	7.768423687629212
7.040052107137158	6.248096280421854	0.5019242279304273	9.992505657914268	1.5570851623147512	0.5093531217796858	0.5048494699108985	0.3391620846444494	0.22472433910905365	0.47991904965574267	1.514721995874436	3.685340522842106	0.5207532773618421	9.99199755390688	7.726516519920105
7.200080471526819	6.416437052211174	0.5082773193203644	9.937460306463706	1.5536358621142115	0.5085743253758962	0.5041288978108215	0.3429101949268025	0.22509196988136995	0.4939992241640533	1.530119072203475	3.620399683648182	0.4869840168549725	9.825054768369702	7.394927827501154
6.986512210327568	6.335056479859012	0.4969043216334654	10.04610011103174	1.5387186118157374	0.4951787385194999	0.4912190585971991	0.34171030676058683	0.21848254321358151	0.4935598173597727	1.5403999571043603	3.655533402699863	0.5273890220903967	10.326441631316406	7.518475946478107
7.032020724202406	6.297164800764803	0.5038768323631088	9.766328915255743	1.5770529552497539	0.5035802819329293	0.5171262288642905	0.3548566888959138	0.23068614757455555	0.5029992899212932	1.4990576227332493	3.685451795593882	0.5054831842493172	10.232586861388167	7.462863561127935
7.027050110468032	6.462512216321699	0.4893131607172042	10.102943972497973	1.5925648211156063	0.5099432724978303	0.5070506131832689	0.34882859519352033	0.22635579391443855	0.5161563913411056	1.5112553487834013	3.643886816254861	0.5237984332114152	10.342056744252929	7.292626436975206
7.065222357233099	6.305344173867027	0.4837862868200427	9.950147417169964	1.5908467722599806	0.5036598824629267	0.5170577017883432	0.3475006669438407	0.22348369157133421	0.5073077318978718	1.5050004250752498	3.6902167343884043	0.5215077437424395	10.284487641009255	7.486604539204173
7.101464636000353	6.312046075368558	0.47858314207351693	10.20703349661978	1.5859373984250889	0.5010321221756677	0.49624300807495886	0.3327880468762008	0.2302896466913043	0.4951132974217	1.5054624657570401	3.628603992672244	0.522103253929494	9.481622586808628	7.583909241743564
7.166369172081754	6.372626779238733	0.4801774255745455	9.753057202129579	1.5895327457130082	0.5095004278527482	0.5099627215406358	0.3330532953921455	0.22938254464380295	0.4974999666551991	1.5175580783397318	3.65850534610924	0.5285769716782526	9.154196012911335	7.57617261962272
7.189212817460804	6.2992381856686634	0.4974385316854289	9.75699991020582	1.5805092074034564	0.5031175249937763	0.49685858919593257	0.34332549785828903	0.23095688164615766	0.4925671497589804	1.4955377887226164	3.625592037513207	0.5051861346176366	9.806670778980285	7.749267367400092
7.256212600589935	6.331598728653545	0.49249943443290056	9.734013084301484	1.6091235928936358	0.4954865592751314	0.5149354118074119	0.3416741050258977	0.22208951446512118	0.4925824671703879	1.5021014330768765	3.6317114285465197	0.5216274714864696	10.264337949941485	7.506580673028022
7.076853186903532	6.353298972509811	0.5030082369398499	10.034995699942309	1.587265502382487	0.5043776522808336	0.5124838571938307	0.33864249363295124	0.23470959786391077	0.5029547797945824	1.5363612284808603	3.677610509471444	0.5251752491584978	9.907902835960794	7.494047389716794
7.127454592624766	6.318420079650975	0.500519281360416	10.173300232322108	1.595110892805727	0.5092357089402441	0.5096332422404495	0.34374847302746764	0.23480378682597822	0.4745287584862793	1.5144459440837088	3.704422476959258	0.5170983745683764	9.571552841990021	7.650819527462521
7.0752137285944166	6.374677951031518	0.5001753909554948	9.887418974155397	1.6350595705255184	0.5081296927510821	0.5044833434508905	0.3372234740898496	0.22930359972674197	0.5052169147511872	1.5131807194647617	3.6242139475072963	0.5230015656694249	9.14150139835197	7.593786437820657
7.029599729256353	6.2903124454788	0.48894504242865805	9.974451954016777	1.631247174478716	0.5034603176532381	0.48822993415866633	0.33263708197256325	0.22466602199489946	0.49713336819478676	1.4862417243996138	3.6160247846052656	0.5241327414209304	9.589292849111965	7.651444044537241
7.135538195838185	6.329380708046902	0.49077669158999426	9.743641033123009	1.613082725851997	0.5110382744516935	0.5049842680878702	0.33414063228977875	0.23336841725899019	0.480258212183631	1.5246096433303298	3.614346986267111	0.5299739348080342	9.835407481644046	7.631772751365907
7.200666944913241	6.412942552024312	0.5182410902349341	9.697263090257174	1.6395820756629034	0.5026679430594443	0.5107244333605669	0.32541415333611856	0.21893949596514442	0.48751252496549435	1.505152955751705	3.6356051553709263	0.5289916691390608	10.296066534526942	7.671376327776929
7.384921844119062	6.30097069878116	0.5099477089731583	9.846721925260207	1.6496462678805337	0.5038417008607987	0.5178384910479026	0.3378385632750908	0.22762290992722098	0.4831458489164488	1.4901215798465115	3.6459163612226977	0.5143226628959665	10.27686551854821	7.622741462398835
7.40934493449067	6.3473055197939106	0.49719759263494057	10.04731962753929	1.6296249716348516	0.5152751385172527	0.5120439757384716	0.3368989027052629	0.2323730155964258	0.501215537993457	1.500008948316994	3.6415900928105263	0.5070467996921326	10.052867935436481	7.667472442328699
7.424135267729023	6.403954576257124	0.48971413023077975	10.139390634241767	1.6258910861309004	0.5137335143778191	0.502250265824291	0.33461533095782386	0.2201158020263234	0.5011342437402521	1.513018386802526	3.676244919135226	0.5109300697215903	10.057437470863286	7.3325376009537
7.248006469780327	6.359020486474002	0.48750314382428644	10.030694245936065	1.6354678438487609	0.5136397015253252	0.5045473887317115	0.3360066310184251	0.2276665412162212	0.49767731385465724	1.4956074327889037	3.6379277815792976	0.5172256076704128	9.569253312974158	7.547258111410906
7.336067216038107	6.269044897722017	0.5011833389616369	9.727077173699474	1.6521040810965617	0.49491278977976133	0.5134205973545056	0.3266200131099728	0.22031060806972755	0.4839374855714059	1.4955412368771412	3.6313786139198503	0.5357362415173701	9.794416509565652	7.335457791794017
7.420083222929082	6.353877525961766	0.4711829923105507	10.002406182480357	1.637698315042618	0.5094632169110739	0.5133145866547332	0.3263482901775248	0.21428516427552932	0.4892398563248276	1.4918283924959448	3.6230282904141116	0.5338910866889087	9.582167369141958	7.628048308644915
7.368431273950858	6.269673337464852	0.4825473393651378	9.764408314138295	1.646227927152126	0.5007527311850634	0.5096920143477803	0.32723469415995826	0.22097361004640848	0.4703259613305015	1.5063938521539317	3.6571576260027796	0.5236597543939251	9.834835855069302	7.399241717861295
7.496372818805749	6.4245981300228845	0.49431896061289465	10.334192769666464	1.653513733640399	0.5024510859073109	0.5280127962224421	0.33007037335067885	0.22995624951624302	0.48691703630969274	1.5043433344918917	3.6471669968299096	0.523203250306574	10.338491747283006	7.502735067608583
7.306940034237898	6.285702242355463	0.4989162446559982	10.068662485220049	1.6255358616067388	0.5064757430817556	0.5079696167309407	0.3248209355774707	0.22055631680929025	0.4938890401666557	1.5128458594976195	3.591835664339531	0.5236152115477416	10.359371910772115	7.568231495220304
7.247186802747603	6.329391614113992	0.5033212180281151	9.825937435879545	1.645593992172814	0.5067122329718864	0.5206150314286851	0.34262876427500366	0.23480526884262715	0.4921133705747254	1.5221138438428665	3.661417204947862	0.5173022051389411	9.833122702057125	7.62581371709608
7.306122392016767	6.402525464241878	0.49642636166650617	9.914906524176606	1.647508670540449	0.5067313824241163	0.5195736394763276	0.3327684505319281	0.22399748722870463	0.4955288506226467	1.4668018395896694	3.6586324077988306	0.5179162076242081	10.116929265019435	7.697761329888428
7.355831753172977	6.3301385088870035	0.4974354866044502	9.931540476213247	1.639966030536566	0.5152522436282244	0.49791296205870716	0.344010939580027	0.23108406331430695	0.49846566838307715	1.4874264618064692	3.61643784342715	0.5182267512053563	10.136259292534035	7.5119799446477185
7.403114094049412	6.360290817387207	0.4877543432935355	10.258988756726145	1.6402308255519835	0.4987721870992087	0.5098823104668776	0.3289408401742998	0.2251740961739469	0.4895701024273919	1.4975321956257865	3.6527061936153205	0.5214900149885401	9.651311833901127	7.665669348793236
7.519012251786563	6.306190000472866	0.4889079256149849	9.871693200408803	1.65684264206058	0.5131924559039952	0.5021035520908128	0.3554377069837527	0.22169407588134749	0.47456635570766365	1.4985159351454582	3.6207292455457134	0.5120253741992781	9.727119835074472	7.59487342337321
7.47896442938296	6.349142244848002	0.4949231125061496	10.099478381463278	1.633721986301051	0.4966352052021559	0.5034251986182834	0.3397954083349918	0.21816214843971513	0.5036033294532224	1.4974690217742015	3.6615511270703553	0.5155935816465019	9.990156003602833	7.633370102109544
7.377540409914609	6.339007468351031	0.480339417491217	10.39598339481312	1.6656226185916372	0.49225617793358584	0.5000538304174258	0.3281615906875532	0.22719065451703355	0.4906627732225689	1.4939415073393438	3.592432915353558	0.511722640362844	9.097454540613786	7.551167318524167
7.347036148235132	6.35183895343809	0.4805223788846539	9.809570264033816	1.6730036430492254	0.4897706429058276	0.5188632777021266	0.3384792821088641	0.22398352438771024	0.5101502273359361	1.5004442562119569	3.6378633370780626	0.5229841268224258	10.339197359572353	7.758106945257313
7.3604510180103295	6.482301951712152	0.4833179407921796	9.687083842469251	1.6548809160992546	0.4967697373160963	0.4951889413240286	0.33198753284359916	0.2166989626557986	0.5006232562834186	1.4852947232057778	3.6578327032741003	0.5165148849416528	10.253876482565715	7.631632297525562
7.379578479389306	6.492050832423378	0.485352022310048	10.145623488546054	1.680344641200642	0.5220200062298569	0.4980994055800807	0.33450565629428786	0.2281265679543162	0.48391232592717714	1.4849334601571593	3.6361689415743332	0.5143484510712907	9.903455280302468	7.691549639887287
7.381027853979134	6.406971459222795	0.4907362119882404	9.975227290556212	1.6808274640577405	0.5125667251764676	0.510172626885565	0.33422609847183643	0.22818410134139303	0.47389405445991817	1.4932762761072427	3.6493929079596135	0.5195063850032453	10.064788060440518	7.564905276571165
7.25788121550104	6.357137365994561	0.4846618059813812	9.982708914958915	1.673135465751273	0.5066009237127221	0.49452953914289705	0.3464986743613659	0.2241386634467578	0.5004051533739803	1.470087805944438	3.58358447351853	0.5197704120789228	9.734086178148845	7.715826725100288
7.367952825490096	6.420609013632442	0.45956208383051	9.659853204855974	1.65911694197127	0.5174349325295367	0.4949415832463497	0.3472386367198076	0.2288812265063262	0.479473422913685	1.485038016003395	3.6732573465312996	0.5171462737061545	9.579521988228755	7.4962672052836945
7.36398250574847	6.373549907649116	0.4934091518953267	9.957786684087324	1.6813993087782755	0.5095037402807806	0.4923898397833661	0.3410969920367453	0.22881760876356477	0.5043270112191272	1.4859350919586256	3.6075010780689003	0.5084982517300412	9.388021412157205	7.247578573445645
7.363594236130487	6.45147477652494	0.48794578133771493	9.942470417356398	1.6569190927830926	0.4990773707538581	0.5000792126740277	0.32990667016580966	0.22390025314653197	0.5006758604139616	1.479173680259881	3.6219974406900355	0.5154163565050589	10.073191691757343	7.50984385178601
7.373968408961787	6.430884725595888	0.48362996537166464	10.07884930483328	1.6905126206563021	0.49313535390800517	0.4941401699674937	0.32486334731678196	0.22511630757085208	0.4996680810532499	1.48896158053831	3.6293607756994035	0.5213493275784734	9.742023782009667	7.338919244896956
7.380277948363237	6.338402312596373	0.5081866347651661	9.765414410292177	1.7029200123318604	0.5044003637178374	0.4970930717465336	0.3322966365316365	0.23547589533485622	0.4960269277176619	1.5194890034210604	3.6331482341099695	0.5159947861299592	10.339766277343966	7.5901232076106036
7.3757454727772975	6.346351682286305	0.4914430479472624	10.053418729201107	1.7033912176513513	0.5041481137949413	0.5213809922945396	0.3312902348343355	0.21701254309263387	0.49465828286514935	1.4874472822957139	3.6240641532488636	0.520298512281638	9.783683682364476	7.613526364257794
7.457151035589403	6.350229582290404	0.4986261645247458	10.189408871930759	1.6825375184144633	0.500249258234086	0.48561762088289423	0.32990038473218997	0.22610557993726654	0.46149830064033726	1.486321451953585	3.606882858054345	0.5316818741583472	9.443935506786378	7.739745227913717
7.556326773735763	6.350591510632636	0.4772648011347437	9.978573479271441	1.7133689674728163	0.49286960159330007	0.5127866660965938	0.3243064722129328	0.22150421222703207	0.48508040319497175	1.4742333077794303	3.625177887174619	0.5171326268837164	10.322343792758115	7.397524784369161
7.542002686677645	6.358535254332233	0.48895149825484874	10.20992732774621	1.7228179358087532	0.5074208590102581	0.5149320085626883	0.335794967647578	0.21815998309121012	0.4891930056640587	1.4698388726290519	3.628206645888814	0.533941514092522	9.075158587206321	7.508244297671264
7.547461256149103	6.3518716580234615	0.4851114169216889	10.080335790986211	1.725778868863344	0.5020073942343153	0.49334995445438506	0.3334115479078812	0.2123927386465667	0.5050492987557235	1.4748885511382153	3.6365904637119217	0.5206989569607509	9.415726829432918	7.697917110730958
7.574491096252739	6.443655997390218	0.4931902079663734	10.289351992885877	1.7220608379330615	0.5069300989938623	0.4855454941956706	0.3354988071660658	0.23750226515629688	0.4832229224599506	1.5036339620289003	3.5991197329128073	0.5243274895006341	9.30235851887299	7.6790080593803625
7.547267935955098	6.261303404485399	0.4997483227135975	10.097599858436851	1.7205575557336754	0.4817639117384689	0.501606990190077	0.33910499747763206	0.23301498064112017	0.475942134734023	1.4463644747439577	3.6016213721558334	0.5230060685663387	10.149267379255953	7.67046570392378
7.568514639963167	6.4234687888125785	0.49440426028496787	9.711308153683774	1.7321631603601932	0.49594501538826596	0.4981559905876989	0.31725184664747585	0.23041291003160588	0.4687329187906543	1.478398645412077	3.60227924663787	0.538920330102895	9.747729725607925	7.605072371972165
7.511095033507282	6.487168344319857	0.4786087686685201	10.007840265351513	1.7384080591872957	0.49001475456339944	0.495067603796431	0.3364699490881853	0.23486870631719287	0.4820048049141755	1.4775240826619072	3.5999208419916804	0.5277374192559595	9.315745084781796	7.573524437481354
7.560312101769926	6.350096555343879	0.46568383825998577	9.704543858193617	1.7363695480078098	0.48714165748598304	0.4908482978297091	0.307587321745329	0.22111404267416823	0.49238371166463224	1.4617535924048601	3.580156403892877	0.5216406078009863	9.599118941594948	7.489820293230653
7.296414060125148	6.402322854799831	0.48252784526978426	10.13986308898761	1.7413605551148317	0.49564016441878356	0.5181305054261389	0.3417933619244354	0.21233096600682644	0.495201201255536	1.4624515347787659	3.6399127760590226	0.5113143030772046	8.9480372048428	7.711934108866951
7.390387630944653	6.427499550980296	0.47973672981040916	10.083680854247362	1.739662271525113	0.5155475068084889	0.5094245879046371	0.31312177495964166	0.21475659334565114	0.48819745544153487	1.4512509933979547	3.614320027643185	0.5234979935269869	9.114279800554833	7.764761898192813
7.60937594313265	6.310298696187256	0.4926819940673362	10.255824393143051	1.709419706622679	0.4945059034414487	0.5124266174719422	0.33003767055566174	0.22006482484504816	0.4824621597525957	1.467725331818982	3.606293411194159	0.5237759282645194	9.699297793318586	7.727944463121767
7.46234993456279	6.398935788885982	0.47308750419665146	9.967940318961814	1.6947385983980094	0.4996578042821454	0.5059410215268234	0.3351903041577616	0.2209525332980488	0.48884986988956597	1.482524024760674	3.6014578323474966	0.5406296345256051	10.081908870751477	7.551425069476373
7.577009259813935	6.376037200126547	0.4921448543409484	10.080682769768021	1.7304942516358623	0.5020753645443689	0.5072471843775279	0.3302113727585061	0.2284919379478316	0.48112138026734963	1.4480351405932994	3.6137811887370526	0.5430798860338533	10.167015139081261	7.624404502545196
7.623884995853989	6.4073351832431795	0.4918875409930659	10.110316214803579	1.6920843293169492	0.503955376346174	0.4979988895492668	0.3427821033474834	0.2157983741141362	0.4893039139392235	1.5028693326299138	3.602462769032294	0.5152704021771641	9.079657378786129	7.874196801397026
7.453204507247017	6.303271437817785	0.46735649107753185	9.830510410814519	1.6987754024923643	0.5093948884187877	0.50174135696002	0.34368478295690663	0.22086432053959074	0.4946758898875744	1.4751492607023888	3.6325309405579853	0.5286462362003437	10.203928748864612	7.477306752312001
7.60030205656726	6.350849555318003	0.47934772152321553	10.099175223924782	1.7012889679625125	0.49560886917721736	0.4830812569857127	0.3346399760932736	0.22034901414250616	0.48879030785211025	1.4727018894446533	3.62096084106545	0.5217353248434218	8.915924033584519	7.371675227661132
7.571686782870997	6.4360362840514584	0.48884976859944357	10.177726543318103	1.7142082002010033	0.497189833939496	0.5125182568593311	0.32658575462572664	0.22208091634907706	0.4736928543738714	1.4672723841722328	3.624440797164816	0.5031415048389732	10.221244360547054	7.431969484994378
7.308247884953401	6.348398980194838	0.4984573299687039	10.081530758992086	1.7157635838494931	0.4879121543522621	0.4915226117008847	0.3341047605415352	0.2208903626423621	0.482151970293215	1.4791538399218511	3.6257992949545326	0.49800093767778564	10.44396222185108	7.579214048153817
7.470069627106859	6.492446920476993	0.46793562577385883	10.12418563122994	1.7086438263795605	0.49810729287823896	0.46788268168739644	0.32612065205561064	0.23103525093618754	0.47646436639025763	1.4694981297922132	3.612575459634237	0.5241813981798944	9.029562210666564	7.415076890211524
7.482436893774826	6.455228649646813	0.4949554062512877	10.256979458151866	1.699901215925905	0.49129208869544083	0.5020105704715682	0.3347176396535451	0.23057420401145287	0.4806799122111406	1.498158526096763	3.6085135284667094	0.5167223159490865	10.048408833907477	7.5588598054806715
7.479369890570943	6.426052392059642	0.4728636158903403	9.832745255446294	1.7180649609766205	0.4769159875258265	0.5159861732129788	0.3293908920194047	0.22459001056282527	0.47617080268508694	1.4769396458696098	3.6726535043434385	0.5023747050530358	10.106275272472432	7.563517218691473
7.633935147248675	6.471047715829248	0.4906046239417657	10.21248200786335	1.7138188673296584	0.48720027253549214	0.4948868681819195	0.33227199499529153	0.222119206785744	0.48039849305678495	1.4841886718075592	3.5814068944308546	0.49724072947772635	10.404589774684858	7.49340532279037
7.661905596239287	6.4519092085226095	0.46255965891260187	10.235653193619429	1.7001945139349794	0.4979493471958131	0.5004588790114955	0.3456285118539286	0.2096236898074882	0.49540298407060845	1.4787289309509932	3.6257218241100855	0.4896695445944254	9.75595778858274	7.526164754214572
7.702600095965215	6.400282075548323	0.47313657858042574	9.9837190503753	1.7205734586213834	0.47861924295872976	0.5043681224272432	0.3430001378512361	0.2217756194101974	0.4782734804385188	1.4958211099895642	3.6240527524382866	0.5148701737307965	9.462755121298068	7.497631833804503
7.613205107176994	6.449116650120234	0.4702931395101923	9.94246920724027	1.741442472364327	0.4910726243315059	0.4874727339486478	0.33411225036650455	0.2196759682977904	0.5025164106706868	1.4817174630823686	3.62910470199612	0.5133718235657753	10.07061627041752	7.577219265045357
7.587716931670799	6.41311843144057	0.49380014905927183	10.19132767648064	1.7159592411731486	0.5016243642382393	0.47730431591126643	0.3324302629620543	0.2250072299917879	0.45602053847989865	1.4614052809698268	3.6318933187766684	0.4889037028844812	9.352856670152024	7.829018546379785
7.481573921958748	6.332287053221844	0.49237348487453575	9.983211097038641	1.7138141314848452	0.5174798076584236	0.5075120823082293	0.33334581645045397	0.21568891699379225	0.47401269564697945	1.4640305709200363	3.6220329440002854	0.5117406565486959	9.187978903895804	7.687270859206237
7.4781664691438285	6.477688530440747	0.481856923376383	9.950459546053922	1.705331888407877	0.4925656071681762	0.49837167688893896	0.331133496671936	0.21379999690119755	0.46742061514224903	1.4950165484496225	3.6171233399722307	0.5113996890464703	10.083227039250158	7.661069448353963
7.482950971769919	6.457486503813963	0.4693042048786096	9.90809805994639	1.7240994377770487	0.4996501822082992	0.4807794830737951	0.33658551165255773	0.21314788869323592	0.4892958299294281	1.4921178644078508	3.6217722155236816	0.533921232466366	10.1456206100098	7.6334061674182
7.474925171947555	6.546107932283851	0.48763877937575395	10.008445207194248	1.7200921321532168	0.5054519500583994	0.48907248086555244	0.339119533931738	0.21886989455067726	0.4976000368340049	1.4955668064554901	3.628217721081082	0.5236623919480731	9.103523749259965	7.444137852068394
7.565287348305949	6.562915773509088	0.4843678977828332	10.072755630804144	1.7165960858526	0.5090220765649343	0.48502847175323566	0.3452272998718677	0.21976741809512026	0.47559127989586336	1.4807310626373609	3.5824778262279353	0.5089322000447505	9.480380476696924	7.4573370953901525
7.520340873118748	6.520470303197728	0.47941723288901866	9.890532420170828	1.7133143463258877	0.49881492770186064	0.486851908504485	0.3337346342577926	0.21491450575330173	0.48740836244242436	1.4705496988061844	3.639739555837677	0.5224071397780896	9.271532284006765	7.413255687611155
7.505717312029313	6.485927834224625	0.48919904716712026	10.172930461443967	1.7348972709386337	0.5002528137746782	0.4957225641592871	0.32113031177937634	0.22681067604190436	0.48848292949648664	1.4907697954831218	3.5851699857474184	0.5205629188743244	9.677387366068583	7.69329504223753
7.446669630109803	6.589062624203909	0.4710172852845233	9.889197116464452	1.7367560981026613	0.48555747785830383	0.5154669625519269	0.325559460607911	0.21574204467937513	0.4739752094721273	1.4448302242216202	3.636940751460426	0.5148281143948565	9.98515190186637	7.681914487586679
7.458008259204693	6.466093930490488	0.49304862152705775	10.17279287649675	1.7593072878625193	0.47411388706114227	0.4959894115779776	0.3237349270880132	0.22189269421037547	0.4791957233298169	1.4740838020559055	3.628396073561349	0.5240054922093662	10.031090770608483	7.772218234552731
7.49334175767684	6.4915156202440985	0.4986919228924417	9.876879980403325	1.7375793788561806	0.4898414265658699	0.5030322517738844	0.3394992045121473	0.22622161377351116	0.4676479198822761	1.4560799946438443	3.6427468600659165	0.5278788178733984	10.134600127282066	7.793903155121677
7.523680686551764	6.510755395075383	0.46591478519746865	9.961116457405835	1.7409265457368008	0.4993136470501271	0.4969465980709232	0.3135847286089562	0.22074163762254584	0.47748692501496726	1.472801625688741	3.633180248793974	0.5273598799314272	9.588280019262607	7.69171997271742
7.494381385970407	6.414637847241322	0.4963376662422757	10.125294056757923	1.7636143710816528	0.5092185138078397	0.490383642101353	0.33418523648051873	0.22214387479881112	0.4839784379386171	1.4513682259011986	3.612494920464521	0.522158439677991	9.375756831335265	7.627309664304741
7.429694023752827	6.395133000655139	0.48764632882645526	10.191934483031012	1.7418392853953701	0.4921815938189075	0.49712189664154827	0.32546908979811273	0.21784396009683707	0.48092499709973086	1.4827034739009135	3.6176246140519517	0.5258357480945216	8.929316835863279	7.631137430286338
7.527392010009225	6.4166515859011115	0.5004509059629962	9.957818920261653	1.7478365258144555	0.5030286569725443	0.4844805023120615	0.34114198461575146	0.226749527568533	0.4804740048226362	1.4679684600535836	3.61140916815255	0.5230813662995741	9.569671846808504	7.7512411087551945
7.581452254220949	6.517882871186238	0.501934351266881	9.898574181521713	1.7420155970308964	0.4809346485692323	0.48526045654204386	0.3381960199501861	0.22039038728721483	0.46980306690992685	1.4703935479055417	3.6050854166501223	0.5122666691890271	9.704698755573164	7.62888794287326
7.542839559607281	6.571875397823504	0.4887535816656733	10.130838901645198	1.7286050754577558	0.5052201050658319	0.49239928937477756	0.33136423118400016	0.21517163265038627	0.4979728443761077	1.4750556085746074	3.6461540550842146	0.5170238458458315	9.935275433510075	7.521152790107217
7.52428018150081	6.514238342990804	0.4807863485879315	10.120203864645928	1.7442861283482456	0.4977047430188583	0.4990753942060082	0.3292815025256596	0.21372146686199384	0.49187464274602516	1.4729019048950545	3.6498264441488386	0.5304573088964036	9.525928689929637	7.936278302056261
7.5906615291734525	6.566727346250718	0.4795986860968706	9.813918024290942	1.7373084075603966	0.4935003071576986	0.48355226468319407	0.3236771638690527	0.22295938231171347	0.464685049420463	1.511395470810188	3.5998363853128037	0.5146745102204296	9.993152880825967	7.539216001133177
7.541760410487104	6.472761441721853	0.48536984842154024	9.903681567913573	1.7323544111656441	0.5020673216348681	0.5058623379533678	0.3228983361013139	0.21889183967677012	0.4928859553256869	1.4485196090548627	3.625218133981878	0.5205995693547737	10.158683643421496	7.637097364065113
7.588903149394562	6.5693099198810705	0.4959688917676413	10.137328323854703	1.7443277153091061	0.4851631505030902	0.48709750465043883	0.3388097267581168	0.22272059695540922	0.4861941908733911	1.4883371433996329	3.6484646713539357	0.5288390969198367	10.182993822268115	7.683883787515322
7.518811135491139	6.495040622305162	0.4858310987520989	10.290145953577245	1.7381528952629233	0.4864824963531923	0.4981173461428609	0.32558932126662415	0.22428681841860523	0.48812872208765534	1.4802960583205533	3.6680381081784605	0.5162528292241545	8.883287026827313	7.527131135561204
7.4201151140230985	6.49573752098108	0.4725221857469473	9.891962809966104	1.741225558679966	0.48649987426129854	0.492574011844342	0.33394912240718233	0.21661046904817155	0.481547860115637	1.4562049059811868	3.6160184056234113	0.5017975107243403	9.597179831582563	7.425644493703391
7.488818001631293	6.553932145236659	0.4827693333760669	10.214668564356538	1.7333293369219558	0.5052912709757085	0.4774158863952164	0.33654671060424673	0.21625416984023976	0.507323307915976	1.4752662789399593	3.6023881977063157	0.5192549962978682	8.928788409287776	7.476085116450403
7.557435533056112	6.609343637581856	0.4834330067026719	10.508095580567147	1.7262206370596007	0.4904886210926845	0.4890753984145601	0.34105440301329365	0.22564742746768512	0.48839103109621984	1.4643310218824501	3.6181451032838643	0.5202812465405398	10.00349622964776	7.472225288664632
7.4076414539703785	6.5808005923573045	0.481651930351254	10.750096812367614	1.7465296023988797	0.5068314919835138	0.4941226932358241	0.33686592980343355	0.22507300974997735	0.4704404777389456	1.460609317818436	3.648151160455337	0.5160251189051367	8.801955977536316	7.550002638031738
7.530101136509599	6.578361168120022	0.46770736332519186	10.124277580470878	1.7695683984109813	0.49813664087099857	0.49147380016095327	0.33087999746790514	0.22316686020819795	0.4732014553174651	1.4790521402562289	3.6173306558292575	0.5002508487314086	8.961380566668158	7.585595287806719
7.45983515447923	6.648888465966126	0.4865016350458713	10.046334470298467	1.7587761990701951	0.4936938091436205	0.4947120542322024	0.3368101637125186	0.23048864656612889	0.4680328854616769	1.4597893420757047	3.6255261890889954	0.5200331102678707	10.35694476905949	7.650655293394889
7.403041287600606	6.446988676367232	0.4774821423182982	10.14242878698165	1.7686742918307472	0.4813000714556261	0.4901442887064674	0.3424003914218296	0.21808728349329892	0.47602246559225236	1.4718999516634617	3.635952622754657	0.4928246649548938	9.880053602587118	7.60052543045472
7.6377984369957375	6.577148554407607	0.4778494195888126	9.89197521977415	1.7584402656254887	0.48425753500789875	0.5046371505086286	0.33622853054361473	0.22608078726141204	0.4802796154269531	1.4555613711615687	3.640503898387728	0.5042105667131003	8.87522020410963	7.6786749975915995
7.490552258787557	6.6279310568256165	0.49062898090143475	10.159358421586594	1.747196607799462	0.4709994452508708	0.49293349540589976	0.3472602030836534	0.22189132300384362	0.4843657185460345	1.4814137782091452	3.6347746731472133	0.49072310689034054	9.105932952626237	7.603620837633673
7.557320494848083	6.570914009355228	0.4848023756339415	10.159202269941712	1.760730293790152	0.4928704529840646	0.5048832120719055	0.3324775347069717	0.22773941597018083	0.49641717648080985	1.4593561100010788	3.621869183720884	0.49554402389189345	9.85221109233305	7.7490640734127325
7.5100678808976555	6.469502068744237	0.49265926693570977	9.854975754607903	1.7488584198929011	0.48839095151643175	0.503419941115067	0.3362964559553259	0.2331189965216314	0.4790124103379146	1.4931567669913206	3.627775899404744	0.5174817838197031	8.624814550455424	7.4969517815920685
7.493863418762504	6.546924719943108	0.4831993231914906	10.020688245049344	1.7365520774463907	0.4974645202040336	0.48477094778975444	0.32433056608133537	0.2126309416200436	0.478787454305656	1.491275866236216	3.630658352012464	0.5190973472754382	9.262584666390989	7.625571702778879
7.420435322951783	6.553248881233502	0.4912632734570505	10.058689516405861	1.7656040445198316	0.4910043591012671	0.506702189815282	0.3456915404350519	0.21603621542963117	0.4875247531483163	1.4561346266400803	3.6312890917407237	0.5222377054346748	9.299455985633712	7.4994609086583095
7.5263683242539505	6.53311017654093	0.4831957769501747	9.875618313081747	1.7440428516957036	0.5120576331182243	0.48793645772329236	0.32313456723140577	0.2283744774887645	0.46115936816581093	1.4683464799719026	3.6092285594994267	0.5202051926538591	9.508811154521656	7.691635391259317
7.736033447365266	6.449404335091756	0.47752350940898686	9.971233128733195	1.7451487026777968	0.5042172589205045	0.49613732458381044	0.34240488176086126	0.2176627572822118	0.4776307827537896	1.4803990666403353	3.6550004369445337	0.5160664094639391	9.499351191614329	7.373377066693949
7.753877293327887	6.4577853398513545	0.47411571373846045	10.037463148436684	1.7380248451835376	0.5140116987134171	0.4940813838043546	0.33088328419545127	0.21889980015781052	0.47598698778453374	1.4668961932385962	3.6510831523652842	0.5084699112492701	8.724169322552674	7.482545420960185
7.546358752917365	6.44938258274713	0.48869607163608947	9.93760489007217	1.7186997330740903	0.48982575309403886	0.5012627678922158	0.34038478656124094	0.22552169281050394	0.4825407566785172	1.458329885253307	3.628611677902773	0.4987250101902426	8.94990855113746	7.489427682477193
7.547497028199957	6.555207656930929	0.4639672640778382	10.22952158549003	1.7057978920355554	0.5017274887446526	0.47597024323729054	0.32950334162285605	0.22450150852430786	0.4520927593827993	1.4847590069066219	3.6445648473353427	0.5347676111298363	9.95734290660235	7.669091141170671
7.539885906083457	6.566733245613951	0.47011966883178546	10.41700244062385	1.7580473448901512	0.4916604006083907	0.5035895482169793	0.3429069910366225	0.22687151069596168	0.4860928983747253	1.464280491949232	3.637323815794565	0.5003843633371027	8.56286658013116	7.6499677617343185
7.584222023479184	6.547851343781658	0.4800945812423393	9.858047084620527	1.7465524382317101	0.5027796984688574	0.46900527987156965	0.33230459607059193	0.21904619960783125	0.4787927736272652	1.450794867758066	3.6553786472610312	0.49978221178191995	8.990988245781686	7.361383626287192
7.562777063751872	6.474236971341068	0.4839808756511989	10.10061182661346	1.7481203869857604	0.5017425593325529	0.4838611639086589	0.3321856608002686	0.21486267313807092	0.47163077665262026	1.4960077700478474	3.6152679058447643	0.5223278309540001	10.182277233235789	7.662691514317771
7.5324668294766175	6.6114793881089255	0.48606421083867535	9.82026606427333	1.7296167704080754	0.49336298342407003	0.48953480104454555	0.33396425761561915	0.22806067048752818	0.4826234834707859	1.4783911884533525	3.6564376205138474	0.5370584260338827	8.986295744492125	7.493909904610708
7.5279430632813	6.567173870758724	0.47642263031845966	9.881344950717374	1.737945866919817	0.481799362388647	0.48189942107444445	0.3443104472355751	0.22771392561278683	0.44704717463940424	1.4382274788033955	3.648679584250728	0.5207401536222072	9.672659655687465	7.827171881268741
