mass_1	mass_2	phase	time	distance	a_1	a_2	tilt_1	tilt_2	phi_12	phi_jl	theta_jn	psi	ra	dec
6.009647883625608	6.426580238013629	0.5432746145883222	9.773041770132929	0.7843169117302544	0.6601254314555195	0.5711378136550959	0.22137062460940968	0.1511419202846952	0.5118527252618386	0.6964317063051859	3.017412794903958	0.5307354947590975	10.58855399423402	7.273884189447897
6.212691737232435	6.269643189289355	0.5076291401941658	9.712038990721819	0.7686278031852817	0.6576409342129333	0.5676873075109967	0.231021192664667	0.15469706075060732	0.5055741105129611	0.6880880407946814	3.0047248512318623	0.5283039504287177	10.610414243132505	7.1556404627740235
6.318011289062613	6.1782865234520585	0.4909640070213706	9.988203451495385	0.7511884375796026	0.6587196515321974	0.5317624724582444	0.22432149236606108	0.1492969808689021	0.5088210871004325	0.692808310914009	2.9897714497642895	0.518355174091467	10.637540501364095	7.08415446623041
6.441480955406048	6.171023309020658	0.4927065153265602	9.980551980130011	0.7336538949197059	0.6416684598912956	0.5582242293116921	0.22718236492309524	0.1547034877766979	0.48874457240152586	0.6888547698074097	2.9881639227799717	0.5170972610443361	11.237713182396297	7.100335818553085
6.551679110932947	6.166228368357626	0.494745611423019	9.849727320501382	0.7230178847310506	0.6113494325805924	0.5343510416523636	0.22972599739992539	0.1522772587411059	0.5119538799632036	0.6857187583893857	3.0309420412058836	0.523251904566539	10.846072765697187	7.321515696805058
6.598387436887407	6.124625787638655	0.5298342173919542	9.632586947937508	0.7199630100311606	0.650204683790253	0.5507196192941216	0.2312168084669248	0.1532189443464089	0.5085258424249006	0.6902558430353527	3.022340342231991	0.5114363078235332	10.815175675074673	7.485236537118816
6.6085625717937955	6.169407598493283	0.5221503249059574	9.523561390496786	0.724369996781777	0.6312401727880582	0.5430780838872105	0.2254498817731433	0.1670335305208404	0.4844221498932572	0.6809207209273285	3.0276430747110505	0.5061747924866669	10.532180672116123	7.397511370527532
6.569958543839472	6.203147354412868	0.5266421433834283	9.66350775095145	0.7178720583464607	0.6464407373016119	0.5427932895062849	0.2353690957212501	0.15995535313388554	0.5088978770685743	0.6643806535443962	2.9974776115558908	0.5198125472631471	10.422389084144807	7.4376446489741985
6.501350417444108	6.145770686911689	0.5032428067921934	9.973051087646661	0.7219986333506624	0.6172372918666362	0.5306899040233579	0.22572609884539077	0.14896007545092949	0.5023487716111017	0.7127906511622207	3.0267687405622654	0.5396364555759119	10.769323236241245	7.3826424368694825
6.450547431126721	6.096189937299856	0.5098634609301294	9.64149016238753	0.7217986514161988	0.6186265045733311	0.5206052974044765	0.22540444100650162	0.15281610665341558	0.4990575297244747	0.7024846212879274	3.028591346557967	0.5194639408157726	10.534654296249832	7.352166216623799
6.450680451133736	6.114730853282623	0.5104511582460477	9.52982972216258	0.7150261314002139	0.6316744343028365	0.5207993541556228	0.2200146828606097	0.1653516792022673	0.4930363327869664	0.6967614385022524	3.0370657914805084	0.5279910351252197	10.434502740857376	7.346929356213453
6.427923366562199	6.079849951528103	0.5006879451057596	10.016949479177212	0.719681081474315	0.6325373578573681	0.5357083980251074	0.226439897624832	0.15928900913244431	0.4973411468619628	0.707050424597894	3.0090619775326544	0.4920632771635253	10.511801595657557	7.298920535122565
6.418134451185335	6.0813673287492165	0.4987527935149156	9.669994447551266	0.733768955691719	0.6491930078557545	0.5443877061544323	0.22444890914542276	0.1594180446471891	0.48481582771425474	0.6821217143348678	3.045069528654742	0.5330272546622273	11.097397813167058	7.194487997797888
6.489220646825278	6.144184332958724	0.4947664250480545	9.555256036168474	0.7392194280335584	0.6384542632595903	0.5402022443489899	0.2252717060705156	0.15961925622284343	0.5186683458253684	0.7000644256337306	3.0256587097036354	0.5130393985315602	10.775410611782346	7.396258061507352
6.412602886048788	6.220322711508242	0.5117318460381396	9.697045971717943	0.734114191604434	0.6367139073848536	0.5462325192193855	0.23673982385083533	0.15757616085712026	0.49142966565691015	0.7031002185531086	2.9835132152939807	0.5093136989119481	10.441588476878744	7.523632216657526
6.440590479130537	6.177337227433674	0.5012806551575741	9.579230894910118	0.7457255783403112	0.6261944751805375	0.5390047955940441	0.22727638582480045	0.1475811837352692	0.5154268920944912	0.6871038443690597	2.9913449646034773	0.4880086840339767	10.401566266098897	7.545908247687333
6.4276301224528085	6.199168523711622	0.516578386797581	9.97686673612991	0.7462751911848017	0.6355146845734804	0.5375116468660485	0.23658189731240561	0.15123383248043687	0.48021862588228437	0.6938374359186014	2.990887709152705	0.5291424078800363	10.852565727110685	7.572652349209676
6.393028049793842	6.199662938353524	0.4995716981133866	9.806550120643355	0.7528453080271114	0.6328810117246427	0.5324674578976424	0.23899066596184582	0.15577696800324078	0.4741784804162523	0.6435822765072252	3.0245523815442406	0.5365687212976139	10.438002795020463	7.529575779235928
6.391192913141778	6.209077512836027	0.5199614563507108	10.079801935850803	0.760920922315801	0.6398476042968118	0.520045009767083	0.24277297207513526	0.14540728165939273	0.4975647578274184	0.6832155568095064	3.044295573704305	0.5302571621720179	10.914787728454828	7.611883639955392
6.342212063221628	6.1835142602482485	0.510401481515746	9.716498849380967	0.7631078803366834	0.6332113656062446	0.523367856550287	0.22574583050564348	0.1491627279178308	0.5104653253933489	0.6992503727215128	3.0294090036694787	0.5528276108208721	10.788559694255742	7.530176630107531
6.402542960824057	6.253611534192995	0.4979136876016096	9.590118980276632	0.7676694480489458	0.6456100185315881	0.5446364203667085	0.21836173948300347	0.14497548594717435	0.5212206975232613	0.6942615732822418	3.034373619514678	0.5118122132234463	10.636054517276847	7.455569090446951
6.415267198103289	6.334882691793072	0.50828267103751	9.568039178346824	0.7664122551455997	0.612860779394007	0.5473181154952781	0.2291913741998775	0.15384295438285003	0.489053950962812	0.6932221564450177	3.0146122654239207	0.5202036840252011	10.75097554020423	7.382680474863604
6.443623258554194	6.180455695826141	0.5246334116751556	9.9534567827346	0.7575004930948941	0.6061136720160402	0.5337057223774955	0.23184685326889873	0.14841281742925805	0.4935124821026152	0.723747362968067	3.0391947053176733	0.54206234827569	10.410577702742824	7.388499250097742
6.44120655499418	6.238567830785476	0.5266979857593319	9.745823099355292	0.7600142660451047	0.6184255068863596	0.5399379578410723	0.22297526321704542	0.14667456962826206	0.49209893708689284	0.6977586123348029	3.020638938840439	0.5251993286036502	10.36137674147929	7.332722671122478
6.371539638949768	6.25005342893375	0.5176109450151295	9.727686697711642	0.7773958308643154	0.6370650046287523	0.5462427998169583	0.22547000662706318	0.1467799055441731	0.5023236864385204	0.7139758513933451	3.0079755504087173	0.5257107396398917	10.553669261729011	7.349676818918244
6.390160205782147	6.26733191066096	0.5135704059938313	9.646251870578938	0.765354196599958	0.6279565752236264	0.5447351679880642	0.22979582347237992	0.14617803146964473	0.5170146709899228	0.7108124735792516	3.039315411924068	0.5170676297885176	10.939547577890446	7.359542055082346
6.372267932910505	6.339725718154257	0.4921788871842081	9.505830570937803	0.7762841333828616	0.6202686725939661	0.5456023374589033	0.23713966100705233	0.16084630510927753	0.5125683903335557	0.7248182651780714	3.034698366411987	0.5468606638828909	10.767035734757693	7.28708321787903
6.363365155470184	6.30212670384748	0.5184837417238524	9.491265122911907	0.7555157027130737	0.643304373636459	0.5654684393182219	0.229444067783218	0.1602277097819065	0.4905921536383832	0.693346846562403	3.0486061428932305	0.5237751364509416	11.060071965373858	7.302177846138464
6.3899460881437085	6.311123801916633	0.5189129186925591	9.50124054975607	0.7673790055746416	0.6374284180849846	0.5380143909345435	0.22466904077063313	0.1517909380160171	0.5049975156618043	0.7261771210976211	3.035962052144972	0.5372571886599425	10.465390641399386	7.29725226811312
6.370552486831161	6.296980818630004	0.5170337240938024	10.152845031264548	0.7730245570966968	0.6252265793663436	0.575668735489368	0.23489557120903856	0.14839795586831267	0.5083022034002724	0.7082201567989947	3.0295605451547445	0.5085110395762279	10.64098806923393	7.272535533026343
6.34776620711728	6.302949164806923	0.4979776910726035	9.449913374869162	0.7846822760470655	0.6180421160956779	0.556314086607273	0.2270928717413367	0.1520189146234173	0.5170746840115396	0.6924691422927884	3.0085815898312727	0.5306784252995873	10.357644966731712	7.206156499810581
6.33580538825363	6.316645683789523	0.5065680581847682	9.615697872843521	0.7847154317841846	0.6328814040135201	0.5377370916803289	0.22077464479447337	0.14955614440420412	0.49554065486200244	0.7262286908659477	2.9927178775632868	0.5166184091659212	10.454812888546495	7.130205046331784
6.444862033093498	6.349997906489328	0.5117987493914928	9.708418608459802	0.782133301509624	0.6477311496969911	0.5437724201569666	0.21741671939778748	0.15066503619481358	0.511532446393037	0.7160367204418457	3.022217511420394	0.5417982150955194	10.39594034864837	7.185327334917209
6.458981147013806	6.348586260952774	0.5120080521116781	9.728988832764669	0.7707136988566768	0.650138300520044	0.5398114377628807	0.22565127370708357	0.15109790680772403	0.5037898913379634	0.7019155698599028	3.0244997529951174	0.5470072678447269	11.3341685494847	7.2824780424949855
6.472030421180081	6.361139959926437	0.5188981111595045	9.608948747590599	0.7794927877417274	0.6310491004352359	0.5631236773853058	0.22658167313889646	0.14786991271786173	0.4888097129427507	0.7167001174120373	3.0344150000236447	0.5264376739327681	10.451721602266437	7.299500133376718
6.460335498293519	6.344120039456206	0.5256219577154642	9.808467732071964	0.7807678892642235	0.6478278087413373	0.5369553488941423	0.23214302384573002	0.14994895487081433	0.5136567624893686	0.6908045428859536	3.045133346863587	0.5275785280273193	10.884338342400016	7.46356234940502
6.518177760894029	6.42159438037991	0.5110047476185513	9.814493126201446	0.7786551094653676	0.6412465643213153	0.5444258609928	0.2272947802094336	0.1608016714240245	0.49629197638026373	0.7118806495538188	3.0735424514881524	0.5477099006291776	10.590701343722483	7.2939108867186775
6.621929037765312	6.451692230905815	0.506490867497671	9.752182694676275	0.7753454869736053	0.6318481429982201	0.5215689694741872	0.23276761136557653	0.150373962919111	0.5026224184769199	0.7005925964691815	3.066453051456552	0.5131585919737072	10.574337014184819	7.237664086828477
6.496915709971604	6.410083267905873	0.49467373936538406	9.651680737071095	0.7721897730632455	0.6292650926115173	0.5545447852296167	0.22340580694912965	0.15595885996932754	0.4870545408293188	0.7021248377920987	3.0441188714765026	0.5223690284884793	10.498477236371821	7.261918009125401
6.424402349978359	6.382309283290177	0.49558451282299343	9.943131073794381	0.7779459489216507	0.6373279357836179	0.5444793238804871	0.22756136175722627	0.15134706224388259	0.4879931776131809	0.7041313391571565	3.0208883659105634	0.5287519085866557	10.598904678915904	7.3694652159682414
6.467585422684284	6.425410734005774	0.4878753700781462	10.160447146592263	0.7778408907654243	0.6492811160031732	0.5547309080633658	0.24069715655453056	0.15832720308120143	0.5005647965918355	0.7031000530889859	3.038935175685531	0.5373397894101961	10.965217044942714	7.34281467519484
6.568159558181682	6.446795918791715	0.5020437013227512	9.540318887851669	0.7593800612849334	0.642213062465986	0.5584880616166354	0.24048020847770224	0.13791758638729973	0.4906147844498003	0.7146628576037678	3.0735913973346305	0.5207927906707309	10.542730049084533	7.301839746799564
6.525958311038159	6.46200426660896	0.5013943007414359	9.917546628176305	0.749948627624523	0.6351601934823126	0.5505400148381997	0.23590283066836118	0.15800523737214384	0.5018711595108556	0.6927534690055708	3.081064128208288	0.5268907322980086	10.38352184872966	7.334421390337096
6.590073541910984	6.421029585072083	0.5153841501671751	9.51654159150947	0.7558331204419129	0.6290433874638778	0.5400872591161779	0.21969661974780785	0.15829048703950066	0.515349686039592	0.6986413651234324	3.0338020281330826	0.5171417241142968	10.396389582978827	7.1741067868463775
6.482773326292525	6.527664065279468	0.5136338676408937	9.704555537091059	0.7576015028900717	0.6407771059866897	0.5705670807785188	0.2301921080206542	0.14442544289402895	0.5054175239523774	0.6883882204431799	3.0461423088530513	0.5095876701167493	11.068807093323406	7.2868974464088305
6.435455108937479	6.567043627900586	0.513257345233169	9.658652751984691	0.7676906087936253	0.6363776528344559	0.5749358766245483	0.2302582922916553	0.1500953117094992	0.5177619053305644	0.7019367302393932	3.0538392836718997	0.5096687525342283	11.222380160783691	7.2778067062085885
6.452179638220198	6.526206890390685	0.5117903906409887	10.404270263168744	0.7573543375125308	0.6198041092153229	0.5643815563103023	0.2263200658681523	0.14787808696399335	0.4940230835226547	0.7051867104795229	3.0510114036043054	0.5370112334747003	10.455408183820408	7.291979007141242
6.428047919675305	6.510377664876188	0.4959047953261552	9.604441700620182	0.7661706867551153	0.6262418433436803	0.5447846208820373	0.23424161166439803	0.14014828262099574	0.5096110502295531	0.7079022120943697	3.0558743008152	0.5253921810330183	11.096974486572186	7.278076200356375
6.543145785762999	6.575401180118041	0.5014637407319665	9.727605838347177	0.7531575250910728	0.6325651767620475	0.5291722556024927	0.22395121570715892	0.15466305298974273	0.49706202764499907	0.7284918685614161	3.0311331822068466	0.5566529746581539	10.341367529209966	7.3344418256221395
6.530844754788117	6.625372105002284	0.5170773138650434	9.753744821465988	0.7623917732744961	0.6489507792343614	0.537500400433788	0.21526242894436973	0.14921829898450434	0.507754446008809	0.7149612483477353	3.033901141132328	0.5251758733913077	10.570703433922839	7.3441321300604345
6.6156106639500285	6.602882275490398	0.49930800027107736	10.191150840581042	0.755999406776181	0.6195259476460221	0.5518714443469184	0.22021324299081532	0.14755826073509545	0.49057393219205525	0.7068712224130471	3.0413664370992675	0.5181217578943165	10.837171313019235	7.274881998302947
6.607017537400888	6.5060223934800945	0.5174644844344776	10.068315445052507	0.7570325399782757	0.6310153413042221	0.5520879111912548	0.22271970466808078	0.15257500984054467	0.5113708651005217	0.7103046893008435	3.031354210742903	0.5172607061441797	10.869848462830298	7.263152740470683
6.524861748256117	6.404810014889925	0.5195010169228139	10.369448836976572	0.7672840590295111	0.6222202745379659	0.5436250689469635	0.2192503738505484	0.15867816927243478	0.504237370494253	0.6937624890931403	3.0357141075581433	0.5361137042664427	10.902393163122413	7.288115316487154
6.79194849644514	6.43555959632996	0.5010178162307506	10.086134164907431	0.7608421825862118	0.6159005370460583	0.5497340230916342	0.22384261012958667	0.15227669795004664	0.5081298007860559	0.7207924827141535	3.0480174702138823	0.5194512222542564	10.443285640934018	7.346637036529369
6.845521844665435	6.451035735310085	0.5214564565051891	9.585630611202276	0.7584759759024796	0.631118999869513	0.5521050698040076	0.2235014057353356	0.1533722139788134	0.5113412777075379	0.7174048942745344	3.0045866981366776	0.5301582813645787	11.17138144976441	7.416801968022282
6.818530427803434	6.349842212269303	0.5041804529083587	10.308959858809907	0.7588425333835834	0.6328244223497639	0.5401007973004275	0.2252930077655261	0.146516886953083	0.5013630326361185	0.7251093595719974	3.025524339380399	0.5078205456688267	10.373116843449631	7.381297772652767
6.761400335035195	6.355700023049734	0.5183502470123896	9.759665928586024	0.7724229497427354	0.6439233424944779	0.5560001815542832	0.22092557067083382	0.15254799937884725	0.4980725291723228	0.6871209343930529	3.0326524443389102	0.526040527265859	10.436738419005104	7.324230575743485
6.706856738622868	6.3943307023867675	0.5427557405666104	10.092459500340668	0.7818962614552668	0.6374467632290268	0.5356492164552252	0.2222459595025096	0.14394595935930188	0.5011925679747007	0.6927452665333146	3.022327395506407	0.5279026875089309	10.65393950194072	7.363282097038182
6.6599667821179525	6.4256729323053845	0.5019226796528974	10.174271569898789	0.7710253385335109	0.6478102585677545	0.5483525033173995	0.21228791622341087	0.15569934791660334	0.5067243482207182	0.7109567691241805	3.013818824709085	0.5134896416903746	10.67353306858862	7.325013509975707
6.606215140435248	6.441266201684934	0.5098517023484885	9.823333390022297	0.7769442827857617	0.6301792784027723	0.5408206296964526	0.2277432232726398	0.1445495726220607	0.5121153880872763	0.7057626536539787	3.014491034970118	0.5200381657034056	10.552357666169335	7.330318931365939
6.543349524403807	6.493268032694113	0.5029155793440151	9.613695155361828	0.7841541303227577	0.6281485250349542	0.5337597505499225	0.21828144935848812	0.15219993120649034	0.5116448850557843	0.709001554176616	2.9769550389307504	0.536102040610589	10.466215886393032	7.27600824196198
6.503841550280659	6.622410304697912	0.492257024167711	9.62601440239764	0.7975443936387719	0.6176487073671292	0.5330473857067605	0.2232745622322487	0.15142564462119856	0.49184777219367476	0.7077671085598171	3.004859408367158	0.543365553954436	10.450762234709643	7.450464608372576
6.555598862114994	6.5876988342617535	0.5039199880762052	10.03188935293007	0.8054612095091223	0.625636434686224	0.527353858833245	0.22409000298090107	0.14592249918320332	0.49281940820513825	0.6839399246287722	3.0176577661517876	0.5159068764830649	10.738825112848783	7.494340359960051
6.608740549716129	6.630266556731815	0.4825156618739202	9.565010746753407	0.8143680908231644	0.6298621489679262	0.5571793664242826	0.22645498482612153	0.15239546862807413	0.498925274998091	0.708992965089141	2.986084940521816	0.5263592759749179	10.544462368637427	7.456768217095773
6.776270908246097	6.587232797017281	0.49975620172937607	10.156756687470583	0.8413054612794356	0.6277562677904168	0.528427426187895	0.23243673831533213	0.15882228160238443	0.5075246099581429	0.6938291938169707	3.0138595456924806	0.5026528750340598	10.417888631390174	7.349024648202038
6.7290637569480305	6.518995310269336	0.5096628796783162	9.578199593629206	0.8408362467818928	0.6238293189016113	0.5451518257082164	0.2215053916428834	0.15022650559478046	0.49568705123802875	0.6838808359996866	2.9803713333032085	0.5234814589399915	10.413724288246954	7.375361012026194
6.589477197224468	6.431462074636029	0.51341736251201	9.426783863196377	0.8453509745985174	0.6359561821180421	0.5595514022397038	0.2278183797727135	0.1436013562862578	0.5087943092572156	0.6971478459258441	3.0055236945549546	0.5095896232607915	10.386287934543022	7.320823886791598
6.51573710209851	6.483795453123075	0.5169460875325091	9.389975048103075	0.8429890311449357	0.6187129261383506	0.5368658891231017	0.2270329969288806	0.15536479095488284	0.5011107117925048	0.694669701079803	2.9933137567420673	0.5229420899726551	10.424447487245788	7.48695265222212
6.4465056869679245	6.483136224795344	0.5148517959181634	9.599919765952539	0.8449259681213374	0.608953197448797	0.5384719917108373	0.22802846483732125	0.15349181428490588	0.49790850472497616	0.7193937026850564	3.028541806852003	0.5249386053966288	10.474926843428507	7.4252354821044655
6.525751965713306	6.536283978090544	0.4940737685025639	9.462258474626404	0.8498349684862365	0.6179425243887787	0.5620824155513251	0.22595676099511205	0.1491146245504195	0.5069199730695865	0.7043798015451889	3.046322992886064	0.5207984747495896	10.558948054126168	7.460718330548183
6.556923719058821	6.434075116944765	0.5017674662068695	9.641311769024693	0.8511332633808306	0.6215221808706112	0.5534721827804345	0.2176177359715552	0.1542468203737605	0.5000151721703806	0.7053492029116258	3.027943313746121	0.540722190127231	10.483161678732811	7.448748088645545
6.658204385319408	6.426604094452231	0.48873611598627786	10.358389618977618	0.8430566666243001	0.6240687473961447	0.5481834031403112	0.2277824209140991	0.15375496726186635	0.5015087085733518	0.712525440632584	3.0255501106830938	0.5300483921013729	10.404201667902234	7.423481754327782
6.698284196631039	6.407775400316308	0.48742266737134793	9.563651626197212	0.8597150997234148	0.6046153288799199	0.5400163782818151	0.22957627957315566	0.13847311465539774	0.5137328418023162	0.700806718917697	3.0004105971741817	0.550892375465032	10.431813001587479	7.4173389671424355
6.730491128381096	6.458003620838947	0.5030108432963054	10.225592092812361	0.8599927343069903	0.63883294369758	0.5159186363480266	0.22862845166404042	0.1560720714214013	0.5064019281140584	0.7050083722458762	3.0313468298604764	0.5259738667307366	10.548209863364834	7.358035121505578
6.750775923895808	6.5196841102277086	0.5009141949645745	9.470052172599535	0.8750191286944339	0.604630240548013	0.5363899910614379	0.22778758640199143	0.14747328012392308	0.4925119272227656	0.6800491738006302	3.011803356669482	0.530162841107486	10.414568739544219	7.2680219774475265
6.7596035553211795	6.393781406824216	0.48028612625152123	10.009651686205082	0.868591369859325	0.6057467299556462	0.5354920784347594	0.22695277100992592	0.14657541914372016	0.4901508231313525	0.7019260213641103	3.015848342444847	0.5312825164091608	10.394934481702107	7.387759990228902
6.791607807798936	6.445682326861683	0.4970630207822888	9.652681625397848	0.8863329938262956	0.6139040634250039	0.5337793036195612	0.22424323249714984	0.15336082455194786	0.5059358694343615	0.6906500924672659	3.053937020146451	0.5314677547837037	10.359513761056188	7.353940959856452
6.6619859092088785	6.396274358714723	0.478675232580718	9.838703174506216	0.8930024972607481	0.6216334206599601	0.5488907869560391	0.22957146673967252	0.15149599429728305	0.5062028236377708	0.6904550879958337	3.0552283274191923	0.5249724590335174	10.540473999056298	7.440197497877557
6.562989262519942	6.573220468114249	0.5142058605704898	9.80712681377333	0.8894272882540553	0.6222545935854875	0.5258633641797053	0.22610378385197377	0.14703245022421496	0.498273926139702	0.692820542460417	3.0073515911772626	0.5262944492701409	10.376477270194785	7.407197761839614
6.591484878845049	6.506523001911462	0.49798391176946116	9.718597934672667	0.8934349984102428	0.6299116340231085	0.5354433556894195	0.23953374035337313	0.14753567367381273	0.5048856376638645	0.6948889978204826	3.015120223462784	0.5286681361780955	11.20766076177314	7.365362700454505
6.718555465843983	6.581758147740148	0.49175140290350366	9.451276288970936	0.9034732823269934	0.6182456859818257	0.5333793506874698	0.22674689483545388	0.14904367374604852	0.5094308319515956	0.691722479908896	3.029231060381346	0.513565922778397	10.66310815326845	7.395055300365669
6.533335548038344	6.592368063096659	0.48229145169360155	10.208303941511492	0.9116871241431722	0.6220735371960127	0.5347668393808621	0.2386245431605356	0.15963865625456325	0.5029920599394223	0.6882159823643295	3.0340773945982997	0.5240797315242185	11.000124778497957	7.521387686582295
6.577904008083978	6.6335194955326715	0.5164536049086381	9.529123957311262	0.9140387458347707	0.5924232424535585	0.5257316118376141	0.23360789509593272	0.1589900533789511	0.5086074955401265	0.6902068696599668	3.0174090848600086	0.50747011083621	10.892236815999926	7.428740458967024
6.683327412232553	6.591898511671835	0.48883195790458994	9.680687999992525	0.9153077501935273	0.6415714639072485	0.5435811142719414	0.2314569641512913	0.15310890415950162	0.4843539267266877	0.6986411671041077	2.9529914933670818	0.5145540085911394	11.137268714260584	7.424246254073453
6.7456628763199555	6.66731717431754	0.5098679909424951	9.568408237733491	0.9256390458794841	0.607242158671119	0.5273707900710329	0.24182513120820237	0.1430060425476116	0.5115456642178924	0.7131376203764465	2.9937414457270783	0.5017007656349967	10.407052352064872	7.466177559877253
6.851471999378872	6.60395426885087	0.4855430447327748	9.909337818308128	0.917334554522948	0.6161434083340134	0.5388938499340984	0.22202564805708988	0.14852950839977935	0.49183413558220407	0.6937527045259113	3.021798808586358	0.5317349586625537	10.706588233238168	7.4675844913668294
6.757692207282419	6.541361068361022	0.49351099457039616	9.542754019214637	0.920864460814137	0.6031216331890503	0.5094775065462165	0.23401667306653928	0.15101367772498148	0.5056386765424067	0.6749698591039823	3.0062882881235278	0.536105560641728	10.393374313381777	7.443522029945912
6.673966753496114	6.636206621429436	0.4895611258010266	9.79564996465508	0.9263389835340627	0.5913895875092801	0.5359750662930378	0.22956108507276118	0.15321874077202255	0.48511155489666596	0.7069944573782652	3.014338299459632	0.5398416518529087	10.383728160801704	7.550483172809573
6.682844995460331	6.613156152618074	0.5080299716075053	9.492027925928879	0.9248808626706664	0.6038595979982939	0.5236734362788649	0.2316375561322118	0.15090401332040984	0.47689102016456425	0.6836278947736584	2.9888118812543647	0.5372598660171446	10.433150723415627	7.349279433737249
6.749181793671809	6.645510107230542	0.48990734686206333	9.496021307104149	0.9361465511060831	0.5932076587335845	0.5365676493661192	0.23438021404105713	0.1470877276467968	0.49392346073808835	0.6979908527225159	3.007617934204508	0.5346467947776622	10.389959471574628	7.3110910186077875
7.077873867373885	6.711959477119391	0.5046033818481213	9.801547627578925	0.9223225187383359	0.5994655373695817	0.5144470665552886	0.2420319385062678	0.16286781766236308	0.49534919464979954	0.6816029512737177	2.994883602875447	0.5434990391414662	10.481906965314455	7.317838642318449
6.9501026820246885	6.64066164769524	0.5142062515668104	9.71694365385152	0.9321338512723125	0.6039874072789417	0.541276729601771	0.22988982790618814	0.15236588694084674	0.49828684004692564	0.6954562393265856	3.012725002750567	0.5116441628126687	10.57536000364713	7.25898222025072
6.996153548729302	6.633701584491573	0.503765783357117	9.50767331981396	0.9452673189582999	0.6066420625081118	0.5382559519607069	0.23994049282831204	0.1480864500328859	0.4963359423224961	0.699935346037697	2.98532665997433	0.513982627044527	10.412626964796276	7.420713241966854
6.756498800433489	6.5690692362354675	0.5115852648428423	9.892164587947965	0.958347192501033	0.6051226895097468	0.522705384666747	0.22497030529420028	0.146433268602749	0.49937154949031803	0.6981639125234709	3.0211452343176175	0.5286009876393021	10.387837720266903	7.410899837599541
6.867595302413668	6.52062555097051	0.49710606507957233	9.4972988860996	0.9515108784094944	0.6199508851908481	0.5335814067161407	0.23523120488215438	0.15276313131079167	0.5034743044616452	0.6977339112140778	2.9798579807090855	0.5112148154959455	10.408054093236155	7.411420361743195
6.8968245656449545	6.686530064106809	0.5002493338401474	9.488170256518668	0.9569483651909416	0.6146901149292004	0.5370854424522816	0.2250744135643511	0.1456283991256835	0.49678324445045446	0.6961695677367158	2.9739823034730355	0.5042464022803244	10.741174103111966	7.363867555541175
6.928159856546892	6.636549908195121	0.494976006415934	9.918273402372273	0.9682245477594761	0.6079365004898365	0.5427823649784378	0.23070043765152276	0.16350762116860157	0.48170510560199414	0.673350015379795	2.995388302666305	0.5213572810701089	11.078446210894604	7.34049590525397
6.903477288471322	6.601459430180491	0.5025717098299147	9.356617299379755	0.958967969410328	0.5950176202947213	0.5410257293979429	0.22928756157849525	0.15481348680161441	0.4874116163638526	0.6814680774512938	2.996764599077918	0.5324833846752598	10.33749247639079	7.443483987011984
6.905122741675643	6.565480249924652	0.4908276952435954	10.145743053895455	0.9631620619397286	0.6134079372501675	0.5394771887077308	0.23286132097646767	0.1522203773347077	0.4900394260084776	0.6757752328830867	2.988496868639742	0.531777603638692	10.501929178581499	7.4211576788139615
6.918621992656663	6.556065445039757	0.4917725612543924	9.4084557982788	0.9634243726104906	0.5951042810886045	0.5121631227687061	0.22966606416061555	0.15032657648587028	0.4964852412502695	0.6742021921917788	3.0114183766471134	0.5359340855817548	10.625472320995204	7.278208837573627
6.9157206685189125	6.581362323804387	0.48419014145695	9.492304434126881	0.9774341218615505	0.5990553435486642	0.5205788645917606	0.2231912912616225	0.16017260135423123	0.49144842805681005	0.6714020800139088	2.9782623853189896	0.532333782294582	10.430150007355548	7.2806724530726505
6.889165751653731	6.614137099151619	0.478222149717635	10.067884526777066	0.9744206941416825	0.6196882302188829	0.5313433358876345	0.22081838743093543	0.1554085949545877	0.5031097883014777	0.6876121464507522	2.995920149071124	0.5388672949611837	10.748322089369015	7.46439815604316
6.940665085245663	6.544487323553003	0.4921354357014592	10.141398009718317	0.9832079342571782	0.5918489309894238	0.524414305010426	0.22670287712278395	0.15275475762693766	0.47559684562360083	0.6812878163793561	2.99290515930428	0.5339865834025431	10.470980381022729	7.366341020258003
6.917025822461284	6.490062130586103	0.5007548692293214	9.457833689229217	0.9871274577547392	0.6109164262094486	0.5074533154623703	0.23778369728961288	0.14868952894233162	0.48291237077289456	0.6729832197362322	2.9460540976034397	0.5405209094902621	10.390666033029227	7.099722193976683
6.99237281756787	6.524307663675723	0.5050415481504272	9.849045460879218	0.9859779060698927	0.6022826508012977	0.5109071847522503	0.23571287096004948	0.15082488336755526	0.48012249790770023	0.6701924125711288	3.0053758954088554	0.5288503242772364	10.363190845517769	7.247265357662901
7.051636794180591	6.514277761910449	0.49726509328696955	9.465438867195338	0.9898356346846958	0.6191790537682738	0.5195473696111861	0.23288654702524048	0.16154888481063087	0.5106670925954044	0.679148888742456	2.941373262238808	0.5413685584508318	10.388588890300806	7.390635435041208
7.071970922716054	6.540775268096121	0.47905857097062704	9.527385960209351	0.9932507975416935	0.6080066346870142	0.5256809871448862	0.23734627641187708	0.15847644668586094	0.4979811462357121	0.6717980041330603	2.974924635603343	0.5398146711493863	10.516457606794066	7.296653858747889
7.0787672611424	6.393970688582125	0.5084905601170471	9.549534398462635	0.9805408993367107	0.6153075318991974	0.5263129673538318	0.23141671030137514	0.15131028660932372	0.47804885887193493	0.6639940664220342	2.9852082038673937	0.5266072403929651	10.712059270709693	7.269694970000251
7.124618228138972	6.47289822758954	0.4877166010157576	9.643993763953503	1.0025989742254882	0.6096439321497317	0.5236449078330954	0.23546095883596233	0.15049373501223037	0.5111032051282445	0.6730316599167446	2.9728880752641396	0.5204634945736243	10.85644194190828	7.390407725856866
7.040063964850518	6.588947015545973	0.48753267978757653	9.757032417244758	1.0023854269288655	0.5990800451290713	0.5272032086216509	0.2259957572781293	0.1564681144773627	0.4841710902127715	0.6715748569844324	2.982597642733136	0.5375003129397027	10.34655835578296	7.372998884525661
6.98233954861264	6.471491781633414	0.4953817740880774	9.701572775162507	1.0099721819851766	0.6066642133134311	0.5449508572545684	0.23755885567119492	0.14107788516063857	0.5040817801664804	0.6943623614990334	2.9917602988535545	0.5506148553226973	10.34168096253795	7.259574664702374
7.1005724674629445	6.436638384878105	0.49850489898112993	10.219439241272491	1.0096412633468967	0.5990871197769618	0.5245718453681045	0.22514933309072932	0.1502275766659347	0.49587406973686887	0.6492689223273053	2.9502280196964867	0.5396021256468879	11.076635034765006	7.4146673445427265
7.130911466922329	6.524202960199693	0.49116088928548424	9.9508811419559	1.000631547068463	0.5791641664622704	0.514499493297839	0.24420832238251344	0.15092652142655646	0.4889754333817233	0.6871622367332441	2.9603926906890656	0.5390028626002659	10.383199329725132	7.353030852603332
7.134342333638957	6.4687891843927625	0.5123174008359677	9.916930072933585	1.0158100124545517	0.5865202085411461	0.5279518786486053	0.22669396936752995	0.15224839430187795	0.4890615252921422	0.6863734189754188	3.0026343998733713	0.5329380155964738	10.401695295889873	7.378392719986808
7.161193659849889	6.533415831670082	0.5059154809399647	9.46411758640063	1.0106470091657946	0.6086660771185938	0.536593014039045	0.22849465577904082	0.1475896325591048	0.5046053691507004	0.6890329787016496	3.005480905679544	0.516508614939136	10.583748476763937	7.288809207886012
7.119257224226757	6.426286986734241	0.4890368804465454	10.022176970773414	1.005142171727071	0.6099040603579522	0.5206049154488906	0.2338063074797908	0.15133674510477982	0.49994994137924137	0.6892532445882836	2.96291734818573	0.5429071259258786	10.39006146144758	7.36257675985342
7.081784384072522	6.442963548518577	0.48950524538389645	10.032627296445535	1.0063453220471075	0.5723347858992416	0.5352003252770743	0.23481718718111805	0.14624211449684946	0.49803568327991743	0.6772977830307377	2.9988840016837464	0.5171731766470511	10.434006847314723	7.279863858765377
7.09395220941623	6.54966857444591	0.4849395820407296	9.461134162592936	1.0141613359665123	0.5875155737107182	0.5241339076084613	0.2318849650244212	0.15395267988588596	0.49196765567199835	0.6727851260509007	2.996961800865257	0.5422889431735025	10.515088195965184	7.314623309136878
7.198574944600236	6.477430067263892	0.4901857832765875	9.418166950750374	1.012093665137924	0.5922149998970708	0.5238472713823528	0.24096450741604702	0.1527762394324125	0.4829972149562665	0.7007073631808906	3.0135346111700563	0.5381881564739908	10.337784115204876	7.292355777305368
7.266104403098799	6.5434347367398065	0.4994624506205949	10.117228397101137	1.0082943779841156	0.6017309773946037	0.525265709934387	0.22935225109679044	0.15368106874454165	0.49667643705296327	0.6800121886268325	2.992287520675486	0.5410852943690161	11.175868753001712	7.232018816441486
7.282333809696351	6.500823193602313	0.47680027547537895	9.784795022471819	1.0129808823393613	0.5833176885320573	0.5317851098767722	0.23505931834163873	0.151858077902143	0.4885474283353248	0.6908568573767303	2.9920664727384096	0.5325115546106448	10.856527042076252	7.260716988840159
7.220515594054151	6.596662977045255	0.48161954535808266	9.933699974876157	1.0122459922790392	0.6064991137628956	0.5249858258054896	0.23270857061788608	0.1479129941525348	0.48920955850984404	0.6650409917796578	3.023410021187977	0.5275268485234369	10.63493216589053	7.233316902776222
7.17209277922654	6.5657346895339135	0.4848125404288229	9.644355509238556	1.0148264413800216	0.5910434356387931	0.5155083281140864	0.22990286795020884	0.1424605614135152	0.5045444119487128	0.6843466292411429	2.98511616752664	0.5432598334560786	10.660411188634004	7.262260706511757
7.104334227490956	6.591767139119055	0.4850591914562174	9.622252967344552	1.0112976326677927	0.5905227184629	0.5098097773590159	0.2306495936866216	0.15138696074903643	0.49063429555235044	0.6843199962246459	2.9883594640267805	0.5230311428797573	10.327146670396653	7.307809512554428
7.079497674734231	6.6209115068413125	0.49368661900013416	9.906845339218886	1.0249193842905562	0.5929640663011132	0.51089457267687	0.2274592304534987	0.15145782390145274	0.4800884535345434	0.6662816098945479	3.0004806282245156	0.5136337663907037	10.405259263208237	7.33858739469565
7.089144707166228	6.664327292428015	0.4978468520277658	10.210266296716732	1.0315045101656555	0.620841635821209	0.5248996455494864	0.22858844127496142	0.15242671480244352	0.4963305883242297	0.6667286735230659	3.0149797330025763	0.5126016007120986	10.358279662023	7.379732600267136
7.20060826514761	6.70413282662721	0.49025400269549513	9.728550771404079	1.0138477467525673	0.6024872419833588	0.5262043525563315	0.23625365093906248	0.14249906008385665	0.48464788390526103	0.66616666732479	2.9821668330288587	0.5229219305934971	10.62285170401951	7.302059183271284
7.030386804763713	6.576430402627285	0.5057069246241057	9.869067510922427	1.0243578334807133	0.6065171319814132	0.5238412732843247	0.22657259686260872	0.15602631124892136	0.48987707931909624	0.6600233769152024	2.9840381897535675	0.5285862972690323	10.38338476101517	7.358460298915055
7.166307751007649	6.670535593775348	0.4812149064086361	9.73366059232185	1.034978334714916	0.6072609451922992	0.5118100344284512	0.24011904805226916	0.14439203786134827	0.49489049977552596	0.6558512398475942	3.0530758399352282	0.5093877859135708	10.453599230535795	7.257032774788905
7.042895315099491	6.5574892405765395	0.4725870192008626	9.56275738070268	1.008836056302149	0.5936054837829468	0.5044098836531666	0.2346334218357727	0.16148845561580186	0.5023553836814789	0.673660362825285	2.9755499163074686	0.5119974073021851	10.341163213242684	7.28564178845328
7.031419884041534	6.580920052374278	0.4765706950704208	9.728613485615366	1.0130713840542342	0.6020061677787295	0.5156394729303309	0.23842043607832325	0.14841606891212886	0.4997979525831096	0.6629625079860074	3.014379424642255	0.5128940749733125	10.456003074004181	7.240122160759609
6.96311912280065	6.536616470977493	0.49099503586530086	9.568710419094254	1.0316179046067706	0.598648030572706	0.5226544215757287	0.2416471316709241	0.150589189880018	0.4953672664216591	0.665233171246757	2.9842300566007065	0.5110758835672815	10.899134236213754	7.29922459072557
7.065233785328729	6.5553503574315535	0.48899283990624254	9.415408758126993	1.0288859755334026	0.5916797568295548	0.5343015565950381	0.23329100671393851	0.14596287508073338	0.485689668671371	0.6812526590963526	2.9833043360570617	0.52573694435837	10.3571460688577	7.405416881108112
7.0555285695717584	6.511285133444381	0.4907691501743065	9.480320872425342	1.0421037467499998	0.6134679036464395	0.5070489568643031	0.22651902807607627	0.14888287997850755	0.46938758626975124	0.669234785827103	2.97931476219977	0.5175121079101578	10.304276453082542	7.333688502320542
7.123857473092504	6.532671699668795	0.4998990142279334	9.514331798503605	1.0482589315993776	0.6052717114685631	0.525839424006919	0.22477132311192868	0.1511333103864607	0.4838202711330944	0.6690278580034845	2.9678208267320576	0.5428243086740284	10.324132399291372	7.21759282827849
7.072423624522493	6.537046190377485	0.4725198852602836	9.387455216408915	1.0485283469670457	0.5924392620410961	0.516669451703528	0.24834598957268203	0.149108274410836	0.4844521603928041	0.6592255389610981	3.0013314953682166	0.5285410916319301	10.991107566669129	7.181135945325032
7.07353237335108	6.469865358793614	0.48220900779778797	9.999366651213222	1.0540029286648227	0.5850140019534461	0.5126458565526604	0.21999290189378634	0.15070797372071448	0.5022794323460567	0.6491517496279396	3.007731414002734	0.5322995180224619	10.493673856272833	7.192174077759376
7.225242638935712	6.552031071495691	0.47739143224114383	10.093766139549073	1.055370592975679	0.5873055283810299	0.5178549644929175	0.23382501380804666	0.16075860125415795	0.4923464283515235	0.6682070550864868	2.9945699699115047	0.535602344317147	10.48423909128695	7.235250093405596
7.194409240419648	6.58390185451741	0.4792608997282771	9.463555641818443	1.0469238478103131	0.5944825933571098	0.5235864244768932	0.23677503041399395	0.15410201328139175	0.4829564470257916	0.6674744396161986	2.9795088778848355	0.5121157051572054	10.487314817671303	7.240664098266102
7.23698946773065	6.479757522715018	0.4938783313630126	10.184550516595936	1.0611179831128579	0.595292961731154	0.5246288477572699	0.23532747614758345	0.161541444513299	0.4904648942580545	0.6569877166636187	2.986206863162236	0.523004319261322	10.421936678599316	7.2501786012092575
7.198388902952244	6.58267461846206	0.48418202563323687	9.73973513490517	1.065930278020033	0.585471507745923	0.5119130770817643	0.23095137909816096	0.16400341107260788	0.4933984346896459	0.6673207510392398	2.9917078762952043	0.5297500998375861	10.329610744173008	7.248545005382837
7.1294966319168465	6.5942747617166875	0.5036141735694937	9.39450862692282	1.0580701683099671	0.5901856282118865	0.5151455235281345	0.23651959538369968	0.1410860712957414	0.4892144502121124	0.6566955046639273	2.997685240331585	0.5388875691512602	10.351823355126248	7.386762438770437
7.211402092442926	6.606862314903941	0.4875807456346097	9.807528068186027	1.0596501199638733	0.600997973781659	0.5235177259738283	0.23509846076020546	0.15361623473825173	0.4656944578335602	0.6765278741872804	2.96658004210592	0.5212113023953491	10.46822232894651	7.415715034412358
7.017863220210362	6.6067055517637145	0.48991312797052106	9.852869805102497	1.0567555104853577	0.5848256047943128	0.5083807830879933	0.22949746971908902	0.16065625629217778	0.500129058814096	0.674271438836489	2.9859010187867288	0.5173180247998711	10.799735121110496	7.178932416795984
7.097236783921915	6.614577638254298	0.4926327988226516	9.802860043370176	1.0529485581600593	0.5788022952728671	0.5277010473141417	0.2380186837070224	0.1497984042848649	0.4955445784996427	0.6661651498969458	2.9940489416869136	0.5105425650423552	10.670764201604403	7.164990937321099
7.180474057910794	6.576903370678245	0.48670943200125205	9.466293635611184	1.053942829675646	0.5857019599494204	0.5422192529504701	0.23060803053416462	0.15978491631457017	0.46371236709907077	0.6618481134085651	3.0081232923831855	0.5354478666252714	10.60491381242785	7.278637693428251
7.177381384177718	6.619477751706579	0.5118728088334372	9.658846696161138	1.056349690981803	0.5858156062569261	0.5311352403197691	0.22388199544861853	0.1584347434953433	0.4813373353091392	0.6777234913144645	2.988083976012068	0.5428918650027026	10.422133593307203	7.4244088916040525
7.183009375024579	6.497764372502456	0.47597701586968433	9.46934772075342	1.038703313983298	0.5946579839863294	0.5201969902746034	0.23832947736193394	0.14773273480149768	0.48004454399683083	0.6566782462209068	3.0097795480251714	0.5280439270726622	10.401646586422878	7.365027693309393
7.250916366421373	6.599716236728502	0.48031513464870135	9.989184023582887	1.0405342674792184	0.5962125967535546	0.5112639968276845	0.23293010116036017	0.1614399457063832	0.47801424404622234	0.660604862647354	2.979649814776265	0.5424891248411124	10.915386559213912	7.276082766967339
7.062694876573073	6.467869824927472	0.4871139490999577	9.954953398988748	1.041225797291073	0.5829500442538699	0.5333987866291267	0.2238781487488111	0.15056041885741653	0.48325885940081853	0.6463780789342327	3.01015416850813	0.5331869439008475	10.355887982830522	7.290556230317445
7.233601160088417	6.539125052521345	0.48190555643582417	9.91091601802764	1.0562849321403518	0.6131083084153356	0.5075496588095051	0.23186158926312525	0.1508812944579784	0.48635628356613314	0.6611570637840282	3.0059521172464394	0.5288976319285335	10.32319839607952	7.345413572091404
7.187075540725483	6.590767511160693	0.4847723806944952	9.9660671493988	1.0503749009280967	0.5996666739419153	0.5080340514288932	0.2319524611810402	0.1570526491376691	0.48014372866103977	0.6422798361579642	2.9794214328471766	0.5204320665984576	10.38831530246144	7.233264519563889
7.120179015298215	6.547583867047009	0.4981300394630088	9.741285812139907	1.0440211758475113	0.6095563854881253	0.5175811583187238	0.2244343620359615	0.1515699717604814	0.4880409465164135	0.6589889177099074	2.9615551206968025	0.530853668620372	10.319021736310507	7.231026079020665
7.155753427673576	6.6414562141193505	0.48662297707072144	10.10578029360572	1.0516948458606972	0.6020489822354829	0.5187965792475321	0.22429267623634797	0.1527151466821287	0.4945268951736488	0.6687496282495069	2.928824802729512	0.5188258132372584	10.34401722056439	7.296094962279327
7.22550236353244	6.557455801484082	0.49400264983818754	9.81767700612568	1.0580965646063674	0.5817745584056719	0.5233578655875504	0.2257344205481688	0.15124664260528214	0.49457567924561807	0.673227080535186	2.9639936631108017	0.5025905252438245	10.658085764585103	7.314099640432106
7.224912710952989	6.581248009690767	0.47881282900974176	9.53871919061696	1.0554780402817239	0.589013111979171	0.5223755973038904	0.2307198347037197	0.1549815459510652	0.4722774183950559	0.6620854112657414	3.0080070600299345	0.5123182714526505	10.854521003067537	7.289683632748959
7.321376179102092	6.664243460731648	0.4701546924977278	9.479056624314055	1.0521189568067784	0.5995611481667268	0.4925698117824872	0.23057868455958755	0.147246493600365	0.49916076257622694	0.6656877323986241	2.9755379988611557	0.513408425735949	10.279458093846916	7.1332906829424045
7.357459302285988	6.5379219930683306	0.4804642894742809	9.441596040400833	1.0584416449791907	0.59371907869905	0.5186268760944204	0.2363385882642767	0.15829649738116836	0.4646141899871572	0.6578479917555217	3.0049853953125565	0.5001639712306217	10.403775859483355	7.338449988742405
7.343982508606375	6.514962989448902	0.5082472419776979	9.479969828947858	1.0537513821028537	0.5834204992469494	0.5106572792008796	0.23381036118982867	0.1464248872279435	0.48221927918300084	0.6527898402252732	2.9869095891621282	0.5128214260345582	10.443250848456389	7.303190304921655
7.268143096198226	6.607348781994818	0.47664805306270386	10.11155471328554	1.0727524753804938	0.5807684917794503	0.509965528904256	0.2270226292011349	0.14474685757742414	0.5038769918900704	0.6551129854894223	3.0025585303271076	0.5239356348785045	10.428081459335827	7.373177874513494
7.334828078503568	6.556845835217189	0.5036806541921919	9.520958023774437	1.0610204901237266	0.5817454734633543	0.510639483019543	0.2286601802771999	0.15596464807270316	0.4829663473895156	0.6816021475217278	2.991651703891046	0.5303384777736279	10.35449801031446	7.245416196031022
7.252995959840588	6.608743110636385	0.48084060369905374	9.543894682906316	1.0552235290323326	0.5935442436939061	0.507705844302546	0.22838490172459766	0.15609057135388815	0.47098970718258326	0.6559934826746969	2.9796382514367066	0.5235408220300358	10.275297062372978	7.16867573142391
7.231013578397837	6.59931361527039	0.49379729550439055	9.689522788912917	1.05636893831184	0.6004980577908788	0.5087336658237605	0.22695580606835244	0.15551026229233497	0.48825977671942056	0.6611640872936541	2.97808168763591	0.52413362056019	10.584526544135217	7.250003801112572
7.1699912647044535	6.595663415721997	0.47555143261536964	9.631777109429414	1.062166926621705	0.5807407979054535	0.5041949081608393	0.23958153417231517	0.15412680934959683	0.4817848629003031	0.656769357958661	3.009743902208009	0.5518282579739876	10.338470489090536	7.513560619906874
7.254713320096807	6.659679902774992	0.47651955665976375	9.517886077736293	1.0710154409712316	0.587464217934746	0.5118659882595706	0.2413785989799986	0.15006624616285089	0.4724449565390463	0.6575799238084621	2.9934826469852887	0.5486732949931601	10.407846049554424	7.487330657057971
7.280297510939657	6.807540484052439	0.4925052888183293	9.571391087385068	1.058032455011531	0.5963417342926189	0.5129027700430517	0.2380361240819974	0.1553698772223942	0.5003928833823184	0.6553881671169461	3.014552218739579	0.5152485245035612	10.295039757506844	7.226989927486052
7.297373401847747	6.593861006338662	0.4893342321961905	9.795366630709266	1.0713020336672752	0.5892606534266998	0.5167980422069369	0.23033685551599026	0.15344720352974586	0.48146959183976934	0.651683338266955	3.0301552632646174	0.5125732776324535	10.42578262686797	7.23360465944334
7.34098357370018	6.646259436537492	0.4838936698358756	10.051431952215973	1.0710525391375538	0.5796085956827609	0.5275949590610334	0.22694705903365178	0.15570245596919122	0.4900139701628123	0.683907088467986	2.9696245563041215	0.5338541247343476	10.370392540664787	7.226351509270095
7.336226870981913	6.696408615712923	0.47913212657202603	9.818566120087846	1.0675569373331844	0.6014603872647094	0.5105795084514247	0.22957984574716062	0.15156382914229566	0.4940135169935374	0.6556199344972845	3.024643412904248	0.5140666286314965	10.466170965718906	7.318254121485777
7.273691718997445	6.571259451856009	0.4803257344812736	9.50071247924101	1.072525797960151	0.585603770967092	0.531096111777967	0.22740851373979024	0.15753056035019725	0.48608453223107373	0.6525048204793478	3.009630641376513	0.5148509696088674	10.373069766831168	7.369500392012971
7.299021958530446	6.550674658686606	0.4841118081571215	9.461456285060104	1.0777434617979373	0.5842075553683793	0.5076389930163827	0.23688465109816573	0.1589881413077895	0.4892310810247625	0.6631365922704069	3.018595003708079	0.5065429785784278	11.063287689904714	7.236074031865308
7.3682833901987435	6.605072106165232	0.4889542716750708	9.498016865281809	1.0886063548731957	0.5765985437200045	0.5195656104607578	0.23354938268701916	0.15120251949159477	0.48085005564936895	0.6384946797999884	2.981153093044975	0.5212234376375177	10.343101345453531	7.267570352986103
7.309282583156802	6.605811402270335	0.48577948920480585	9.820229297960877	1.0809962589125788	0.5840242869989339	0.5084321382060488	0.22814777123013832	0.1571252392808527	0.4739542296059787	0.6540904425240706	3.002951552752008	0.5341459982346661	10.360716166933104	7.299503250797501
7.184388819138058	6.598939846062572	0.4797423151100984	10.129572456083487	1.0805933864774373	0.5927378866487588	0.5140464378888812	0.2356314606885213	0.15319381334382862	0.48633333103706333	0.6639579298727317	2.989370477253218	0.5292041326713881	10.420051902457422	7.295949887089286
7.324823132187375	6.5900563307659255	0.49519790294729066	10.137995549464504	1.0768622740601625	0.5950727709654638	0.5092467343981937	0.22872807714486093	0.15015845277013323	0.47849018325765835	0.6500129482645125	3.037970395399305	0.5346134816875233	10.773020090060657	7.473545537236258
7.325903613460434	6.60307205857663	0.4957366938631132	9.570938125347249	1.069047644534917	0.571261062068172	0.5083652461723956	0.23158990443599803	0.15618913962792835	0.49323106285099005	0.6544146523157613	2.989550920984981	0.5056716096214585	10.51521873884733	7.3213983377299146
7.324112913768703	6.600365033748388	0.5026421302949445	9.767654490182759	1.0750316030393072	0.6019849693328471	0.5265313699272387	0.23164449464506853	0.15419571612549338	0.4919376257689774	0.6532721053800977	2.993015323668732	0.5238718725496246	10.237169825151348	7.267245628664636
7.267731559317884	6.641890774426535	0.4883061943933144	9.607194474471491	1.0788828006368654	0.5869482175343524	0.5190300803099589	0.23144892145776788	0.14765449350500487	0.48997742552184353	0.6577554004748983	2.9888898455430373	0.5223627264419018	10.512900972788126	7.307333561211494
7.366693010138564	6.666777280249728	0.4808707781211959	9.740286276527062	1.0751701956032143	0.588695105485631	0.511181665758566	0.23385683143613553	0.16055084618726073	0.48712758840479403	0.6493820762390075	3.0200079068108967	0.5127481963603311	10.285348891781071	7.284378053994651
7.349600517457891	6.619827260627182	0.4877917709699421	10.034734189113907	1.0621857724402728	0.5772353420448486	0.5227906784087223	0.23294171265735572	0.15270701026852435	0.4704280723384804	0.6522138749122787	3.0139361121101174	0.520427997009391	10.363777738358838	7.312213317848182
7.470739104872855	6.753376569789174	0.4912873409805843	9.641106913429539	1.0710563547349397	0.6014734438359521	0.5274037705615356	0.2397276610961217	0.14848174919609292	0.4683159810231591	0.6672526352715338	3.0043959400683	0.5231266286857302	10.440994012110949	7.165665351082273
7.3513062188911436	6.706427124781596	0.4932065950485262	9.716861448447549	1.086531812268466	0.5707420661706908	0.5206193233031056	0.22757464052137238	0.14939715548159635	0.4807166388844561	0.6201607677448444	3.0156070316764128	0.5092189719369292	10.522862163241717	7.273784739271127
7.2669157721724975	6.577982681280952	0.46861607587093623	9.557974674034972	1.0700363022230297	0.5937206577934614	0.5310860965643195	0.23003320278531336	0.16594076554282247	0.4732271481742126	0.6523445558850621	3.0152739751186743	0.5016775325460308	10.264823141786321	7.466236974794396
7.293535713494131	6.646036797033817	0.47699072335767356	10.309197266119286	1.080169440303611	0.5753875191105646	0.5250920986122449	0.22805365406883152	0.15625635485358136	0.45886335241126325	0.6505835471379144	2.981620497144537	0.5252640006163122	10.359385197964807	7.253516984835574
7.387634021604813	6.687838136406106	0.48597701795949677	9.532493293906699	1.0661888692901256	0.5943014930507855	0.512401459222843	0.2325843210536713	0.14844196261769593	0.4777992960054073	0.6218630485638262	2.9478227762968077	0.548974988142021	10.296594942322471	7.25416412518047
7.311873720150958	6.7426288237735585	0.49643373521557793	9.547986007218684	1.0795210300175646	0.5939494658424536	0.5043391406757974	0.221692808367092	0.15303505649498858	0.4797081578483645	0.6671126439701509	3.009072082901529	0.5217857545034058	10.345168766457325	7.297886604977478
7.26628240107155	6.715580632933435	0.4716873343040957	9.552104163156958	1.080287429121263	0.6019948221012453	0.49451460586256973	0.2227949640278628	0.15717623879456752	0.487108164379175	0.6347096820852388	3.028630163722039	0.5197750366485462	10.362176797793651	7.410209926580847
7.205340644021103	6.747661422376576	0.48152304144512015	9.565704026526932	1.0795367324459715	0.5955917450034629	0.5097153954193568	0.23358936779753137	0.1530621415364235	0.4861246500474556	0.6563395529812999	2.999062200451534	0.5140069052284464	10.351640466480022	7.340948237770821
7.266909800953354	6.5621251223258135	0.4794974063439209	9.578403028240071	1.0819325841559713	0.5693524008840996	0.5150668044407555	0.23474031273964002	0.15651741082218512	0.46807106994192316	0.6678864072440066	3.028273152077801	0.521470509679648	10.268707509921509	7.306275387882188
7.457516788054002	6.6474290876415045	0.48432169870522435	9.896474330020691	1.0866448887327471	0.5848701405701028	0.5036515787995318	0.2385823873915598	0.14511002460330055	0.4816751148966035	0.6560784318992843	3.0106381651383924	0.5420525767492615	10.577222923467465	7.293465379137291
7.39398469312327	6.654438186243283	0.4972249099572551	10.294897929337173	1.0801727589616328	0.5866262457134674	0.503192632318562	0.23480963355897186	0.14460533245481286	0.47306956708627385	0.6658343346321152	2.9889778658251287	0.5161270145741003	10.230025090429699	7.327263411455644
7.3752727403845775	6.560329265422393	0.4783351102830475	10.465866424938456	1.0722192928907683	0.5869814793847397	0.5127096640466955	0.2250482148062079	0.15126584797569728	0.48150138587444963	0.63426401553096	3.0137097958538233	0.5219121678277574	10.225679591703413	7.41969791965395
7.3918936456690485	6.692138887828765	0.49433920964704514	9.519975190203349	1.0692185077933012	0.6038762145089199	0.5096840527401826	0.22517907533235582	0.15870677357670684	0.4941212536267216	0.6591086673974942	3.0145406949322924	0.5155817962203935	10.306077129652431	7.3123278712201145
7.344764159031596	6.72843460118282	0.4953505923851512	10.316352525789231	1.0687070908216123	0.5804727386165776	0.5115133999079055	0.23387606002397524	0.14720528071734257	0.49079616203981974	0.6479803696625203	2.995463017484199	0.5289662414425084	10.30809965472758	7.294247776979111
7.282989528975714	6.701177182162859	0.48548580943228725	9.545573107051757	1.0815421819555595	0.5967898766101423	0.510762521710658	0.23818847927279166	0.14864992844544475	0.48980109958357587	0.6439320194670264	3.0053814110024057	0.5189619286703396	10.30588174906244	7.260147301914017
7.603030859379883	6.679989417426945	0.476182848169888	9.527137698031323	1.0888100692797025	0.5749444615944074	0.5011218089859253	0.23060720618269281	0.14954786443950235	0.47421822542739533	0.6507113509528344	3.014663778697902	0.5377464616754584	10.289263026470882	7.342234524837797
7.504154356219612	6.578304321670132	0.48895699496674994	9.665523937353976	1.0703406434253266	0.588539881094	0.520898462702718	0.22417002763401891	0.14954099201698215	0.46284842168205675	0.648303423198435	3.024124037850421	0.5247110907548479	10.18689858941174	7.355221262385185
7.439545448378154	6.5962322795193025	0.5030245910677881	10.17092644423222	1.0848835752393933	0.5912678635112408	0.5173544438914505	0.23555264374632898	0.15039963416614255	0.46504969896550696	0.656104323053384	3.0327716644245313	0.5357539646104775	10.36372909730439	7.317296739003821
7.442131777587385	6.672680702565936	0.48421839429888597	9.687655801911713	1.0877606149936805	0.5746731936565398	0.5151439547618072	0.22766210486009603	0.14712630476830807	0.481671764089429	0.6338050226500973	3.012102570550048	0.5217067793926337	10.393385180667092	7.294795395755561
7.469755480749336	6.6626459204154775	0.47334790058255394	9.899055541028307	1.0811276600261217	0.5868061920626332	0.4991495059448294	0.23116911817365057	0.15994769150257865	0.4835335854138971	0.6607466815710954	3.0088337170746486	0.5120013028447801	10.191735566454643	7.304110331144366
7.362903543526199	6.578984013880754	0.48549408240749814	9.774648193714349	1.0894685838085312	0.5706893806362497	0.512139550093339	0.2345132588185596	0.1555492789954997	0.4868608012667711	0.6422352104774258	3.0065244213807527	0.5235108876056733	10.191934485854155	7.372147745984595
7.495255002007126	6.657373338521341	0.4831236071313036	9.824434521509085	1.086613597267496	0.5824463235366962	0.4963565536540518	0.2347109522738186	0.15077543931655152	0.47095972469579234	0.641178472702153	3.012947028129648	0.524947418428995	10.330673922321568	7.381012193621686
7.4836093213625725	6.648594157586045	0.48357493030028287	9.664373132835854	1.0802729287228543	0.5804313879460349	0.49826400785106917	0.2343204847847625	0.1606177509797894	0.48368789840449533	0.6593153750282051	3.0093661600157198	0.5391053741511017	10.894257669002695	7.375424314739011
7.411680062891949	6.67570949745457	0.49071482272387607	10.029743925756263	1.0785138269453929	0.5945916467005156	0.5057416602141025	0.22269585469041014	0.15378663861458858	0.47582634952787717	0.64047272210159	3.014922733054672	0.5187093555371707	10.283603415344112	7.318468154674826
7.4279360050518655	6.696881152304621	0.484945459059346	9.800139063915815	1.0763235135107971	0.5820270430172491	0.5120643794324439	0.22879533602402227	0.15352021843642072	0.4970134260748234	0.6501373217909623	3.0326700380218936	0.5255145289434754	10.217931342012136	7.237330127122464
