1	21.37204	21.1826475
2	20.963953333333333	20.66745125
3	20.288826666666665	19.89985375
4	19.600617777777778	19.33356375
5	19.18439777777778	19.01751625
6	18.8629	18.71578125
7	18.610582222222224	18.500235
8	18.412207777777777	18.2990575
9	18.243928888888888	18.15951875
10	18.10604777777778	18.0442825
11	17.99397777777778	17.9399375
12	17.892523333333333	17.8271425
13	17.80623111111111	17.743195
14	17.723736666666667	17.68257625
15	17.65518888888889	17.59798125
16	17.591928888888887	17.558485
17	17.53557888888889	17.4957425
18	17.4806	17.43128625
19	17.427065555555554	17.39119125
20	17.38469111111111	17.35331875
21	17.343895555555555	17.31004
22	17.306046666666667	17.2503
23	17.26018	17.23568875
24	17.227406666666667	17.16352375
25	17.19217	17.17353375
26	17.156235555555554	17.11447875
27	17.12536888888889	17.0809525
28	17.08718888888889	17.03864625
29	17.051347777777778	17.0323675
30	17.031114444444444	17.01436875
31	17.000685555555556	16.99421125
32	16.972956666666665	16.96762875
33	16.957153333333334	16.9209125
34	16.931384444444443	16.89114
35	16.902126666666668	16.866545
36	16.88286777777778	16.85001875
37	16.85052	16.83547625
