1	21.03482888888889	20.2115025
2	19.322864444444445	18.61025125
3	18.003765555555557	17.33467375
4	16.777461111111112	16.29109
5	15.917133333333334	15.52353625
6	15.167095555555555	14.82120125
7	14.59437111111111	14.35008875
8	14.167831111111111	13.9923775
9	13.848038888888889	13.70939375
10	13.567682222222222	13.42400625
11	13.318586666666667	13.16894625
12	13.09145111111111	12.96687625
13	12.878512222222222	12.6943875
14	12.670452222222222	12.51048625
15	12.463566666666667	12.34129625
16	12.282934444444445	12.18804625
17	12.127828888888889	12.0395025
18	11.979007777777777	11.81973375
19	11.860022222222222	11.75823125
20	11.730772222222223	11.65598
21	11.63266	11.57861125
22	11.530255555555556	11.3886675
23	11.42942888888889	11.363445
24	11.336597777777778	11.2762
25	11.240965555555556	11.125705
26	11.160737777777777	11.08603625
27	11.070864444444444	10.9787
28	11.004054444444444	10.9129125
29	10.908255555555556	10.81866125
30	10.853882222222222	10.76244625
31	10.780816666666666	10.6754075
32	10.720851111111111	10.68697625
33	10.650404444444444	10.59434375
34	10.578933333333334	10.444660625
35	10.513246666666667	10.42485625
36	10.460564444444444	10.367214375
37	10.400068888888889	10.332770625
38	10.335907777777777	10.209189375
39	10.30057	10.25519125
40	10.225797777777778	10.113854375
41	10.148284444444444	10.12059875
42	10.102126666666667	10.07209
43	10.056403333333334	9.995640625
44	9.987964444444444	9.895276875
45	9.927262222222222	9.83825625
46	9.879383333333333	9.778185625
