mass_ratio	chirp_mass	luminosity_distance	dec	ra	theta_jn	psi	phase	a_1	a_2	tilt_1	tilt_2	phi_12	phi_jl	geocent_time
0.5235	0.64659	0.51591	0.8385	0.7031	0.65962	0.35626	0.43592	0.4865	0.44783	0.40779	0.50602	0.34406	0.35347	0.88294
0.48606	0.67459	0.46976	0.85644	0.6964	0.64465	0.34734	0.3677	0.43363	0.43503	0.42281	0.47738	0.33418	0.33055	0.91092
0.50104	0.66526	0.45399	0.82472	0.67034	0.65069	0.31202	0.33423	0.41109	0.42049	0.40854	0.45253	0.29172	0.30746	0.8777
0.45665	0.65887	0.44881	0.8664	0.65681	0.66917	0.31183	0.36786	0.41223	0.40421	0.36472	0.37567	0.27811	0.26868	0.91704
0.46021	0.65698	0.45729	0.82887	0.65017	0.64749	0.27046	0.30584	0.39108	0.39933	0.36484	0.35862	0.26838	0.27349	0.87881
0.41212	0.65964	0.43268	0.84039	0.64726	0.65381	0.25787	0.28499	0.38228	0.357	0.34066	0.36427	0.24095	0.28027	0.86181
0.39271	0.66826	0.42544	0.82307	0.63834	0.63014	0.2607	0.29173	0.3636	0.34961	0.31524	0.33807	0.24797	0.25435	0.86375
0.3734	0.65267	0.42759	0.8555	0.67103	0.65187	0.24468	0.28878	0.37027	0.31797	0.32965	0.32718	0.24587	0.24956	0.86954
0.3732	0.65808	0.3964	0.85582	0.65616	0.6574	0.24107	0.2521	0.3268	0.31423	0.33118	0.3086	0.23914	0.26655	0.88208
0.38861	0.66835	0.38122	0.85372	0.65633	0.6582	0.23808	0.26191	0.33847	0.32867	0.30349	0.29721	0.24334	0.22509	0.8573
0.33949	0.64908	0.42861	0.86429	0.65331	0.64571	0.23047	0.25119	0.3235	0.31455	0.32986	0.30909	0.2239	0.21217	0.86198
0.38767	0.67851	0.404	0.8029	0.6502	0.65891	0.22817	0.24117	0.32591	0.32405	0.29959	0.31431	0.25832	0.22334	0.79559
0.36824	0.65759	0.37136	0.82232	0.63587	0.62568	0.2428	0.23945	0.35553	0.29932	0.28711	0.30153	0.24551	0.23203	0.86874
0.37298	0.64649	0.37519	0.8422	0.65419	0.63044	0.23557	0.24645	0.33372	0.31738	0.29264	0.28466	0.22808	0.23843	0.87549
0.36317	0.65532	0.40545	0.83984	0.62367	0.62953	0.24919	0.2527	0.34718	0.30155	0.2974	0.31116	0.2086	0.22555	0.8732
0.36112	0.64316	0.38527	0.85612	0.63634	0.64474	0.22319	0.22348	0.33289	0.2983	0.30221	0.29008	0.22849	0.22622	0.84534
0.3769	0.66493	0.3788	0.83321	0.60747	0.62154	0.22237	0.26014	0.32599	0.30666	0.30785	0.28138	0.22763	0.21298	0.81231
0.39656	0.66507	0.38467	0.84063	0.61432	0.65017	0.20881	0.23926	0.33956	0.30899	0.26667	0.2588	0.21697	0.23847	0.78682
0.3808	0.67161	0.37917	0.83815	0.58674	0.65063	0.19877	0.24693	0.31769	0.30896	0.27958	0.28591	0.23117	0.22584	0.87584
0.3926	0.64203	0.40514	0.84043	0.62893	0.63843	0.23076	0.21503	0.32493	0.32553	0.27818	0.32007	0.21592	0.19815	0.86809
0.36336	0.64149	0.40693	0.85	0.61635	0.6747	0.22904	0.23649	0.32429	0.30543	0.28606	0.25522	0.25754	0.21752	0.80342
0.38042	0.64946	0.35551	0.83766	0.62805	0.65973	0.24317	0.22988	0.30591	0.29816	0.27048	0.2621	0.22948	0.2258	0.88799
0.36105	0.64607	0.33424	0.85213	0.62143	0.64591	0.23293	0.21611	0.32737	0.29686	0.25942	0.23458	0.23034	0.21556	0.93891
0.32861	0.6476	0.36859	0.82238	0.62053	0.65378	0.21672	0.23936	0.31965	0.30301	0.27949	0.25673	0.2199	0.21846	0.88028
0.34992	0.6612	0.39013	0.84388	0.62549	0.63477	0.20722	0.2227	0.32834	0.32253	0.23392	0.29317	0.23079	0.22442	0.86573
0.33926	0.6578	0.37487	0.85261	0.62673	0.64537	0.20633	0.22135	0.32656	0.31433	0.23871	0.26819	0.21657	0.23936	0.86941
0.35882	0.66908	0.35078	0.82132	0.63609	0.64688	0.2134	0.21644	0.32481	0.29706	0.28127	0.27996	0.23622	0.21242	0.84068
0.34845	0.67846	0.37075	0.84182	0.61766	0.64985	0.21021	0.22769	0.31895	0.31452	0.2458	0.2662	0.22128	0.22583	0.87332
0.36806	0.64649	0.37554	0.83396	0.60866	0.62874	0.23405	0.20796	0.3167	0.27438	0.26768	0.24726	0.23572	0.2048	0.87183
0.37235	0.63958	0.34939	0.80011	0.63195	0.65307	0.22704	0.21834	0.34038	0.26643	0.28394	0.29038	0.23203	0.22362	0.89321
0.36537	0.63682	0.38139	0.84099	0.61679	0.6373	0.22915	0.20941	0.32534	0.27093	0.26111	0.26264	0.23027	0.21069	0.80636
0.34829	0.64278	0.36917	0.81122	0.6175	0.64726	0.22015	0.22421	0.33275	0.27973	0.27381	0.25831	0.21378	0.21223	0.81829
0.33193	0.67608	0.37627	0.84564	0.6141	0.64478	0.22167	0.22541	0.32998	0.29682	0.26694	0.25761	0.19064	0.23616	0.85848
0.36873	0.67158	0.38022	0.81521	0.61893	0.66208	0.20509	0.20254	0.33724	0.28272	0.27204	0.2456	0.20546	0.21634	0.84356
0.33621	0.64137	0.357	0.846	0.6317	0.6413	0.21625	0.19878	0.30847	0.2774	0.25962	0.23885	0.21101	0.22127	0.85676
0.35404	0.65009	0.36822	0.80424	0.62436	0.65655	0.22174	0.24184	0.31375	0.28935	0.2538	0.27341	0.20792	0.20798	0.83643
0.34803	0.64529	0.37695	0.82676	0.61225	0.64381	0.22506	0.22325	0.31655	0.25888	0.23548	0.25857	0.20887	0.21787	0.90179
0.37481	0.65996	0.37736	0.829	0.62648	0.6455	0.20615	0.20355	0.32499	0.27562	0.24764	0.25383	0.21442	0.20588	0.86523
0.39736	0.64822	0.38777	0.80048	0.60598	0.63704	0.20852	0.22136	0.30869	0.30709	0.24143	0.24199	0.22722	0.21721	0.84914
0.3779	0.64577	0.37847	0.80795	0.62999	0.66113	0.19846	0.21773	0.3486	0.28417	0.22714	0.25062	0.21795	0.20646	0.81693
0.36554	0.66894	0.38072	0.83485	0.62433	0.64207	0.19512	0.22351	0.30808	0.30148	0.25388	0.27059	0.23653	0.23338	0.89559
0.34767	0.6392	0.39241	0.83462	0.63733	0.65059	0.2244	0.22099	0.32304	0.27659	0.24734	0.24186	0.22781	0.21122	0.81888
0.36348	0.64521	0.37468	0.82267	0.62644	0.63424	0.22344	0.2269	0.32753	0.27216	0.24273	0.27432	0.20785	0.21077	0.87098
0.35732	0.63797	0.37275	0.84338	0.6308	0.64875	0.22871	0.21052	0.30577	0.24929	0.25083	0.23887	0.21883	0.2159	0.87895
0.3287	0.67581	0.35812	0.82039	0.60028	0.6525	0.19891	0.22145	0.32964	0.28194	0.26634	0.26037	0.22266	0.22112	0.86602
0.33073	0.65588	0.40354	0.83298	0.61112	0.65237	0.19937	0.21564	0.30521	0.29085	0.2587	0.25191	0.18981	0.20922	0.80462
0.32375	0.63108	0.38445	0.88699	0.6207	0.65988	0.2108	0.22393	0.29139	0.27844	0.2573	0.2564	0.22585	0.21584	0.85263
0.33494	0.66287	0.38887	0.84056	0.6352	0.65533	0.20674	0.21714	0.26432	0.26631	0.26513	0.24595	0.21966	0.20965	0.86537
0.32313	0.6616	0.38586	0.84735	0.62172	0.62434	0.20732	0.21156	0.30521	0.29599	0.26445	0.2821	0.20803	0.20109	0.86432
0.39839	0.64258	0.38977	0.83912	0.64201	0.62015	0.21246	0.2211	0.29503	0.28182	0.22616	0.22318	0.20668	0.21836	0.85093
0.36064	0.62829	0.34738	0.86197	0.62111	0.6393	0.20888	0.21774	0.30832	0.27685	0.24548	0.2365	0.19995	0.20172	0.92145
0.37395	0.65124	0.38548	0.82568	0.62768	0.64861	0.21858	0.21689	0.3164	0.26954	0.24593	0.24169	0.20209	0.19843	0.91159
0.37169	0.64868	0.39055	0.84125	0.60319	0.62874	0.21557	0.19926	0.2711	0.26897	0.24749	0.26806	0.20048	0.21324	0.93116
0.37714	0.65045	0.40806	0.84512	0.60211	0.6435	0.21994	0.20324	0.29121	0.30787	0.24978	0.28058	0.21095	0.22312	0.89383
0.34802	0.64478	0.38865	0.84354	0.60682	0.62965	0.20741	0.22226	0.29784	0.31365	0.26456	0.25123	0.20326	0.22667	0.85094
0.37387	0.6358	0.33475	0.83853	0.6062	0.66671	0.21183	0.21549	0.29938	0.27793	0.25882	0.25036	0.22273	0.20031	0.80754
0.37586	0.65758	0.35701	0.81738	0.61676	0.64945	0.20278	0.22266	0.31302	0.28858	0.25265	0.23229	0.20938	0.23352	0.88924
0.36831	0.6545	0.38978	0.82568	0.61169	0.65964	0.22009	0.20823	0.33148	0.31708	0.24444	0.26571	0.19941	0.19258	0.86487
0.32267	0.65797	0.36683	0.85118	0.60015	0.67024	0.20839	0.20525	0.28654	0.29076	0.23423	0.22503	0.2255	0.20641	0.86288
0.34958	0.64992	0.36776	0.81298	0.61075	0.64128	0.20373	0.20032	0.30813	0.28366	0.26728	0.23643	0.21543	0.20968	0.8678
0.38784	0.65291	0.39183	0.85262	0.6086	0.66433	0.20931	0.2204	0.31135	0.25677	0.25394	0.23829	0.20718	0.21877	0.89947
0.34577	0.66685	0.39315	0.81182	0.63039	0.63763	0.22659	0.22893	0.28767	0.28096	0.26338	0.23697	0.20102	0.2299	0.86202
0.33313	0.65842	0.37927	0.81201	0.62065	0.64391	0.22789	0.21881	0.33439	0.27613	0.26554	0.24826	0.19601	0.21028	0.89306
0.35879	0.64987	0.37324	0.81009	0.61233	0.64764	0.21787	0.20008	0.3124	0.27233	0.23005	0.23959	0.20071	0.22209	0.87938
0.35772	0.6555	0.38134	0.86703	0.59151	0.63207	0.20033	0.20482	0.30874	0.26854	0.23974	0.22168	0.20849	0.21011	0.86934
0.35889	0.65024	0.3658	0.80245	0.59633	0.67204	0.23238	0.22117	0.32262	0.27815	0.25861	0.23995	0.20859	0.22337	0.88503
0.37695	0.66039	0.36882	0.82865	0.614	0.64645	0.21642	0.22474	0.29534	0.28282	0.21921	0.26807	0.2185	0.23093	0.86158
0.36443	0.64815	0.37231	0.84624	0.60481	0.62563	0.21458	0.2249	0.32156	0.247	0.25165	0.27014	0.18969	0.23776	0.8745
0.33158	0.65279	0.35067	0.8673	0.61973	0.64634	0.20754	0.21963	0.30811	0.29593	0.25132	0.25706	0.22551	0.23575	0.87357
0.32366	0.67929	0.35252	0.8444	0.60196	0.65893	0.19697	0.19757	0.30938	0.28452	0.25745	0.23963	0.21846	0.21772	0.80154
0.35211	0.65494	0.35621	0.83104	0.61591	0.6511	0.20935	0.18646	0.31364	0.27826	0.27293	0.22296	0.20548	0.20786	0.87993
0.34864	0.66	0.36312	0.81834	0.59577	0.6386	0.22009	0.20405	0.30734	0.25071	0.24218	0.2561	0.21693	0.24164	0.87046
0.3731	0.66398	0.36643	0.8249	0.6104	0.62525	0.2096	0.20667	0.28948	0.2902	0.24456	0.26746	0.22619	0.19188	0.89011
0.35778	0.64961	0.37594	0.79876	0.61132	0.65866	0.24481	0.22542	0.31964	0.29471	0.26236	0.26904	0.21355	0.19897	0.87745
0.33646	0.66917	0.38231	0.84865	0.61342	0.63384	0.20246	0.21399	0.30298	0.28537	0.25565	0.2428	0.20419	0.21595	0.85836
0.37336	0.6593	0.37239	0.83923	0.63164	0.65009	0.193	0.19784	0.29922	0.28173	0.25618	0.24123	0.19376	0.21413	0.86599
0.36066	0.64308	0.36963	0.8523	0.65379	0.62616	0.23886	0.20223	0.29916	0.29009	0.23079	0.25309	0.21902	0.22774	0.85905
0.35291	0.66705	0.37373	0.82054	0.61687	0.6573	0.21792	0.20015	0.29675	0.30285	0.25805	0.25057	0.20829	0.20023	0.82376
0.37939	0.66329	0.38331	0.88051	0.63227	0.65413	0.21257	0.213	0.3024	0.28957	0.22643	0.24511	0.20827	0.22874	0.86407
0.37873	0.65191	0.37138	0.83545	0.61413	0.63813	0.21603	0.21316	0.3123	0.27358	0.26239	0.23678	0.20615	0.21809	0.85416
0.37921	0.64575	0.37611	0.82905	0.62922	0.63363	0.22479	0.21639	0.294	0.28435	0.26817	0.2372	0.22055	0.2261	0.97042
0.3408	0.63973	0.35105	0.84055	0.60267	0.66664	0.2232	0.20628	0.29933	0.28476	0.25857	0.2449	0.19746	0.20144	0.82166
0.34991	0.65436	0.39112	0.80942	0.60466	0.63072	0.21265	0.22006	0.30799	0.27922	0.24527	0.25687	0.20269	0.21211	0.86062
0.3512	0.65981	0.38241	0.84432	0.59146	0.64276	0.19777	0.22351	0.29786	0.27058	0.24747	0.22374	0.21817	0.20406	0.90419
0.36997	0.6547	0.34407	0.82392	0.58517	0.63091	0.19436	0.19543	0.2878	0.32175	0.25346	0.26626	0.2121	0.21504	0.86566
0.37463	0.65163	0.35342	0.82674	0.60279	0.61596	0.20582	0.20746	0.29924	0.27211	0.25072	0.24704	0.22038	0.20558	0.85827
0.35047	0.67032	0.33679	0.79115	0.61199	0.63113	0.22144	0.21261	0.2898	0.26906	0.24475	0.27666	0.21067	0.23723	0.86408
0.3508	0.64305	0.34958	0.82496	0.6286	0.65149	0.2216	0.22232	0.29034	0.26952	0.23207	0.26616	0.18884	0.21783	0.85201
0.33012	0.6594	0.3632	0.82719	0.62462	0.65094	0.19795	0.19469	0.29917	0.27635	0.24018	0.23494	0.20997	0.2101	0.85321
0.32895	0.68964	0.36914	0.83661	0.62135	0.64498	0.22194	0.19744	0.30978	0.27595	0.24339	0.25056	0.20822	0.2202	0.87276
0.33911	0.67022	0.38864	0.8356	0.62085	0.6336	0.20344	0.21401	0.31323	0.27287	0.24908	0.24369	0.20791	0.2085	0.90333
0.35065	0.65257	0.36557	0.84001	0.60443	0.67993	0.22286	0.21677	0.33704	0.25639	0.26519	0.24305	0.23075	0.19606	0.86965
0.36605	0.64462	0.36594	0.82035	0.62525	0.62642	0.22283	0.20144	0.31246	0.29115	0.22683	0.23727	0.22194	0.21753	0.89336
0.34391	0.66594	0.40226	0.85922	0.63033	0.64501	0.22514	0.2157	0.30856	0.26813	0.25244	0.2437	0.19186	0.1951	0.88121
0.34711	0.65165	0.37311	0.84952	0.61629	0.64798	0.20869	0.2057	0.30286	0.29686	0.26084	0.27481	0.203	0.20271	0.85865
0.33434	0.66668	0.3837	0.84567	0.64222	0.65482	0.20888	0.19437	0.29977	0.29873	0.25176	0.26022	0.21034	0.21335	0.85589
0.34894	0.66096	0.3529	0.81461	0.61085	0.62902	0.19839	0.19454	0.30413	0.29426	0.27248	0.22635	0.21494	0.22328	0.80481
0.36358	0.66038	0.37592	0.82729	0.6111	0.63629	0.20585	0.2221	0.31303	0.29634	0.26741	0.24695	0.2091	0.21791	0.85433
0.34761	0.66087	0.39232	0.83631	0.59192	0.65669	0.20724	0.1934	0.2751	0.28319	0.25316	0.24804	0.21608	0.22757	0.86802
0.36829	0.64556	0.37579	0.8281	0.62286	0.62735	0.22099	0.21453	0.31522	0.27722	0.26232	0.2387	0.20164	0.20316	0.8693
0.37084	0.65476	0.39081	0.82645	0.61561	0.62774	0.21124	0.22209	0.2996	0.27181	0.25853	0.24331	0.20645	0.2051	0.86466
0.36653	0.65314	0.35568	0.85025	0.63108	0.63211	0.22119	0.19896	0.31197	0.29926	0.23089	0.26722	0.21462	0.19789	0.89429
0.35494	0.64969	0.35985	0.85077	0.63781	0.65244	0.20043	0.21176	0.30979	0.27773	0.24493	0.24712	0.20033	0.21386	0.84883
0.35765	0.66288	0.38676	0.8199	0.6263	0.6475	0.21965	0.20472	0.30013	0.28507	0.26782	0.25334	0.20624	0.21419	0.81201
0.35661	0.65035	0.38402	0.81292	0.63731	0.64585	0.21543	0.23377	0.28031	0.27652	0.24638	0.23921	0.22652	0.21073	0.78443
0.35636	0.65258	0.35405	0.82937	0.59233	0.62964	0.2024	0.18367	0.31261	0.29298	0.22635	0.25733	0.22735	0.19452	0.85653
0.38718	0.64463	0.36544	0.81111	0.60854	0.65045	0.19804	0.19651	0.2977	0.29679	0.2406	0.25948	0.19553	0.20228	0.87739
0.3405	0.6513	0.35452	0.84843	0.62034	0.66025	0.2043	0.21372	0.29425	0.28996	0.26046	0.25974	0.20883	0.20721	0.79872
0.34859	0.64212	0.36648	0.83756	0.61962	0.62688	0.21225	0.21748	0.30506	0.28457	0.23376	0.23792	0.19792	0.21593	0.80275
0.37273	0.63949	0.37244	0.85785	0.6134	0.65726	0.20835	0.19839	0.3127	0.24618	0.24875	0.21406	0.19413	0.22002	0.86398
0.37471	0.64648	0.3736	0.81645	0.61571	0.64454	0.21705	0.21409	0.30744	0.27543	0.24213	0.2442	0.20324	0.20245	0.86577
0.34297	0.65656	0.37749	0.80336	0.6375	0.66011	0.19149	0.20851	0.34093	0.25811	0.21579	0.2401	0.20067	0.20025	0.79765
0.35047	0.65678	0.39517	0.84492	0.62198	0.64397	0.19574	0.21738	0.33836	0.27373	0.24492	0.24383	0.22173	0.20719	0.84269
0.33096	0.64746	0.38078	0.84161	0.59024	0.64408	0.22258	0.20541	0.28162	0.28694	0.24498	0.25843	0.20409	0.20924	0.86685
0.34979	0.65276	0.378	0.82609	0.59322	0.65899	0.21385	0.21654	0.31228	0.2883	0.2445	0.23905	0.18694	0.20285	0.87793
0.35344	0.66208	0.37274	0.7956	0.60263	0.66214	0.21595	0.21892	0.28316	0.2862	0.22671	0.22957	0.20538	0.20822	0.79527
0.39211	0.6395	0.37134	0.83935	0.62313	0.63926	0.21548	0.22799	0.29212	0.27031	0.21993	0.23861	0.20405	0.22403	0.88217
0.38033	0.64953	0.3655	0.83981	0.592	0.64274	0.21472	0.20822	0.30507	0.27376	0.22679	0.2556	0.20313	0.20172	0.80351
0.35666	0.65233	0.35865	0.81333	0.5955	0.62888	0.21675	0.19709	0.30278	0.29629	0.26578	0.23667	0.19393	0.20326	0.87241
0.36523	0.66447	0.37375	0.80731	0.60634	0.65181	0.20681	0.1994	0.31511	0.29087	0.2256	0.25298	0.22597	0.2113	0.88803
0.33502	0.65905	0.36572	0.82211	0.61912	0.6601	0.21952	0.20115	0.32576	0.31448	0.22326	0.24051	0.21162	0.22043	0.80919
0.33671	0.65948	0.34547	0.85015	0.62679	0.63532	0.19304	0.19919	0.29171	0.29768	0.25061	0.25098	0.20364	0.21538	0.89338
0.32407	0.65154	0.35971	0.79603	0.60108	0.64198	0.19491	0.20267	0.32861	0.32024	0.24308	0.2249	0.18696	0.22681	0.88332
0.34162	0.64039	0.36531	0.82958	0.63534	0.65146	0.19892	0.19909	0.31232	0.28867	0.26024	0.28537	0.19426	0.21151	0.84808
0.37349	0.64288	0.35546	0.82109	0.63374	0.63592	0.20671	0.21269	0.33824	0.28927	0.26468	0.25765	0.2046	0.21863	0.86799
0.3496	0.64759	0.37403	0.83122	0.59927	0.64271	0.21106	0.20429	0.3274	0.26893	0.23977	0.23444	0.21484	0.22177	0.92342
0.35773	0.67978	0.35877	0.79704	0.62294	0.64449	0.18734	0.20718	0.30484	0.29965	0.23765	0.24083	0.21375	0.20507	0.86846
0.35769	0.65375	0.3425	0.80889	0.61999	0.64221	0.20229	0.17207	0.28868	0.27453	0.24968	0.22827	0.21367	0.22018	0.85955
0.37376	0.64624	0.35421	0.84036	0.612	0.63115	0.21415	0.20839	0.30092	0.28948	0.2424	0.24431	0.20139	0.22147	0.85463
0.36317	0.67013	0.35698	0.84679	0.634	0.64509	0.2149	0.21199	0.337	0.26668	0.25402	0.24385	0.2126	0.2065	0.80594
0.33527	0.64481	0.37036	0.85138	0.59247	0.63136	0.1799	0.20796	0.29656	0.28184	0.2194	0.22995	0.20536	0.20372	0.85299
0.33435	0.649	0.38738	0.80551	0.58988	0.61577	0.21649	0.19674	0.31493	0.2764	0.25235	0.21877	0.21338	0.20246	0.85848
0.32597	0.64732	0.36124	0.82987	0.59378	0.64355	0.2226	0.19727	0.28644	0.28539	0.24232	0.24547	0.20528	0.21242	0.86191
0.3522	0.63644	0.38313	0.82921	0.60024	0.64543	0.20216	0.19	0.28544	0.28393	0.25403	0.23923	0.23173	0.19087	0.85427
0.34584	0.65853	0.37726	0.85602	0.58684	0.6381	0.19585	0.18482	0.3057	0.27649	0.22545	0.25204	0.20394	0.20148	0.87214
0.35643	0.66552	0.36546	0.83423	0.60451	0.64111	0.21381	0.20102	0.28453	0.27346	0.25893	0.24698	0.21496	0.21979	0.87113
0.35776	0.66097	0.33667	0.84517	0.61272	0.65044	0.21417	0.18646	0.31491	0.26128	0.24401	0.26097	0.20925	0.21192	0.8663
0.36461	0.67305	0.37165	0.82079	0.62106	0.65105	0.2134	0.2329	0.31524	0.27788	0.2303	0.24412	0.18705	0.2072	0.84579
0.35596	0.65435	0.35061	0.87092	0.59245	0.65209	0.21584	0.21808	0.30807	0.27881	0.23908	0.25813	0.20666	0.21575	0.80296
0.36306	0.65174	0.35726	0.81508	0.61304	0.64145	0.20432	0.18857	0.30741	0.27509	0.24968	0.25667	0.20568	0.21193	0.86945
0.33278	0.67065	0.37063	0.81132	0.61143	0.63059	0.21263	0.22316	0.31724	0.28908	0.23542	0.25761	0.21286	0.20302	0.86951
0.35282	0.66756	0.39032	0.82638	0.60693	0.62778	0.2036	0.19799	0.33215	0.30361	0.22019	0.24289	0.19917	0.18951	0.79045
0.33675	0.66743	0.38259	0.82261	0.62239	0.65436	0.21923	0.21108	0.32764	0.30194	0.24381	0.25195	0.20016	0.19748	0.88015
0.35353	0.648	0.36437	0.84176	0.60906	0.65006	0.20732	0.20288	0.32938	0.31005	0.2235	0.26717	0.21202	0.20875	0.88095
0.34845	0.66765	0.35985	0.85389	0.60221	0.64621	0.19398	0.20406	0.31198	0.27649	0.23793	0.26834	0.21644	0.21194	0.89116
0.32333	0.64976	0.3262	0.7982	0.61479	0.62973	0.20877	0.20812	0.29263	0.2724	0.2347	0.2625	0.20064	0.21768	0.80374
0.32795	0.65846	0.35591	0.81668	0.5959	0.64325	0.20545	0.222	0.28558	0.28616	0.25827	0.24735	0.19852	0.20461	0.88419
0.32389	0.65512	0.36813	0.84306	0.60942	0.64832	0.20876	0.2353	0.31606	0.28006	0.24338	0.23319	0.21533	0.20106	0.90511
0.36189	0.65427	0.3857	0.8233	0.60429	0.6592	0.20929	0.22559	0.29928	0.28363	0.23445	0.24742	0.21439	0.22657	0.87224
0.35394	0.62305	0.3748	0.82904	0.63044	0.63362	0.21524	0.21484	0.3147	0.28859	0.24416	0.23475	0.20136	0.21499	0.83251
0.35831	0.63571	0.3879	0.82923	0.61338	0.62811	0.21097	0.20706	0.28956	0.26339	0.25668	0.24511	0.20571	0.22631	0.86219
0.36197	0.64261	0.38647	0.82222	0.62801	0.62236	0.2163	0.19321	0.29829	0.28446	0.24452	0.26823	0.21565	0.21115	0.8446
0.37124	0.63983	0.35843	0.84282	0.62572	0.63356	0.21109	0.20069	0.30813	0.2733	0.23811	0.24872	0.20816	0.20152	0.89095
0.38084	0.65735	0.37169	0.83665	0.62694	0.64182	0.19294	0.21331	0.31793	0.28546	0.24912	0.25015	0.17948	0.20265	0.79922
0.34699	0.65759	0.37266	0.86267	0.60705	0.65322	0.19757	0.21833	0.29666	0.27562	0.26205	0.23639	0.21097	0.2229	0.90004
0.34412	0.63974	0.38826	0.86327	0.63493	0.65776	0.19746	0.22057	0.29892	0.29066	0.23068	0.25179	0.20144	0.20613	0.8773
0.33237	0.65269	0.37952	0.8202	0.62439	0.63146	0.19548	0.20738	0.30411	0.28193	0.24375	0.24459	0.18768	0.19781	0.88374
0.35368	0.67149	0.37419	0.85017	0.62068	0.60859	0.21349	0.21806	0.28992	0.2916	0.23353	0.24389	0.19967	0.19961	0.82785
0.34307	0.65518	0.35314	0.82961	0.62881	0.62271	0.21009	0.19904	0.30687	0.285	0.24453	0.24953	0.19864	0.20179	0.91417
0.36236	0.66658	0.39226	0.83359	0.62902	0.64785	0.19937	0.19633	0.28792	0.27193	0.25036	0.24621	0.20814	0.21657	0.82125
0.35951	0.66083	0.35834	0.81839	0.62727	0.6241	0.22049	0.2003	0.29592	0.29113	0.23723	0.23271	0.19348	0.19356	0.86663
0.34433	0.63844	0.36192	0.81518	0.6178	0.67365	0.19281	0.19576	0.30604	0.27768	0.24257	0.24649	0.17858	0.20234	0.85904
0.35375	0.6507	0.33784	0.85937	0.62165	0.64391	0.22511	0.21563	0.29972	0.29514	0.26637	0.24249	0.19898	0.20329	0.87399
0.33607	0.65194	0.36926	0.81586	0.63006	0.61959	0.19899	0.20629	0.32692	0.28877	0.25539	0.25419	0.22041	0.20541	0.87319
0.35825	0.63594	0.37543	0.80766	0.60777	0.64206	0.21928	0.21146	0.29858	0.28503	0.22887	0.24683	0.22419	0.20663	0.78631
0.33387	0.65212	0.36869	0.82014	0.59105	0.62209	0.23182	0.21237	0.29669	0.2848	0.25837	0.25621	0.21779	0.21895	0.8069
0.33925	0.63681	0.35307	0.85139	0.6075	0.64907	0.20047	0.19567	0.31534	0.29766	0.2396	0.22707	0.18257	0.23023	0.83774
0.31369	0.6616	0.33297	0.85357	0.60238	0.62534	0.1884	0.2008	0.30861	0.27305	0.2299	0.23299	0.19631	0.20546	0.86493
0.375	0.65023	0.35729	0.8512	0.60351	0.65272	0.20398	0.22366	0.32688	0.28753	0.25489	0.2594	0.19192	0.20435	0.83621
0.37327	0.63847	0.38618	0.83312	0.61391	0.62065	0.21194	0.20595	0.30286	0.26176	0.23673	0.23419	0.19268	0.20127	0.84434
0.37663	0.63038	0.36885	0.84323	0.62104	0.6321	0.20902	0.20072	0.29389	0.29729	0.24285	0.2553	0.20782	0.23235	0.807
0.37151	0.64495	0.37801	0.84516	0.62583	0.63965	0.22039	0.19258	0.28027	0.28087	0.25058	0.21753	0.20551	0.18901	0.86677
0.36762	0.64052	0.36343	0.85137	0.60511	0.65278	0.21404	0.21607	0.3034	0.27503	0.23052	0.23372	0.20075	0.19821	0.96111
0.35835	0.64006	0.35925	0.82871	0.60418	0.65108	0.19184	0.21848	0.30453	0.27567	0.24009	0.22687	0.20082	0.21059	0.8739
0.33675	0.65107	0.3719	0.83595	0.5955	0.63025	0.21044	0.21447	0.30882	0.27925	0.23541	0.2643	0.2018	0.2054	0.86865
0.33223	0.63154	0.33556	0.83696	0.61531	0.63528	0.20431	0.2008	0.28525	0.30475	0.24417	0.2659	0.2231	0.22107	0.85449
0.36332	0.64731	0.38195	0.8491	0.60338	0.6498	0.2174	0.21978	0.3037	0.30535	0.24528	0.25599	0.21986	0.20043	0.79802
0.35925	0.67474	0.35679	0.84224	0.5985	0.646	0.20689	0.21969	0.31067	0.2662	0.24203	0.25899	0.20311	0.21408	0.8297
0.35424	0.65103	0.3593	0.85185	0.59768	0.6419	0.19489	0.2174	0.30983	0.28794	0.26757	0.25898	0.19922	0.21692	0.87622
0.3419	0.65479	0.36513	0.83705	0.60851	0.62311	0.20488	0.19337	0.30817	0.29315	0.23332	0.2448	0.19704	0.18839	0.89738
0.36219	0.65683	0.38639	0.83805	0.63068	0.64356	0.18643	0.20211	0.31252	0.28664	0.23239	0.26356	0.20073	0.22866	0.86256
0.34379	0.6418	0.4032	0.848	0.61606	0.62718	0.19105	0.21273	0.31326	0.27932	0.24459	0.25594	0.20963	0.21305	0.85681
0.35592	0.64226	0.37836	0.86153	0.63091	0.64533	0.19813	0.19413	0.29686	0.28933	0.23972	0.23441	0.2059	0.20101	0.91213
0.35642	0.65759	0.38388	0.82526	0.62004	0.64927	0.20995	0.20566	0.29195	0.27269	0.23052	0.24481	0.21754	0.20903	0.89441
0.37216	0.67102	0.37224	0.77676	0.60918	0.65814	0.19665	0.20038	0.30463	0.27084	0.25061	0.24209	0.19692	0.20731	0.87113
0.36737	0.63936	0.35873	0.83946	0.60659	0.63163	0.20179	0.20792	0.28577	0.27923	0.23606	0.25046	0.20441	0.19421	0.84612
0.3562	0.63195	0.36771	0.84594	0.61892	0.66123	0.18048	0.19959	0.29363	0.28196	0.23957	0.26504	0.20213	0.19977	0.80945
0.38235	0.65418	0.39189	0.82997	0.59741	0.63652	0.21126	0.20244	0.31028	0.2733	0.22666	0.26042	0.20263	0.21612	0.91528
0.34161	0.66387	0.37476	0.84632	0.61133	0.63616	0.19851	0.19956	0.30687	0.26911	0.25521	0.26484	0.22293	0.21201	0.86817
0.33938	0.64343	0.36068	0.82587	0.60551	0.64585	0.2005	0.19714	0.32082	0.28714	0.23126	0.26663	0.21766	0.20741	0.81405
0.34231	0.66184	0.33157	0.80392	0.60697	0.65818	0.20127	0.22007	0.28827	0.27766	0.22936	0.25908	0.21733	0.20727	0.85678
0.34877	0.64572	0.37535	0.83728	0.63052	0.61765	0.20316	0.20466	0.28834	0.27705	0.25093	0.26561	0.18971	0.19776	0.86435
0.33636	0.65304	0.37824	0.83707	0.64603	0.64765	0.2099	0.21417	0.28545	0.26717	0.25076	0.24176	0.18891	0.19217	0.86012
0.35057	0.64886	0.37915	0.83285	0.61335	0.63989	0.2173	0.21906	0.31527	0.28384	0.24592	0.25457	0.21449	0.20847	0.87146
0.34384	0.6543	0.3547	0.8223	0.61143	0.65386	0.22877	0.21938	0.31122	0.28138	0.26601	0.24832	0.22999	0.22042	0.88211
0.38409	0.6485	0.38086	0.84791	0.62623	0.6308	0.22366	0.22143	0.30146	0.28117	0.24799	0.2457	0.21302	0.2029	0.88361
0.33995	0.66975	0.35906	0.8497	0.6168	0.65737	0.20556	0.2127	0.30545	0.28467	0.23913	0.23205	0.19332	0.1969	0.91222
0.33179	0.66934	0.37004	0.83921	0.61064	0.63424	0.21395	0.2171	0.27975	0.28609	0.23297	0.24665	0.22568	0.21311	0.85484
0.34964	0.64513	0.38368	0.86831	0.63656	0.63828	0.19687	0.20707	0.2898	0.27688	0.21794	0.23644	0.19625	0.21753	0.88132
0.32921	0.64574	0.35006	0.8173	0.61494	0.62937	0.20036	0.21507	0.28745	0.26114	0.23307	0.22873	0.20346	0.20848	0.85649
0.34535	0.64811	0.31831	0.84281	0.57993	0.62836	0.20966	0.19096	0.27947	0.26724	0.23363	0.28313	0.18676	0.21066	0.82428
0.33145	0.63755	0.35091	0.8568	0.59738	0.61916	0.20917	0.20036	0.29229	0.26357	0.24373	0.25758	0.20306	0.20888	0.88281
0.33459	0.65346	0.37596	0.85665	0.59339	0.65765	0.19195	0.20039	0.28203	0.28829	0.23551	0.24655	0.2136	0.20906	0.8069
0.34423	0.64946	0.36597	0.84743	0.61176	0.63082	0.20645	0.21706	0.27326	0.28007	0.24412	0.25015	0.19872	0.19945	0.80405
0.35846	0.64431	0.39088	0.83965	0.6093	0.6414	0.20155	0.21291	0.31129	0.29133	0.26035	0.23719	0.22101	0.20982	0.87106
0.35046	0.65088	0.36888	0.8282	0.60168	0.62501	0.22527	0.20975	0.29105	0.30166	0.23896	0.2379	0.20272	0.20956	0.91799
0.34656	0.65417	0.38296	0.84198	0.61537	0.66054	0.21691	0.21876	0.32537	0.2988	0.25059	0.24308	0.1974	0.20603	0.87271
0.36199	0.64939	0.34793	0.85307	0.5954	0.64051	0.1938	0.21407	0.30186	0.28202	0.24827	0.26599	0.20381	0.20168	0.85308
0.36582	0.64976	0.34943	0.83538	0.62552	0.6496	0.19768	0.21983	0.28477	0.2872	0.24218	0.27506	0.20396	0.19779	0.89905
0.34152	0.6467	0.368	0.84235	0.61331	0.65157	0.19546	0.20212	0.32297	0.2865	0.23588	0.24688	0.19592	0.20868	0.88529
0.33838	0.63857	0.35541	0.83371	0.5879	0.65279	0.1944	0.20169	0.29986	0.28186	0.24023	0.24475	0.20469	0.18928	0.82394
0.34391	0.6419	0.36411	0.82169	0.6175	0.65123	0.22341	0.19465	0.32039	0.26332	0.22818	0.24875	0.21938	0.19476	0.86149
0.36329	0.6652	0.37929	0.84853	0.58657	0.64362	0.19873	0.22576	0.31235	0.28197	0.25214	0.24703	0.21204	0.19423	0.88351
0.35939	0.6537	0.38618	0.87337	0.60624	0.6249	0.20235	0.18189	0.30467	0.27445	0.23978	0.24105	0.20411	0.19227	0.88418
0.3543	0.66209	0.39939	0.85709	0.60584	0.6268	0.20122	0.21951	0.31671	0.29417	0.24101	0.23884	0.19693	0.20653	0.80248
0.33197	0.64537	0.37511	0.8503	0.61656	0.63543	0.19478	0.20694	0.304	0.28726	0.24743	0.23875	0.22172	0.20741	0.87204
0.3401	0.64156	0.39851	0.84622	0.61249	0.67272	0.21027	0.19776	0.28916	0.26797	0.21827	0.22911	0.20593	0.20143	0.87457
0.33762	0.67391	0.37424	0.80826	0.60875	0.64191	0.22743	0.2046	0.29721	0.27193	0.22516	0.23527	0.21888	0.21386	0.83635
0.34664	0.66149	0.35345	0.81321	0.60608	0.63356	0.19849	0.21619	0.30827	0.28522	0.26339	0.23371	0.19909	0.20029	0.86251
0.33743	0.65168	0.3612	0.84716	0.61995	0.64095	0.20424	0.19151	0.30071	0.275	0.26302	0.26098	0.19808	0.20284	0.86617
0.36305	0.65477	0.37735	0.85689	0.6094	0.64264	0.19342	0.19515	0.29686	0.27734	0.22906	0.23952	0.21148	0.2183	0.84498
0.3393	0.66617	0.37238	0.83565	0.62427	0.66604	0.20214	0.2085	0.2979	0.30452	0.26413	0.23784	0.20292	0.21291	0.85553
0.33601	0.65706	0.36483	0.82775	0.6035	0.62874	0.21187	0.22152	0.30832	0.28316	0.25098	0.2575	0.18663	0.20644	0.87492
0.36445	0.6385	0.35433	0.84112	0.60836	0.64074	0.23554	0.22173	0.2862	0.2691	0.21156	0.27079	0.20781	0.21763	0.86315
0.34696	0.65628	0.34663	0.85414	0.60168	0.64559	0.21721	0.22368	0.27987	0.29309	0.2483	0.24677	0.19792	0.19563	0.87886
0.35491	0.65112	0.37136	0.82482	0.6085	0.65129	0.20502	0.19689	0.294	0.32257	0.2472	0.25801	0.20863	0.20268	0.91063
0.36964	0.65951	0.36096	0.85305	0.61499	0.64705	0.1939	0.21102	0.30444	0.28517	0.2511	0.25775	0.21697	0.20907	0.84939
0.36584	0.64608	0.39296	0.85119	0.6112	0.63971	0.1936	0.18564	0.29854	0.2963	0.25378	0.2402	0.20491	0.21178	0.87738
0.33839	0.65916	0.38055	0.84447	0.61347	0.67086	0.21287	0.19005	0.29261	0.31065	0.22416	0.25474	0.20623	0.19698	0.88304
0.37413	0.65578	0.38896	0.832	0.61394	0.64251	0.18914	0.20066	0.29011	0.28583	0.23679	0.25758	0.21703	0.21744	0.83797
0.3837	0.6482	0.36386	0.8182	0.60204	0.62252	0.20154	0.1935	0.31168	0.28309	0.23065	0.23973	0.20634	0.21475	0.80269
0.36264	0.64868	0.37222	0.82862	0.61401	0.62817	0.20287	0.1988	0.29208	0.29205	0.2529	0.23723	0.19179	0.18008	0.87252
0.35164	0.63783	0.37427	0.80033	0.59881	0.63916	0.20195	0.22447	0.31239	0.28225	0.26655	0.27288	0.18749	0.21571	0.82357
0.34852	0.64774	0.3612	0.81655	0.62027	0.63984	0.19848	0.20672	0.27575	0.2686	0.21888	0.24279	0.21057	0.20255	0.86306
0.33049	0.65537	0.36939	0.82723	0.61404	0.6289	0.20612	0.1853	0.29017	0.277	0.23589	0.23518	0.18919	0.20996	0.88023
0.32594	0.65944	0.37893	0.8533	0.60942	0.64273	0.19758	0.19563	0.28758	0.27763	0.2369	0.24734	0.203	0.21908	0.85471
0.34196	0.65388	0.36636	0.83744	0.61859	0.62642	0.20085	0.20086	0.29219	0.29337	0.23789	0.24979	0.18465	0.21131	0.83178
0.33641	0.66175	0.38377	0.80961	0.61448	0.65574	0.19799	0.19802	0.26506	0.27638	0.21682	0.2176	0.19322	0.19988	0.84867
0.35099	0.64345	0.38084	0.85319	0.60787	0.6522	0.18349	0.21058	0.29529	0.27642	0.21372	0.24452	0.18889	0.19001	0.78745
0.34548	0.64898	0.35788	0.82546	0.60847	0.63517	0.20384	0.19266	0.29228	0.26999	0.23675	0.22578	0.19467	0.20621	0.79936
0.32643	0.66461	0.3673	0.86025	0.61222	0.6437	0.20804	0.19866	0.26105	0.2827	0.25165	0.24453	0.20713	0.18665	0.88679
0.34851	0.6509	0.35601	0.8175	0.59332	0.63568	0.21282	0.19603	0.30185	0.26838	0.24659	0.23274	0.21032	0.22164	0.80923
0.35881	0.65027	0.38286	0.85353	0.58413	0.64526	0.20285	0.21828	0.28698	0.29634	0.23351	0.25584	0.185	0.20957	0.85829
0.35122	0.64543	0.36959	0.8221	0.60029	0.65142	0.21576	0.19672	0.29648	0.27707	0.23936	0.23664	0.18516	0.21568	0.84714
0.35941	0.64482	0.35475	0.79036	0.60501	0.62489	0.1999	0.20282	0.27968	0.27843	0.23192	0.22367	0.19966	0.217	0.85095
0.3555	0.63928	0.37787	0.8437	0.62621	0.64312	0.22285	0.22136	0.29869	0.27423	0.25979	0.23557	0.21158	0.21038	0.84864
0.35915	0.65344	0.36846	0.79996	0.6148	0.62246	0.20353	0.19096	0.30208	0.26883	0.24247	0.25004	0.19168	0.20207	0.83594
0.36783	0.6499	0.35742	0.80736	0.62653	0.63526	0.19414	0.19232	0.30473	0.28685	0.23166	0.24261	0.20916	0.22364	0.89004
0.35131	0.65168	0.35935	0.82018	0.61143	0.64019	0.19007	0.20558	0.30785	0.2788	0.23046	0.24906	0.19291	0.19344	0.86362
0.33826	0.65787	0.36535	0.84102	0.59319	0.65653	0.19312	0.18206	0.30223	0.28804	0.2352	0.2608	0.21571	0.18867	0.87142
0.3379	0.64439	0.37949	0.85501	0.60273	0.63147	0.18945	0.20834	0.28621	0.29677	0.23195	0.25525	0.20187	0.20064	0.83377
0.33349	0.64749	0.35718	0.78843	0.60467	0.64513	0.21155	0.21057	0.28433	0.27786	0.22435	0.23389	0.19714	0.22326	0.8575
0.34228	0.65915	0.35299	0.86161	0.604	0.64463	0.21974	0.20174	0.31684	0.2699	0.21224	0.21906	0.18673	0.21006	0.80381
0.34879	0.63364	0.35329	0.83804	0.61209	0.63183	0.20322	0.18901	0.26593	0.27339	0.25223	0.22941	0.20937	0.21773	0.88791
0.34509	0.64414	0.36727	0.84308	0.60961	0.62738	0.22915	0.21108	0.28923	0.25998	0.22585	0.23467	0.20679	0.19892	0.78786
0.33035	0.65009	0.36022	0.81597	0.60467	0.62494	0.22575	0.21028	0.27849	0.2529	0.23811	0.26782	0.18856	0.21349	0.99422
0.37315	0.63717	0.38622	0.82686	0.60663	0.6649	0.20822	0.26423	0.31114	0.26899	0.25553	0.32159	0.22361	0.22027	0.88439
0.36252	0.6556	0.39577	0.84	0.59352	0.60681	0.19321	0.2483	0.31625	0.29548	0.26016	0.30422	0.23097	0.22211	0.9025
0.36702	0.67564	0.37019	0.84292	0.59619	0.61821	0.20609	0.24023	0.31329	0.2826	0.25003	0.3027	0.23406	0.22964	0.89082
0.3535	0.6498	0.37538	0.83804	0.60665	0.62636	0.21036	0.22371	0.31893	0.29069	0.23584	0.29588	0.24044	0.23261	0.8763
0.36334	0.63438	0.37427	0.86037	0.5947	0.6462	0.21459	0.24051	0.29113	0.28736	0.24487	0.26065	0.24652	0.2221	0.88708
0.35099	0.65274	0.37297	0.81927	0.5923	0.63267	0.20969	0.24405	0.31512	0.2957	0.25862	0.2821	0.2291	0.228	0.88759
0.35241	0.65246	0.39301	0.81687	0.60333	0.6053	0.20905	0.21889	0.31335	0.28011	0.24287	0.26276	0.22058	0.24243	0.87403
0.34416	0.65619	0.39244	0.81005	0.606	0.63019	0.20317	0.25602	0.31066	0.31109	0.24883	0.28779	0.24104	0.22704	0.86915
0.38628	0.65079	0.36931	0.83538	0.60279	0.63707	0.20865	0.25069	0.31133	0.26408	0.23522	0.28348	0.22854	0.24112	0.88865
0.34687	0.65316	0.38557	0.81317	0.61117	0.63204	0.20935	0.23389	0.30505	0.2958	0.24138	0.28192	0.2229	0.22098	0.86739
0.35342	0.66084	0.37662	0.83873	0.58214	0.65814	0.21866	0.22828	0.30525	0.28288	0.2384	0.28423	0.23357	0.2075	0.91972
0.33793	0.64702	0.37958	0.79864	0.59183	0.64512	0.22678	0.22381	0.29105	0.26868	0.24501	0.28437	0.23358	0.22246	0.92175
0.32751	0.65927	0.36906	0.8553	0.58229	0.66554	0.18584	0.21495	0.32911	0.28211	0.22676	0.27245	0.23596	0.21611	0.88637
0.35307	0.64425	0.38994	0.83054	0.60585	0.67753	0.18377	0.20558	0.29112	0.27058	0.23184	0.25331	0.20086	0.20806	0.88592
0.36475	0.65938	0.36807	0.86191	0.62825	0.63743	0.20414	0.19942	0.2961	0.27694	0.26681	0.24999	0.22595	0.20561	0.87181
0.35982	0.66048	0.35514	0.81601	0.62569	0.64189	0.21841	0.21282	0.30154	0.26626	0.26348	0.25693	0.20545	0.20117	0.84097
0.35489	0.67982	0.33502	0.82114	0.61135	0.63391	0.2071	0.20542	0.29353	0.28252	0.24174	0.22631	0.2207	0.20653	0.86124
0.32672	0.6447	0.38689	0.83982	0.60808	0.65082	0.19846	0.19877	0.30986	0.28151	0.25078	0.24261	0.2133	0.20446	0.91286
0.35881	0.66766	0.34568	0.82737	0.62333	0.65109	0.18995	0.21618	0.2956	0.266	0.24988	0.22752	0.20784	0.22067	0.87382
0.35013	0.65157	0.34586	0.84474	0.6121	0.61955	0.21236	0.20291	0.29957	0.26535	0.25009	0.2317	0.19611	0.20351	0.87455
0.35044	0.6652	0.36442	0.83385	0.61724	0.64255	0.2214	0.20586	0.30091	0.29975	0.25406	0.24658	0.21296	0.19247	0.87625
0.32629	0.63854	0.35215	0.86299	0.62725	0.65201	0.23109	0.19581	0.30651	0.27753	0.23345	0.2362	0.20893	0.20271	0.81197
0.39012	0.65415	0.35566	0.85443	0.59971	0.62969	0.18478	0.19863	0.30378	0.28637	0.23465	0.24287	0.20079	0.2157	0.84405
0.36179	0.64852	0.34909	0.82451	0.59289	0.63946	0.19373	0.22462	0.30804	0.27013	0.23919	0.22095	0.20454	0.21647	0.8819
0.36175	0.64992	0.33582	0.85286	0.63315	0.67416	0.19833	0.21662	0.29282	0.28223	0.24417	0.22791	0.17672	0.18987	0.83808
0.34597	0.65141	0.34063	0.87112	0.63202	0.63757	0.19634	0.19628	0.31532	0.2735	0.25934	0.22757	0.20745	0.21428	0.81553
0.37734	0.65218	0.35374	0.85321	0.60876	0.6503	0.20946	0.20033	0.30957	0.27016	0.2485	0.21443	0.18418	0.21108	0.86852
0.35348	0.64403	0.37608	0.85805	0.62636	0.66639	0.19788	0.2063	0.30006	0.26729	0.20954	0.23279	0.19449	0.19059	0.87235
0.33654	0.64262	0.37046	0.82807	0.60537	0.63278	0.19749	0.21411	0.29793	0.29596	0.24204	0.23446	0.19408	0.2049	0.91205
0.3365	0.64209	0.38421	0.83039	0.62001	0.62353	0.19529	0.18362	0.27632	0.27305	0.25857	0.24096	0.19759	0.20868	0.76494
0.36203	0.63316	0.34461	0.86277	0.63008	0.63936	0.20858	0.20775	0.30815	0.25849	0.24231	0.24636	0.20537	0.22429	0.79549
0.33226	0.65359	0.3457	0.81931	0.60413	0.65602	0.21573	0.20031	0.29632	0.27952	0.25154	0.25032	0.19136	0.19241	0.88915
0.32569	0.65547	0.33982	0.84501	0.61227	0.64129	0.2246	0.22208	0.29056	0.27516	0.22926	0.2461	0.21442	0.23131	0.8556
0.36812	0.64531	0.35735	0.83153	0.61256	0.65804	0.21974	0.21975	0.31292	0.27508	0.25605	0.26451	0.21498	0.18808	0.84887
0.36004	0.66698	0.35518	0.85344	0.60682	0.62645	0.20983	0.20143	0.30119	0.26088	0.24134	0.26095	0.19621	0.2098	0.79615
0.35889	0.64232	0.3639	0.8206	0.62134	0.64194	0.21536	0.21662	0.3027	0.30225	0.22274	0.23291	0.22532	0.20349	0.85788
0.36129	0.65711	0.35699	0.80639	0.61276	0.63542	0.20143	0.20539	0.30059	0.26725	0.23065	0.24802	0.20899	0.2256	0.87335
0.36305	0.62136	0.378	0.83331	0.60619	0.64291	0.20449	0.23148	0.28099	0.27486	0.2343	0.25281	0.20749	0.22815	0.8989
0.37685	0.65371	0.37734	0.84059	0.60164	0.62507	0.18922	0.18884	0.31236	0.27647	0.22963	0.28186	0.20246	0.20756	0.87232
0.35503	0.65315	0.35414	0.83125	0.61133	0.65135	0.24105	0.21871	0.27705	0.27176	0.23947	0.23713	0.18972	0.20341	0.84323
0.32593	0.65811	0.3727	0.82709	0.61471	0.64421	0.21153	0.20783	0.32363	0.26945	0.27081	0.24965	0.19551	0.18942	0.87844
0.34408	0.64322	0.38523	0.82046	0.62338	0.65102	0.2158	0.19848	0.29382	0.25947	0.22402	0.25376	0.20755	0.19696	0.83956
0.36565	0.65362	0.37495	0.83889	0.61387	0.62677	0.19237	0.19837	0.32355	0.2682	0.24844	0.24687	0.1973	0.1846	0.77356
0.3524	0.65276	0.36202	0.8383	0.60346	0.66294	0.17772	0.20361	0.31313	0.27589	0.24214	0.23281	0.21426	0.19991	0.8635
0.35605	0.65871	0.35998	0.83171	0.61771	0.63755	0.19766	0.21509	0.29952	0.27337	0.24367	0.23798	0.19651	0.20172	0.84869
0.35157	0.64949	0.35335	0.85656	0.62272	0.63541	0.21001	0.21416	0.31722	0.27512	0.24699	0.24056	0.21594	0.20003	0.86691
0.31986	0.65848	0.37086	0.83954	0.61202	0.62404	0.20618	0.21198	0.30755	0.28966	0.25147	0.24844	0.22093	0.21401	0.84979
0.35386	0.66312	0.38263	0.83759	0.63397	0.63933	0.2132	0.2037	0.28736	0.26664	0.25398	0.22471	0.20324	0.22056	0.86493
0.36796	0.64005	0.35432	0.82478	0.62806	0.65316	0.212	0.19621	0.28234	0.25802	0.23429	0.25971	0.19254	0.20897	0.81187
0.37776	0.65357	0.37331	0.86099	0.61341	0.62345	0.22575	0.20623	0.30093	0.2774	0.24476	0.24137	0.2073	0.20479	0.86218
0.36504	0.64524	0.37048	0.83925	0.61976	0.64116	0.19594	0.197	0.30387	0.26415	0.22113	0.2264	0.21278	0.20945	0.89615
0.366	0.65748	0.37614	0.83122	0.63409	0.6414	0.20883	0.21239	0.30654	0.28981	0.22709	0.24909	0.20952	0.2316	0.82596
0.35751	0.65015	0.39054	0.83545	0.61594	0.63985	0.21544	0.22177	0.33536	0.2892	0.25452	0.24613	0.19361	0.20928	0.91982
0.34817	0.64462	0.36637	0.87823	0.59219	0.63649	0.20856	0.2035	0.29708	0.29834	0.23882	0.26324	0.1989	0.2175	0.86881
0.33533	0.65948	0.37861	0.84428	0.58656	0.63398	0.21241	0.19744	0.30073	0.28141	0.23723	0.25158	0.21723	0.19894	0.85991
0.36614	0.67703	0.34521	0.81854	0.59364	0.63128	0.21559	0.19669	0.30095	0.26497	0.23321	0.23175	0.20082	0.21013	0.86785
0.32875	0.63601	0.36103	0.86762	0.60767	0.64436	0.2003	0.22573	0.30891	0.28794	0.2415	0.25378	0.20661	0.20938	0.85498
0.34227	0.66245	0.37433	0.84343	0.61624	0.63581	0.21339	0.22434	0.30353	0.27495	0.25564	0.25706	0.21714	0.2126	0.88396
0.33139	0.64327	0.37185	0.84171	0.61804	0.61659	0.19751	0.19899	0.31431	0.27213	0.22216	0.25806	0.18943	0.20496	0.87662
0.34201	0.66263	0.36424	0.85737	0.59958	0.6304	0.19427	0.1816	0.29345	0.27399	0.24282	0.27305	0.20271	0.20824	0.89262
0.3368	0.65423	0.37708	0.84564	0.61281	0.63652	0.20645	0.24324	0.26637	0.28977	0.24899	0.25493	0.20248	0.20046	0.85688
0.34974	0.64853	0.38151	0.83301	0.6154	0.64777	0.22327	0.216	0.30433	0.29332	0.24395	0.25455	0.20781	0.20305	0.82951
0.33868	0.64849	0.35737	0.81382	0.61313	0.6204	0.20791	0.20229	0.29733	0.27948	0.22336	0.24848	0.19286	0.20914	0.8289
0.37881	0.65514	0.37052	0.81608	0.6036	0.63539	0.20898	0.19459	0.28831	0.2753	0.22919	0.24919	0.20934	0.21175	0.87917
0.34225	0.66047	0.35104	0.84555	0.60444	0.64063	0.22968	0.20395	0.29324	0.25989	0.24064	0.2332	0.20412	0.19634	0.85958
0.35402	0.65082	0.35923	0.84345	0.61719	0.62832	0.19925	0.20982	0.29507	0.29542	0.2711	0.24061	0.19948	0.21342	0.89495
0.34	0.66437	0.3932	0.8603	0.5994	0.63569	0.21755	0.20846	0.31118	0.28341	0.2556	0.24317	0.1961	0.22757	0.79398
0.35199	0.65431	0.41513	0.84081	0.6015	0.63075	0.22249	0.17697	0.32295	0.28397	0.23482	0.26255	0.22066	0.22103	0.84936
0.32984	0.65876	0.38035	0.80515	0.61155	0.62591	0.20703	0.20383	0.3272	0.27104	0.25573	0.24966	0.20128	0.17459	0.83917
0.3369	0.65619	0.39837	0.81005	0.58588	0.64902	0.2223	0.20784	0.31439	0.28759	0.22402	0.23679	0.21633	0.20516	0.83812
0.35855	0.64784	0.40086	0.81516	0.59802	0.65059	0.20612	0.21051	0.29583	0.27342	0.24442	0.25599	0.22173	0.20695	0.86625
0.35451	0.66007	0.36664	0.80505	0.58002	0.62419	0.21209	0.21104	0.2946	0.27813	0.22439	0.23728	0.21494	0.1893	0.85867
0.36855	0.63463	0.35975	0.80257	0.61738	0.64708	0.19537	0.20139	0.3088	0.26724	0.22442	0.24031	0.21461	0.20278	0.87774
0.34661	0.66844	0.37167	0.84416	0.59815	0.652	0.19578	0.20657	0.30926	0.27709	0.24177	0.24791	0.19805	0.21151	0.88275
0.34991	0.64366	0.38267	0.81492	0.62233	0.62813	0.20438	0.20292	0.29863	0.30333	0.25972	0.23429	0.20153	0.20829	0.86306
0.34383	0.63221	0.37777	0.8448	0.59942	0.63561	0.22288	0.20175	0.33322	0.28471	0.25883	0.24043	0.19061	0.21125	0.83397
0.32488	0.65391	0.36086	0.81021	0.61971	0.66462	0.21473	0.20474	0.2821	0.29026	0.25558	0.25226	0.18593	0.21603	0.88864
0.31606	0.65565	0.35973	0.81268	0.61492	0.65991	0.20032	0.21491	0.3043	0.2972	0.25783	0.2484	0.20074	0.20798	0.8611
0.34592	0.64546	0.3504	0.83022	0.60293	0.62535	0.21907	0.21399	0.31005	0.28027	0.25976	0.23248	0.19854	0.21067	0.85236
0.35512	0.65252	0.35683	0.85116	0.61064	0.63544	0.21784	0.20373	0.3067	0.29394	0.25141	0.2685	0.19441	0.20136	0.86964
0.35081	0.65572	0.36005	0.82315	0.62538	0.63756	0.19697	0.21056	0.29768	0.27723	0.22855	0.25604	0.20112	0.19689	0.81203
0.36207	0.64623	0.3579	0.84591	0.60722	0.64192	0.20853	0.21146	0.31968	0.25543	0.24161	0.26031	0.21248	0.22037	0.8645
0.39001	0.66279	0.36275	0.84633	0.61641	0.63241	0.20652	0.1996	0.29884	0.26598	0.24121	0.2417	0.20145	0.20484	0.82611
0.37007	0.64534	0.38555	0.85402	0.61085	0.64887	0.2093	0.20867	0.30562	0.279	0.22937	0.24344	0.22711	0.21294	0.83744
0.34942	0.64013	0.38612	0.81998	0.61643	0.65501	0.21876	0.19967	0.29787	0.29247	0.22011	0.25185	0.20343	0.20881	0.84379
0.36152	0.64969	0.38503	0.85541	0.62337	0.63518	0.20615	0.20916	0.27984	0.29917	0.2415	0.22777	0.20101	0.19773	0.86323
0.37488	0.64324	0.35742	0.81237	0.59773	0.63238	0.20628	0.20243	0.29162	0.2779	0.24092	0.22408	0.19481	0.19207	0.78339
0.37127	0.64916	0.38624	0.77499	0.57519	0.61122	0.21282	0.21371	0.28793	0.30462	0.23692	0.22817	0.199	0.18977	0.80272
0.35723	0.63775	0.37382	0.81359	0.61634	0.65992	0.21568	0.21363	0.2684	0.26844	0.26243	0.24738	0.19511	0.19336	0.83714
0.35154	0.65771	0.36687	0.81122	0.60465	0.62883	0.19257	0.19936	0.29893	0.30888	0.23576	0.25692	0.19661	0.19076	0.89808
0.35282	0.65647	0.36153	0.84504	0.6187	0.64256	0.19309	0.21772	0.29593	0.29442	0.2663	0.23021	0.21839	0.20172	0.88352
0.3508	0.66629	0.39435	0.85106	0.61974	0.64981	0.21701	0.19164	0.32075	0.27215	0.26442	0.22157	0.22241	0.21805	0.91488
0.34328	0.67127	0.39535	0.84153	0.60525	0.62826	0.20326	0.19727	0.30429	0.27245	0.2474	0.25611	0.20652	0.20411	0.87155
0.37428	0.62461	0.36816	0.81003	0.61552	0.63854	0.19983	0.19629	0.30809	0.29103	0.23863	0.25448	0.20647	0.21157	0.85531
0.37207	0.6492	0.36641	0.82709	0.59664	0.6257	0.21439	0.19097	0.27011	0.30593	0.2398	0.25016	0.18164	0.20209	0.91008
0.36795	0.64514	0.37813	0.83827	0.62912	0.66318	0.21352	0.20406	0.3244	0.27248	0.23489	0.23028	0.20368	0.21769	0.86027
0.35261	0.64229	0.37636	0.83051	0.63406	0.63677	0.2092	0.20198	0.28809	0.29854	0.23718	0.25474	0.20347	0.20561	0.85338
0.35427	0.65088	0.3914	0.8604	0.62407	0.64899	0.21327	0.21039	0.28774	0.27327	0.23524	0.2612	0.21092	0.22165	0.87105
0.34231	0.64584	0.38428	0.82056	0.6217	0.65147	0.17755	0.21837	0.29075	0.28143	0.24344	0.23263	0.18641	0.19166	0.85964
0.33608	0.63755	0.37441	0.80615	0.61557	0.65058	0.22055	0.20476	0.28504	0.278	0.23952	0.2355	0.21428	0.2098	0.81532
0.35657	0.65172	0.3727	0.82845	0.62949	0.64577	0.20099	0.21863	0.30014	0.27495	0.24941	0.24575	0.20756	0.20701	0.81089
0.3587	0.65403	0.35701	0.84712	0.62707	0.65133	0.20861	0.20727	0.32171	0.27378	0.24752	0.23955	0.21272	0.20797	0.82091
0.34482	0.68421	0.36042	0.84598	0.62118	0.66038	0.22654	0.21111	0.2983	0.27313	0.23198	0.24033	0.22744	0.21546	0.87896
0.35624	0.65844	0.37724	0.82075	0.59925	0.63933	0.22354	0.20351	0.30999	0.26675	0.24091	0.24219	0.1945	0.22002	0.85724
0.33904	0.66379	0.34838	0.83708	0.60718	0.65432	0.20757	0.21217	0.29936	0.28471	0.24097	0.23998	0.22943	0.2067	0.85462
0.34433	0.65493	0.36631	0.8142	0.60775	0.62709	0.22468	0.19267	0.30162	0.29893	0.25264	0.25964	0.22022	0.2056	0.88872
0.35457	0.64914	0.36713	0.84502	0.61538	0.63094	0.19314	0.21386	0.27155	0.30076	0.23294	0.23709	0.19506	0.1987	0.86735
0.36204	0.66113	0.36485	0.85856	0.62811	0.65275	0.2186	0.19634	0.31122	0.28812	0.259	0.24047	0.20348	0.20796	0.85067
0.33265	0.64511	0.38503	0.81697	0.64471	0.65952	0.21403	0.21338	0.28338	0.27352	0.23561	0.25647	0.21046	0.1942	0.87126
0.35384	0.63527	0.37497	0.86603	0.59624	0.61962	0.21654	0.19986	0.29526	0.30262	0.2476	0.20632	0.19444	0.18311	0.88192
0.36605	0.66139	0.35653	0.84915	0.59281	0.6423	0.22335	0.2147	0.28163	0.2841	0.25392	0.21558	0.19022	0.19799	0.83258
0.37953	0.66348	0.38353	0.85034	0.59247	0.63209	0.22927	0.21115	0.30159	0.29989	0.24858	0.22694	0.21475	0.22094	0.90028
0.32531	0.64592	0.38192	0.82474	0.60145	0.64413	0.20951	0.20767	0.30265	0.25479	0.23932	0.24148	0.21341	0.20923	0.88487
0.3663	0.66605	0.37048	0.83592	0.61473	0.61767	0.21585	0.19762	0.31247	0.28657	0.2385	0.24791	0.20747	0.2009	0.85234
0.37496	0.65112	0.38265	0.83811	0.59568	0.64853	0.21954	0.19351	0.30377	0.27008	0.24475	0.25296	0.2062	0.20763	0.86909
0.3555	0.65171	0.38566	0.84379	0.60575	0.63578	0.22801	0.1979	0.31613	0.30442	0.22918	0.22429	0.19491	0.21601	0.87034
0.36705	0.63578	0.3757	0.85226	0.62964	0.6124	0.20094	0.21609	0.29526	0.25029	0.22418	0.25225	0.19994	0.21648	0.84655
0.33553	0.64413	0.35373	0.82639	0.6172	0.64013	0.21358	0.18384	0.30116	0.26416	0.24253	0.24193	0.22494	0.21587	0.87015
0.34782	0.64789	0.3696	0.84714	0.62285	0.65376	0.21763	0.19431	0.3034	0.27277	0.24539	0.2283	0.19594	0.21613	0.80604
0.30296	0.66545	0.39018	0.83707	0.62435	0.63896	0.212	0.19913	0.31117	0.29094	0.21734	0.23991	0.20243	0.20407	0.86865
0.34342	0.65106	0.38247	0.84708	0.59718	0.6342	0.21593	0.19338	0.27924	0.26439	0.24254	0.25145	0.22615	0.17939	0.85484
0.35932	0.63582	0.36177	0.83681	0.61765	0.62696	0.22067	0.19764	0.28273	0.28113	0.24842	0.24573	0.21175	0.21348	0.88945
0.34452	0.67204	0.37746	0.81876	0.62602	0.63544	0.19733	0.21217	0.31186	0.29563	0.23102	0.23816	0.19442	0.20112	0.84197
0.34769	0.65132	0.36928	0.81898	0.61687	0.63311	0.20833	0.1989	0.31887	0.28436	0.25051	0.25975	0.20777	0.19058	0.8429
0.34826	0.64645	0.33652	0.83162	0.63059	0.64003	0.20985	0.19488	0.30609	0.27396	0.24446	0.24236	0.19684	0.20208	0.91372
0.35982	0.64388	0.38155	0.84243	0.62652	0.606	0.20843	0.19067	0.29986	0.26591	0.25125	0.2358	0.20764	0.20442	0.88245
0.35314	0.64756	0.37578	0.84767	0.62504	0.64402	0.19378	0.21138	0.28835	0.28535	0.25534	0.25341	0.21087	0.21905	0.86891
0.34813	0.66091	0.37005	0.86558	0.64042	0.63408	0.219	0.20016	0.30146	0.27874	0.26844	0.26202	0.1905	0.21742	0.87315
0.34525	0.65966	0.38943	0.85892	0.62183	0.64316	0.20525	0.20125	0.28788	0.3005	0.26297	0.26217	0.2123	0.19761	0.85139
0.33059	0.62232	0.38578	0.83839	0.61746	0.64707	0.21311	0.21171	0.28492	0.2891	0.23496	0.23603	0.20948	0.22148	0.86228
0.33918	0.63961	0.34449	0.83774	0.63035	0.65329	0.19084	0.22219	0.28944	0.27264	0.24827	0.25185	0.19427	0.22838	0.85445
0.36575	0.64491	0.36389	0.83548	0.59934	0.61775	0.21082	0.19627	0.29839	0.27013	0.26044	0.24808	0.21683	0.19831	0.88947
0.34036	0.6591	0.38292	0.83665	0.60085	0.63369	0.2038	0.20627	0.29217	0.2913	0.24268	0.22341	0.20607	0.21281	0.8691
0.3682	0.65001	0.37395	0.81132	0.59046	0.62752	0.1937	0.21933	0.30481	0.27854	0.24008	0.24337	0.19533	0.18476	0.85202
0.34774	0.66255	0.34568	0.80489	0.57166	0.64042	0.20643	0.20894	0.31125	0.28477	0.24422	0.24271	0.21559	0.20998	0.8931
0.35011	0.64871	0.36394	0.82977	0.60854	0.62323	0.21467	0.19794	0.31675	0.29348	0.25506	0.26308	0.20436	0.22205	0.87884
0.3506	0.65064	0.38151	0.83974	0.60159	0.65618	0.23255	0.18653	0.32446	0.30256	0.23376	0.22814	0.20667	0.21769	0.87093
0.37167	0.64328	0.35076	0.82622	0.61736	0.64025	0.22028	0.20715	0.29155	0.26177	0.24447	0.2477	0.20699	0.21406	0.90478
0.35412	0.6493	0.35904	0.85628	0.59646	0.65046	0.23381	0.20449	0.31705	0.29629	0.27093	0.25762	0.22122	0.22415	0.91074
0.35863	0.63524	0.35792	0.80606	0.61836	0.64408	0.18541	0.20418	0.29879	0.27639	0.2437	0.24899	0.2037	0.21035	0.87056
0.35636	0.64421	0.3734	0.83603	0.60763	0.63726	0.22371	0.21481	0.30378	0.26601	0.24127	0.23847	0.20654	0.22087	0.87684
0.35878	0.64399	0.35312	0.86116	0.59614	0.6585	0.2252	0.18585	0.30042	0.2843	0.23934	0.2563	0.19293	0.20778	0.85523
0.34002	0.66238	0.35054	0.85216	0.61354	0.65243	0.20229	0.20602	0.29805	0.30681	0.22252	0.23776	0.19923	0.22381	0.82846
0.34369	0.65672	0.38527	0.85871	0.60437	0.63696	0.18774	0.19494	0.29448	0.3017	0.21768	0.23389	0.19563	0.20711	0.874
0.36064	0.64493	0.38914	0.80222	0.60855	0.64519	0.21725	0.22	0.30105	0.28311	0.23413	0.25326	0.19096	0.19463	0.88897
0.35126	0.64889	0.36415	0.84472	0.59679	0.6331	0.19717	0.19111	0.26813	0.26343	0.2395	0.22271	0.20278	0.21771	0.86863
0.3278	0.64913	0.37783	0.84504	0.60085	0.63785	0.1972	0.20174	0.3168	0.29475	0.23431	0.23338	0.21225	0.18215	0.922
0.34875	0.66159	0.38087	0.82705	0.60499	0.63305	0.22359	0.21998	0.29966	0.2426	0.23809	0.22407	0.18858	0.20993	0.81171
0.34984	0.63638	0.38577	0.85686	0.61155	0.65461	0.19731	0.20929	0.29662	0.27205	0.25649	0.24185	0.21254	0.21918	0.81489
0.37364	0.65573	0.37161	0.81063	0.58856	0.64542	0.2112	0.18174	0.29185	0.26916	0.25328	0.25756	0.20198	0.19177	0.86737
0.35641	0.64758	0.36875	0.82645	0.6185	0.63617	0.19829	0.2088	0.31267	0.27451	0.24638	0.27229	0.20558	0.2198	0.83043
0.33681	0.65992	0.38364	0.83612	0.61582	0.62686	0.20564	0.19498	0.30466	0.26166	0.2356	0.21775	0.20244	0.19689	0.84446
0.35086	0.66277	0.37751	0.83189	0.5869	0.65384	0.21052	0.19755	0.32301	0.2641	0.23086	0.23387	0.20906	0.21158	0.84433
0.35627	0.64869	0.37483	0.85249	0.6094	0.64169	0.20756	0.21177	0.31916	0.29706	0.238	0.2488	0.20502	0.1976	0.85027
0.37525	0.65605	0.35803	0.86409	0.60439	0.62167	0.20237	0.20341	0.30109	0.2948	0.27678	0.23936	0.22951	0.1916	0.87495
0.36281	0.65669	0.38889	0.81423	0.59923	0.63953	0.19123	0.18558	0.29985	0.28856	0.23861	0.24534	0.17543	0.21075	0.85758
0.33807	0.65111	0.38107	0.83684	0.60509	0.61902	0.21073	0.19201	0.3157	0.2665	0.25041	0.25934	0.22339	0.19512	0.84801
0.35442	0.63787	0.35814	0.84568	0.61042	0.64796	0.21831	0.19454	0.28708	0.26069	0.23514	0.23615	0.20359	0.20872	0.79049
0.36263	0.62866	0.37704	0.84609	0.61804	0.63381	0.20575	0.20987	0.31448	0.28263	0.21785	0.24081	0.19252	0.203	0.87484
0.33063	0.64739	0.38546	0.85138	0.60067	0.64431	0.20541	0.2239	0.3138	0.27522	0.23491	0.22848	0.19129	0.22006	0.88404
0.36035	0.64307	0.35809	0.79585	0.61677	0.6353	0.21569	0.20287	0.31866	0.27994	0.25072	0.22585	0.19678	0.19155	0.86961
0.33363	0.64453	0.35677	0.82959	0.60539	0.63199	0.21474	0.19714	0.30654	0.2787	0.23822	0.23869	0.21628	0.20231	0.85879
0.35827	0.65	0.36067	0.83887	0.62274	0.62752	0.19247	0.20131	0.31248	0.25777	0.23819	0.22888	0.20519	0.22137	0.86183
0.34959	0.64584	0.36783	0.83409	0.61282	0.63276	0.21223	0.21004	0.31162	0.28265	0.22381	0.24862	0.18465	0.21508	0.82367
0.3711	0.66424	0.36097	0.83736	0.62496	0.64655	0.23457	0.18337	0.29658	0.30464	0.2338	0.26672	0.19022	0.2006	0.88074
0.35753	0.6637	0.37455	0.80301	0.60791	0.64056	0.21086	0.20621	0.31841	0.2902	0.2391	0.25988	0.20449	0.2173	0.87649
0.34711	0.66104	0.37167	0.86576	0.61267	0.64587	0.20866	0.19133	0.27887	0.28521	0.25602	0.24537	0.19912	0.20699	0.87975
0.35044	0.63179	0.35382	0.84853	0.59168	0.62477	0.22723	0.21385	0.31054	0.29098	0.22622	0.22171	0.20631	0.19576	0.85384
0.34629	0.63153	0.36966	0.85098	0.60069	0.6446	0.20457	0.20426	0.30922	0.28799	0.21683	0.24347	0.20524	0.19763	0.84733
0.3437	0.64388	0.37706	0.83284	0.6065	0.64676	0.1992	0.22383	0.31787	0.27322	0.2468	0.24401	0.21802	0.20731	0.83228
0.34563	0.63983	0.37602	0.837	0.61425	0.64243	0.1981	0.23322	0.30403	0.29588	0.2416	0.23958	0.18781	0.20103	0.80906
0.35666	0.64639	0.35486	0.8087	0.57488	0.65995	0.20544	0.19913	0.33551	0.27411	0.23387	0.22923	0.197	0.20968	0.85481
0.37014	0.66132	0.37033	0.83515	0.5865	0.63196	0.20897	0.19313	0.3122	0.29225	0.24144	0.23319	0.20089	0.22235	0.7951
0.37708	0.63548	0.3665	0.85042	0.59931	0.64542	0.22114	0.21169	0.30309	0.28043	0.2327	0.24531	0.21092	0.19357	0.86788
0.32566	0.65415	0.3658	0.81657	0.61294	0.65231	0.21904	0.1961	0.29426	0.29078	0.23485	0.2556	0.21185	0.21351	0.86269
0.343	0.64204	0.33891	0.85713	0.6105	0.63294	0.20111	0.20049	0.33333	0.2762	0.24861	0.23401	0.19543	0.20452	0.95622
0.33782	0.63757	0.34066	0.84587	0.60581	0.66107	0.20026	0.21555	0.30547	0.28801	0.25241	0.24177	0.1882	0.19985	0.86593
0.34036	0.65034	0.3682	0.84689	0.62864	0.64495	0.19901	0.20894	0.27769	0.28608	0.23869	0.25493	0.20222	0.20339	0.87689
0.36445	0.65533	0.35439	0.82653	0.60447	0.61674	0.20723	0.21772	0.28329	0.28677	0.23993	0.23727	0.22751	0.20868	0.88566
0.38336	0.62689	0.34492	0.85671	0.62378	0.63924	0.19736	0.19563	0.31635	0.29403	0.2492	0.24288	0.21112	0.20485	0.86872
0.37067	0.64719	0.37471	0.83978	0.62272	0.6164	0.19954	0.2148	0.32543	0.28331	0.2401	0.25225	0.2156	0.20625	0.88317
0.36114	0.64189	0.36426	0.84321	0.63117	0.6321	0.20377	0.19276	0.30123	0.2611	0.22418	0.22807	0.2227	0.1922	0.8806
0.38343	0.64505	0.37355	0.83861	0.61609	0.62883	0.20565	0.21923	0.30246	0.25901	0.2553	0.25726	0.20151	0.2103	0.86778
0.3464	0.65923	0.37222	0.82645	0.60562	0.62561	0.19826	0.21097	0.3286	0.27685	0.22863	0.23092	0.20244	0.20932	0.86234
