mass_ratio	chirp_mass	luminosity_distance	dec	ra	theta_jn	psi	phase	a_1	a_2	tilt_1	tilt_2	phi_12	phi_jl	geocent_time
0.56857	0.63472	0.57158	0.83297	0.71366	0.62924	0.37533	0.40737	0.44969	0.437	0.52011	0.47067	0.41713	0.41328	0.93439
0.5526	0.60861	0.56422	0.84314	0.70092	0.61697	0.37888	0.42043	0.44262	0.40762	0.49949	0.48497	0.39558	0.39683	0.93565
0.54201	0.60135	0.56921	0.81675	0.70875	0.60736	0.34132	0.39911	0.4723	0.39454	0.47916	0.47623	0.43076	0.4002	0.88542
0.52834	0.61442	0.54246	0.83565	0.72157	0.58378	0.34858	0.39686	0.44525	0.40998	0.50845	0.46162	0.40135	0.38042	0.91625
0.51918	0.57573	0.53507	0.84104	0.71255	0.62276	0.34403	0.39144	0.43121	0.43031	0.48324	0.43727	0.39456	0.35619	0.90975
0.50323	0.58058	0.52728	0.81503	0.71838	0.60995	0.32291	0.39909	0.42544	0.42031	0.46476	0.43806	0.39189	0.38364	0.91716
0.53193	0.58829	0.5248	0.85389	0.7082	0.62732	0.34172	0.38811	0.47242	0.39393	0.45215	0.42622	0.37801	0.35316	0.94499
0.51069	0.57903	0.53466	0.86253	0.71983	0.60109	0.32725	0.38436	0.46101	0.39763	0.44781	0.42177	0.35722	0.33492	1.04327
0.53307	0.5776	0.51695	0.80988	0.70997	0.59303	0.31834	0.38751	0.46895	0.40145	0.44576	0.39121	0.36869	0.31631	0.91032
0.48886	0.56865	0.51811	0.80335	0.70261	0.59547	0.30572	0.41776	0.44366	0.38661	0.41998	0.41273	0.37511	0.36221	0.88453
0.50094	0.57609	0.49477	0.82502	0.70396	0.58687	0.32521	0.39569	0.44505	0.39453	0.42032	0.40251	0.35482	0.33474	0.88132
0.48664	0.5607	0.52209	0.83763	0.71572	0.58615	0.31109	0.3987	0.46333	0.40438	0.42001	0.39441	0.35159	0.3148	0.8659
0.50464	0.55253	0.51678	0.84364	0.72012	0.58921	0.29638	0.39192	0.45321	0.37736	0.40974	0.40165	0.33984	0.31749	0.91121
0.50566	0.56069	0.50803	0.81042	0.71462	0.57569	0.3056	0.41383	0.45945	0.38244	0.41534	0.36671	0.31462	0.31788	0.91304
0.50759	0.56063	0.50441	0.8224	0.69828	0.55487	0.27654	0.42691	0.47123	0.38542	0.38481	0.38308	0.34605	0.31411	0.9123
0.46456	0.53999	0.50152	0.84748	0.7016	0.56703	0.29727	0.40679	0.46322	0.38873	0.3953	0.36448	0.32954	0.30081	0.85925
0.45474	0.55356	0.48332	0.83957	0.6926	0.57724	0.28693	0.4039	0.43515	0.38588	0.39289	0.36961	0.32811	0.27697	0.88174
0.49406	0.56001	0.49191	0.83758	0.6938	0.53004	0.27724	0.41639	0.45588	0.37511	0.38546	0.3619	0.31857	0.29299	0.9009
0.49897	0.55542	0.48671	0.78523	0.70487	0.54474	0.27899	0.38864	0.47287	0.35699	0.3918	0.3675	0.33548	0.28857	0.93248
0.46197	0.53676	0.48709	0.83708	0.71513	0.56055	0.29711	0.42602	0.43421	0.36178	0.38248	0.37111	0.30258	0.28043	0.97985
0.48754	0.54323	0.48914	0.79222	0.7077	0.55532	0.28428	0.41037	0.45096	0.35139	0.38525	0.3611	0.31158	0.28287	0.86033
0.47047	0.55225	0.4764	0.82992	0.70802	0.53813	0.27669	0.38324	0.45587	0.35075	0.37836	0.34827	0.29656	0.29931	0.92668
0.46569	0.54303	0.50461	0.813	0.70499	0.578	0.26836	0.4037	0.44814	0.35211	0.38325	0.34491	0.29789	0.27007	0.93716
0.45456	0.52967	0.46078	0.79771	0.72286	0.55527	0.26002	0.39647	0.46725	0.37344	0.372	0.32252	0.30407	0.27151	0.8941
0.45893	0.55383	0.46498	0.82374	0.71527	0.52805	0.27227	0.3817	0.42599	0.38098	0.35148	0.32128	0.30125	0.26707	0.89398
0.46094	0.53983	0.47376	0.80106	0.70821	0.53121	0.26204	0.40739	0.42669	0.35966	0.3636	0.33001	0.31961	0.28025	0.8753
0.45208	0.51046	0.46707	0.82531	0.73135	0.56171	0.28133	0.40623	0.46215	0.36356	0.37929	0.34748	0.29103	0.27434	0.91499
0.44216	0.54552	0.46356	0.83332	0.70513	0.53948	0.2757	0.41414	0.47547	0.35791	0.3592	0.33065	0.28133	0.27654	0.83678
0.43642	0.53582	0.46797	0.83498	0.7008	0.56165	0.28996	0.40523	0.45083	0.3572	0.36036	0.33241	0.29447	0.29751	0.87812
0.428	0.53424	0.46971	0.80555	0.71136	0.55853	0.27697	0.40045	0.44446	0.35321	0.38839	0.34557	0.30062	0.25422	0.90058
0.42575	0.52562	0.45722	0.84387	0.69643	0.52757	0.26112	0.39695	0.44421	0.35493	0.35868	0.31947	0.26249	0.24613	0.90798
0.44399	0.52179	0.47503	0.79863	0.70236	0.52922	0.26283	0.40687	0.45723	0.36739	0.34534	0.32017	0.27862	0.2861	0.89496
0.44041	0.55266	0.45577	0.80019	0.70729	0.52595	0.27088	0.40748	0.4496	0.3544	0.35344	0.33228	0.27947	0.2862	0.93612
0.42826	0.52349	0.46424	0.82385	0.70588	0.51715	0.25733	0.40368	0.44498	0.36045	0.32219	0.31666	0.26773	0.25716	0.88982
0.44672	0.52522	0.44902	0.8007	0.70365	0.53365	0.27979	0.41271	0.46156	0.36068	0.35398	0.3387	0.28159	0.28023	0.86497
0.41613	0.52705	0.44373	0.81503	0.70127	0.52248	0.26166	0.4135	0.44287	0.34782	0.36162	0.32739	0.27993	0.26953	0.90096
0.40838	0.54129	0.47027	0.8031	0.71501	0.50568	0.27891	0.40971	0.46023	0.36057	0.33666	0.29629	0.26251	0.2483	0.88854
0.42469	0.52381	0.45133	0.82569	0.6999	0.50375	0.26007	0.41326	0.44009	0.34877	0.35309	0.30775	0.25691	0.24919	0.89403
0.41597	0.51435	0.45518	0.82712	0.71714	0.49703	0.26686	0.39025	0.44462	0.35431	0.32666	0.32265	0.26608	0.25856	0.87051
0.42481	0.5066	0.43011	0.82837	0.70316	0.52424	0.25334	0.39738	0.4493	0.35769	0.34964	0.33149	0.26458	0.26181	0.90779
0.39643	0.52273	0.43676	0.83847	0.7033	0.51975	0.26199	0.40842	0.45485	0.35446	0.3302	0.30163	0.2747	0.25412	0.90779
0.40732	0.51939	0.44772	0.84808	0.70783	0.51339	0.25904	0.39961	0.46235	0.34382	0.3604	0.30063	0.26149	0.26897	0.88413
0.40443	0.50648	0.43884	0.79878	0.71496	0.51798	0.24903	0.37923	0.46792	0.34879	0.33545	0.31001	0.26589	0.26012	0.89334
0.41105	0.5302	0.44028	0.80884	0.70154	0.52207	0.26553	0.42684	0.46498	0.34713	0.32526	0.31004	0.2585	0.24163	0.9016
0.41383	0.52945	0.45321	0.83774	0.69819	0.52064	0.23026	0.42296	0.44511	0.34293	0.33587	0.30325	0.26885	0.25831	0.87475
0.41812	0.51822	0.45609	0.83963	0.70999	0.532	0.24084	0.41973	0.43885	0.35636	0.33034	0.29562	0.25224	0.23465	0.94274
0.40414	0.5085	0.44036	0.80159	0.70463	0.52365	0.25166	0.40333	0.45794	0.34611	0.33866	0.30136	0.24987	0.26311	0.87473
0.39753	0.52743	0.43831	0.82828	0.7149	0.53025	0.25395	0.3887	0.45557	0.34131	0.34972	0.3059	0.25478	0.25302	0.8904
0.39591	0.52412	0.43565	0.85289	0.69101	0.52061	0.24421	0.40994	0.47052	0.34794	0.33843	0.30118	0.25838	0.26922	0.88897
0.40436	0.51994	0.44416	0.80554	0.70766	0.50389	0.24292	0.39499	0.46681	0.34874	0.30874	0.29305	0.26341	0.25788	0.90359
0.41923	0.52389	0.43275	0.8472	0.73474	0.50482	0.23949	0.42218	0.45542	0.33332	0.33384	0.2953	0.26556	0.25834	0.9127
0.40928	0.52076	0.42705	0.84042	0.71644	0.4821	0.23106	0.38214	0.47139	0.34023	0.31338	0.3129	0.2548	0.25923	0.83343
0.41028	0.52202	0.433	0.83382	0.71769	0.50704	0.25366	0.39967	0.44996	0.36085	0.3525	0.27946	0.25006	0.26769	0.89279
0.39932	0.51749	0.44652	0.8221	0.7023	0.52046	0.26347	0.41216	0.45513	0.33857	0.34289	0.28935	0.2818	0.26263	0.86829
0.39549	0.51332	0.42708	0.80499	0.70011	0.51703	0.23923	0.42049	0.4626	0.33788	0.34356	0.32065	0.25355	0.26962	0.89933
0.40598	0.52434	0.43032	0.78228	0.70037	0.50183	0.24184	0.40233	0.45153	0.33601	0.33432	0.28255	0.24374	0.256	0.95094
0.40933	0.51848	0.44317	0.79918	0.71328	0.50594	0.23636	0.38694	0.47289	0.33843	0.34763	0.28473	0.26254	0.26856	0.88718
0.39796	0.49938	0.42571	0.79041	0.72535	0.49962	0.23927	0.40328	0.43871	0.34077	0.34933	0.29359	0.24917	0.24843	0.85032
0.35378	0.52081	0.42739	0.82543	0.71143	0.51163	0.2546	0.39146	0.44912	0.35317	0.31501	0.3075	0.2629	0.26099	0.8868
0.3854	0.53575	0.43672	0.80872	0.72083	0.50362	0.24426	0.40128	0.43368	0.32551	0.31087	0.2866	0.23543	0.26298	0.86005
0.38694	0.49045	0.43467	0.84727	0.72283	0.50041	0.24541	0.40917	0.45291	0.33678	0.30825	0.28858	0.23766	0.25413	0.86198
0.37019	0.51556	0.42975	0.80126	0.72202	0.51136	0.24145	0.40759	0.46874	0.34015	0.32245	0.27744	0.25308	0.25847	0.96127
0.37762	0.52064	0.43788	0.81309	0.70944	0.49246	0.25047	0.41219	0.47033	0.3271	0.32568	0.2983	0.24659	0.24422	0.86155
0.39665	0.52155	0.42794	0.7782	0.71588	0.48527	0.24367	0.41262	0.44756	0.32831	0.31139	0.28999	0.24075	0.24295	0.90509
0.37025	0.52249	0.42579	0.78701	0.71373	0.50786	0.25868	0.38278	0.44498	0.33866	0.32119	0.29748	0.24554	0.24434	0.87679
0.39826	0.51617	0.42761	0.85283	0.70796	0.49799	0.25351	0.43044	0.44199	0.33199	0.3376	0.27953	0.24151	0.24882	0.88672
0.38175	0.50504	0.43857	0.82009	0.69959	0.49934	0.24542	0.38533	0.43954	0.33975	0.3056	0.28864	0.22307	0.24402	0.89542
0.37461	0.51567	0.42799	0.81887	0.72059	0.48525	0.2212	0.39426	0.46804	0.31568	0.32203	0.26648	0.23189	0.24085	0.88282
0.38987	0.51895	0.42495	0.81876	0.70663	0.48261	0.23693	0.42226	0.46142	0.32803	0.32388	0.27748	0.25461	0.2667	0.93689
0.39628	0.51121	0.42932	0.77079	0.70556	0.51502	0.23198	0.38392	0.45797	0.33865	0.35197	0.26546	0.24302	0.2402	0.85025
0.39359	0.54086	0.41274	0.83472	0.72726	0.49425	0.24123	0.42115	0.46728	0.34426	0.32733	0.30085	0.23316	0.25162	0.88447
0.38318	0.49876	0.4022	0.84104	0.70526	0.47348	0.23437	0.40725	0.44645	0.32319	0.32329	0.27193	0.2301	0.26303	0.88877
0.38756	0.53647	0.39171	0.81499	0.7049	0.50241	0.24768	0.39181	0.45279	0.35123	0.32231	0.29531	0.24366	0.24653	0.86286
0.40224	0.51682	0.40038	0.85047	0.70059	0.50901	0.24554	0.40003	0.46457	0.35301	0.31692	0.29762	0.24012	0.24968	0.94102
0.38681	0.51371	0.4396	0.83338	0.70965	0.49399	0.22865	0.42791	0.44607	0.32624	0.32034	0.27006	0.24063	0.22726	0.9093
0.3789	0.51094	0.43386	0.78316	0.69977	0.47481	0.24486	0.3965	0.46219	0.34328	0.31898	0.28071	0.2503	0.2474	0.89012
0.36344	0.51016	0.44419	0.79499	0.71448	0.49386	0.23437	0.41588	0.46402	0.3116	0.31465	0.26028	0.23343	0.25135	0.87704
0.37003	0.48448	0.41536	0.78523	0.71104	0.47789	0.25188	0.42733	0.43149	0.31467	0.31838	0.26218	0.217	0.22872	0.917
0.38824	0.50541	0.41052	0.84531	0.71688	0.49691	0.22873	0.38954	0.44078	0.33105	0.3021	0.2387	0.24563	0.24899	0.89246
0.39395	0.52274	0.41375	0.83233	0.70542	0.45577	0.23251	0.41691	0.44884	0.33584	0.28873	0.271	0.22422	0.21915	0.89809
0.36726	0.51012	0.4251	0.84162	0.72427	0.4723	0.23866	0.39339	0.44754	0.32281	0.29389	0.28293	0.22822	0.227	0.89898
0.38349	0.53125	0.42833	0.78752	0.71376	0.49422	0.22504	0.40895	0.44571	0.35334	0.30957	0.28882	0.22155	0.22514	0.88969
0.38783	0.52208	0.41405	0.82296	0.7186	0.46402	0.23188	0.41886	0.45259	0.318	0.32925	0.29349	0.2351	0.25395	0.87091
0.3864	0.52263	0.40153	0.80362	0.70247	0.49751	0.21595	0.39783	0.45378	0.32569	0.28891	0.25851	0.22239	0.23122	0.91356
0.3838	0.52079	0.41654	0.80525	0.71694	0.46767	0.22058	0.39942	0.44986	0.32749	0.30568	0.27097	0.24073	0.22568	0.8907
0.39302	0.53101	0.40803	0.82	0.70748	0.50435	0.22315	0.41287	0.44875	0.35073	0.31307	0.26175	0.22593	0.23999	0.89652
0.36028	0.50807	0.41088	0.78948	0.73059	0.47488	0.22843	0.39169	0.45995	0.33601	0.30356	0.27213	0.24525	0.23546	0.89794
0.39098	0.51361	0.40978	0.77646	0.69941	0.47107	0.22207	0.41846	0.4538	0.34127	0.32343	0.26685	0.22694	0.2344	0.91946
0.38	0.51004	0.41453	0.78821	0.7056	0.46676	0.21988	0.41149	0.45647	0.32729	0.31191	0.26303	0.23132	0.2342	0.89042
0.39499	0.51064	0.40577	0.82937	0.71325	0.50872	0.2477	0.4214	0.4657	0.31455	0.29735	0.25337	0.24343	0.23792	0.91282
0.38303	0.51397	0.41568	0.77904	0.69702	0.50439	0.24792	0.42304	0.44306	0.31311	0.30844	0.25726	0.2502	0.24707	0.8651
0.39073	0.49573	0.39578	0.80367	0.70968	0.48466	0.20957	0.39705	0.43048	0.32844	0.33967	0.26346	0.20088	0.22689	0.89169
0.38221	0.49845	0.42844	0.81217	0.70962	0.4603	0.21836	0.40414	0.45589	0.30114	0.32598	0.27225	0.24078	0.22949	0.88745
0.38422	0.5082	0.40808	0.80228	0.71046	0.46634	0.22482	0.39726	0.44739	0.31872	0.3046	0.26168	0.23452	0.22404	0.89281
0.38698	0.48765	0.40049	0.7911	0.71198	0.50869	0.2422	0.4101	0.44452	0.31396	0.32497	0.2687	0.21574	0.24451	0.85573
0.35785	0.49943	0.41023	0.78812	0.70262	0.49647	0.2235	0.39578	0.44991	0.31957	0.31569	0.26206	0.22188	0.22734	0.83981
0.37729	0.52613	0.41783	0.77903	0.69563	0.45249	0.25152	0.41883	0.44547	0.33744	0.33072	0.25713	0.19662	0.24402	0.87921
0.3787	0.50044	0.38824	0.8075	0.72514	0.50443	0.20761	0.40739	0.42947	0.3242	0.29274	0.25226	0.22777	0.21548	0.88496
0.37518	0.5084	0.42055	0.80452	0.6986	0.50599	0.23857	0.38705	0.46913	0.3031	0.30453	0.24434	0.21959	0.2476	0.85598
0.37526	0.49816	0.41119	0.83361	0.71885	0.49684	0.22959	0.39738	0.44179	0.32714	0.31865	0.25716	0.21436	0.23598	0.88501
0.38354	0.50142	0.41914	0.8247	0.72556	0.487	0.23066	0.40258	0.41885	0.30842	0.30577	0.27148	0.23874	0.25856	0.89317
0.3665	0.52082	0.41139	0.82155	0.7158	0.49907	0.21219	0.40392	0.46097	0.31294	0.31563	0.25396	0.21304	0.24864	0.83697
0.38598	0.4983	0.39711	0.80902	0.69962	0.48046	0.22745	0.41652	0.47833	0.30622	0.28967	0.26447	0.23572	0.24067	0.86869
0.38476	0.50242	0.40445	0.84215	0.71487	0.48393	0.22545	0.40833	0.46128	0.31983	0.32388	0.24074	0.21222	0.23719	0.89571
0.36664	0.50247	0.40747	0.80856	0.70679	0.4934	0.21566	0.40736	0.44433	0.30054	0.29987	0.26841	0.22537	0.23759	0.89758
0.34878	0.50409	0.40335	0.85889	0.70232	0.4999	0.20372	0.41921	0.46413	0.3334	0.30476	0.25014	0.20729	0.22425	0.88587
0.37258	0.48617	0.41748	0.8001	0.71099	0.4506	0.22389	0.3871	0.44061	0.32633	0.31495	0.26026	0.22293	0.23382	0.84054
0.33946	0.49306	0.4064	0.80812	0.70705	0.48333	0.22491	0.40066	0.43713	0.32476	0.29558	0.26641	0.21496	0.23218	0.859
0.34301	0.51078	0.40709	0.7792	0.68165	0.51171	0.21059	0.40787	0.44445	0.32399	0.30952	0.21819	0.2316	0.2514	0.87966
0.35152	0.52408	0.3976	0.80838	0.71181	0.48862	0.21672	0.40847	0.46981	0.31582	0.30587	0.26934	0.23818	0.24216	0.88001
0.3534	0.51815	0.40413	0.83402	0.71979	0.48148	0.22318	0.39772	0.45595	0.30795	0.29827	0.26882	0.22121	0.25322	0.89159
0.35592	0.49931	0.40832	0.81131	0.71729	0.50124	0.21857	0.4092	0.44304	0.31736	0.309	0.25064	0.23003	0.22577	0.88127
0.36694	0.49149	0.40382	0.79448	0.71105	0.47033	0.20975	0.4171	0.44934	0.31128	0.29886	0.26325	0.21036	0.23539	0.89496
0.34782	0.49278	0.40581	0.77675	0.7151	0.49883	0.24793	0.41698	0.44158	0.33057	0.31165	0.26285	0.2251	0.2408	1.00354
0.38265	0.48036	0.40442	0.78785	0.69558	0.48811	0.2346	0.4113	0.46632	0.29948	0.31473	0.24689	0.226	0.23696	0.8804
0.35878	0.51801	0.40925	0.8049	0.71647	0.51682	0.22423	0.43494	0.44817	0.32649	0.31426	0.25185	0.21914	0.25258	0.87759
0.36165	0.49703	0.40185	0.80079	0.69908	0.47181	0.23133	0.42969	0.45526	0.32034	0.29785	0.25857	0.23001	0.23714	0.88614
0.36426	0.48507	0.41958	0.81676	0.70734	0.52674	0.2314	0.38881	0.44471	0.30899	0.30811	0.24822	0.22061	0.22722	0.85681
0.37867	0.49054	0.40777	0.79335	0.70856	0.48241	0.23751	0.4103	0.46137	0.32124	0.32437	0.28329	0.22904	0.22925	0.88645
0.3681	0.53084	0.41671	0.80282	0.73249	0.47801	0.25165	0.41891	0.44164	0.3116	0.29143	0.25166	0.22044	0.24451	0.82672
0.37616	0.49628	0.41114	0.82514	0.7019	0.48147	0.20933	0.4248	0.44731	0.32876	0.30439	0.28543	0.21253	0.24656	0.87117
0.39425	0.50137	0.3972	0.81162	0.72194	0.47853	0.23399	0.40152	0.44509	0.30942	0.30192	0.25068	0.22539	0.24967	0.91048
0.35909	0.49353	0.41893	0.8261	0.70474	0.49027	0.22485	0.41664	0.45859	0.29584	0.29788	0.26437	0.22976	0.2334	0.86485
0.37704	0.51292	0.37343	0.80558	0.70472	0.48872	0.20936	0.41435	0.44752	0.31169	0.30949	0.26545	0.20582	0.23625	0.81041
0.38637	0.51812	0.4151	0.82291	0.70235	0.47441	0.22543	0.40017	0.45231	0.33098	0.29131	0.25666	0.21228	0.24097	0.87801
0.36627	0.48469	0.39895	0.80896	0.70003	0.5102	0.23984	0.41069	0.45242	0.30909	0.30498	0.27368	0.21543	0.23467	0.87884
0.35722	0.50851	0.40943	0.83899	0.69763	0.47829	0.21982	0.41334	0.48249	0.33086	0.2969	0.275	0.22648	0.23187	0.88396
0.371	0.52582	0.39386	0.78137	0.71772	0.49489	0.21284	0.39258	0.43947	0.30004	0.30342	0.25719	0.22046	0.23171	0.86533
0.36587	0.48017	0.40411	0.83217	0.70332	0.48243	0.20808	0.38638	0.43629	0.31703	0.31603	0.22904	0.22733	0.24354	0.90397
0.36971	0.51653	0.39919	0.80591	0.70858	0.47396	0.20934	0.38366	0.45729	0.30396	0.31036	0.25571	0.21497	0.22745	0.91155
0.35994	0.49841	0.40258	0.82511	0.72054	0.50192	0.21226	0.41121	0.43192	0.31211	0.32318	0.2454	0.21796	0.24569	0.89402
0.35684	0.49002	0.39316	0.7988	0.71434	0.50162	0.2337	0.4105	0.46696	0.30988	0.29305	0.26082	0.21881	0.22816	0.84573
0.36016	0.47446	0.38354	0.81106	0.68989	0.47964	0.22286	0.4001	0.44654	0.29708	0.30229	0.24726	0.21261	0.22843	0.83865
0.38389	0.50729	0.39974	0.79079	0.70663	0.51375	0.25295	0.42494	0.43011	0.325	0.29774	0.23737	0.20867	0.25131	0.88718
0.37164	0.49234	0.39249	0.84821	0.71868	0.48361	0.21657	0.37003	0.44212	0.32599	0.28033	0.23793	0.20185	0.23748	0.87784
0.35695	0.51948	0.38393	0.80409	0.71895	0.51324	0.2241	0.40404	0.4649	0.32235	0.32729	0.24782	0.23416	0.22177	0.85747
0.35899	0.4956	0.38907	0.76107	0.72486	0.48968	0.21467	0.39338	0.45989	0.31937	0.30243	0.25398	0.22412	0.22215	0.87833
0.34478	0.50375	0.40897	0.80389	0.70232	0.49628	0.22727	0.40045	0.43849	0.32372	0.28605	0.2444	0.20624	0.24439	0.87531
0.35776	0.49955	0.39777	0.81984	0.69894	0.50615	0.20534	0.39933	0.44092	0.30386	0.2998	0.23847	0.21558	0.23602	0.90584
0.347	0.503	0.37357	0.7782	0.7021	0.46565	0.2216	0.40713	0.45215	0.31639	0.31369	0.25802	0.21403	0.22793	0.88127
0.3673	0.49204	0.37781	0.79608	0.72312	0.48635	0.21972	0.41722	0.42451	0.3037	0.31765	0.25085	0.24106	0.25248	0.87345
0.3723	0.49935	0.39801	0.79967	0.69828	0.49134	0.22139	0.41235	0.47856	0.31455	0.29385	0.27386	0.21744	0.23492	0.85849
0.37966	0.48904	0.4061	0.81956	0.71533	0.48944	0.21796	0.41635	0.46178	0.31242	0.2834	0.25036	0.21049	0.23936	0.93589
0.36563	0.50083	0.39175	0.79686	0.70632	0.46192	0.2178	0.38438	0.45811	0.31025	0.32211	0.26692	0.21289	0.24019	0.87415
0.35786	0.4737	0.37954	0.80757	0.7042	0.4851	0.2092	0.39774	0.47104	0.31327	0.29989	0.26737	0.20876	0.25475	0.88298
0.34596	0.48508	0.38697	0.83264	0.69885	0.48636	0.20762	0.40302	0.4538	0.31643	0.30267	0.24621	0.22069	0.25303	0.82566
0.35745	0.51245	0.39029	0.81659	0.70147	0.50772	0.21859	0.41078	0.47076	0.31585	0.29859	0.25099	0.22839	0.23321	0.90826
0.36405	0.51651	0.40039	0.82929	0.68941	0.47846	0.23065	0.38899	0.4293	0.3097	0.2829	0.24378	0.2029	0.22458	0.81311
0.37619	0.50657	0.3997	0.80845	0.70558	0.47192	0.21243	0.42632	0.45449	0.2861	0.28608	0.23779	0.21593	0.22698	0.8612
0.36739	0.48841	0.40104	0.80264	0.70647	0.46379	0.22669	0.40413	0.44642	0.29627	0.29538	0.23831	0.20702	0.25174	0.81273
0.36688	0.51827	0.41743	0.81113	0.71345	0.45214	0.21952	0.40464	0.46942	0.28746	0.2889	0.23767	0.21226	0.24344	0.89906
0.35653	0.47242	0.39358	0.82004	0.70997	0.52529	0.22876	0.39695	0.45894	0.33613	0.28682	0.24675	0.23122	0.25041	0.84097
0.37363	0.47511	0.39286	0.81877	0.71185	0.48033	0.21545	0.41412	0.45777	0.32198	0.26805	0.2514	0.20555	0.22873	0.89488
0.37409	0.50754	0.39621	0.81588	0.71141	0.45942	0.21209	0.39602	0.45542	0.28401	0.30848	0.26841	0.20483	0.25058	0.87902
0.38611	0.49507	0.40831	0.82515	0.71692	0.50736	0.21876	0.37517	0.44934	0.30477	0.29549	0.24718	0.22421	0.23801	0.89987
0.35193	0.49843	0.39506	0.82495	0.71462	0.47399	0.21968	0.41051	0.44033	0.31309	0.29501	0.25444	0.21118	0.24179	0.90773
0.36422	0.49378	0.3668	0.83467	0.7048	0.48547	0.19497	0.39967	0.45763	0.34044	0.29955	0.25796	0.20885	0.26543	0.88969
0.35976	0.49579	0.40805	0.8256	0.69064	0.481	0.21344	0.4178	0.4565	0.30459	0.29551	0.26499	0.20142	0.24705	0.86695
0.34407	0.50251	0.39627	0.84562	0.71738	0.52015	0.20391	0.43219	0.44132	0.28611	0.30058	0.2458	0.20995	0.26364	0.86996
0.34784	0.48759	0.40439	0.84451	0.71268	0.48326	0.21464	0.39345	0.45089	0.31078	0.31597	0.24903	0.20531	0.24309	0.82784
0.35329	0.49102	0.38128	0.82867	0.69786	0.45637	0.21723	0.4058	0.44631	0.30115	0.30263	0.2424	0.22287	0.22619	0.87759
0.35691	0.5142	0.39059	0.81773	0.71497	0.47228	0.21013	0.43362	0.43979	0.29325	0.29462	0.25561	0.22639	0.2518	0.80856
0.36603	0.52024	0.39226	0.82388	0.71734	0.47595	0.22673	0.39637	0.43177	0.31125	0.3171	0.26506	0.21329	0.24366	0.85042
0.33223	0.49263	0.39354	0.78729	0.69224	0.5144	0.2233	0.40747	0.4476	0.32837	0.28582	0.25577	0.20265	0.24426	0.91076
0.36299	0.49982	0.38166	0.81756	0.71642	0.47225	0.22933	0.43264	0.46187	0.31383	0.28433	0.26242	0.21094	0.23865	0.83431
0.34045	0.4937	0.39322	0.80651	0.69953	0.47314	0.22846	0.39109	0.47132	0.29474	0.25472	0.24572	0.2029	0.23747	0.81209
0.36241	0.5001	0.35997	0.81408	0.71456	0.47459	0.22819	0.37544	0.44867	0.27637	0.25985	0.2329	0.21336	0.22989	0.85733
0.33784	0.50785	0.40497	0.83028	0.71172	0.47841	0.20661	0.39666	0.45297	0.31074	0.27695	0.2339	0.20957	0.22541	0.88833
0.3694	0.50116	0.37306	0.80743	0.71331	0.45791	0.1979	0.4068	0.44766	0.3321	0.28314	0.23521	0.21712	0.22482	0.87563
0.35127	0.48795	0.38922	0.78921	0.70469	0.46755	0.2328	0.41046	0.43988	0.29965	0.29944	0.24429	0.21407	0.23786	0.87472
0.34615	0.48332	0.39044	0.81642	0.70817	0.45464	0.21242	0.39417	0.43221	0.32058	0.27397	0.26329	0.20227	0.22357	0.84046
0.35644	0.48116	0.39028	0.79425	0.71293	0.47472	0.24703	0.40848	0.43685	0.29548	0.27748	0.26927	0.21616	0.23012	0.97315
0.35863	0.50185	0.37308	0.81737	0.70387	0.50368	0.21549	0.39368	0.45087	0.32801	0.27269	0.24879	0.20174	0.22274	0.86009
0.34922	0.52662	0.38294	0.7997	0.70391	0.47017	0.22747	0.4011	0.44387	0.33378	0.28912	0.25379	0.21807	0.24036	0.87369
0.36221	0.50613	0.36675	0.81611	0.70946	0.47004	0.21582	0.41581	0.45031	0.32729	0.27858	0.23473	0.21302	0.23098	0.8884
0.33758	0.4988	0.39752	0.84441	0.71462	0.48505	0.2321	0.4106	0.44253	0.29529	0.27857	0.23293	0.19685	0.22472	0.89049
0.349	0.48146	0.38294	0.82572	0.70524	0.49347	0.23607	0.4075	0.46994	0.32273	0.30307	0.23093	0.20571	0.23617	0.91158
0.3337	0.49205	0.37606	0.84574	0.71682	0.48238	0.23567	0.4019	0.45716	0.30135	0.30363	0.27456	0.20262	0.23993	0.88537
0.33926	0.50582	0.37463	0.80048	0.70811	0.47664	0.20072	0.41199	0.47232	0.32027	0.28047	0.23859	0.20008	0.22797	0.94458
0.35278	0.50239	0.39586	0.80247	0.71616	0.45487	0.21137	0.42026	0.46222	0.27706	0.28507	0.26324	0.20258	0.23037	0.82512
0.355	0.48665	0.38799	0.81518	0.69972	0.48732	0.21749	0.40482	0.45182	0.30376	0.28348	0.22333	0.20645	0.20515	0.87922
0.35012	0.47161	0.37235	0.8293	0.70609	0.4934	0.2237	0.40806	0.44741	0.30226	0.27693	0.2323	0.22088	0.22684	0.87957
0.35202	0.47307	0.37829	0.82337	0.70934	0.47195	0.23358	0.41152	0.45635	0.29316	0.28666	0.24698	0.20208	0.23923	0.86863
0.34805	0.50056	0.36108	0.8113	0.71938	0.45456	0.22769	0.42425	0.45894	0.30557	0.26836	0.25937	0.20914	0.2225	0.83852
0.33925	0.51227	0.37159	0.79731	0.70846	0.47148	0.22056	0.40996	0.46483	0.29928	0.29333	0.23679	0.19288	0.22755	0.86351
0.35761	0.4851	0.37282	0.82352	0.70133	0.48417	0.2233	0.40436	0.43704	0.30129	0.28815	0.25003	0.19571	0.23084	0.87853
0.35213	0.48643	0.40433	0.7953	0.70975	0.47627	0.19538	0.38503	0.45108	0.30498	0.28138	0.23473	0.20336	0.22879	0.87649
0.33988	0.49266	0.37814	0.83435	0.70807	0.47074	0.20175	0.39749	0.45271	0.29795	0.28617	0.25939	0.22767	0.2421	0.89189
0.33853	0.50556	0.39628	0.78626	0.70446	0.48267	0.22613	0.40607	0.45299	0.30692	0.27991	0.23257	0.20548	0.21524	0.81517
0.35642	0.46542	0.37775	0.82658	0.72893	0.46174	0.21167	0.3944	0.44373	0.30204	0.30518	0.24574	0.19796	0.24477	0.90481
0.33941	0.48614	0.3845	0.79841	0.7268	0.45941	0.24083	0.39879	0.45434	0.29945	0.27217	0.26738	0.205	0.23488	0.90111
0.33503	0.51131	0.38103	0.78765	0.6842	0.48053	0.21755	0.40693	0.46849	0.30841	0.27213	0.23827	0.21703	0.22439	0.86977
0.348	0.48783	0.35134	0.79219	0.69856	0.48683	0.22364	0.40207	0.43811	0.29843	0.29535	0.23014	0.21624	0.21765	0.89715
0.36305	0.50735	0.35557	0.85275	0.70733	0.49014	0.21526	0.40392	0.45166	0.30361	0.27571	0.25015	0.21171	0.24417	0.85319
0.36361	0.50614	0.37829	0.82075	0.69775	0.48239	0.20869	0.41284	0.44501	0.31035	0.2943	0.22065	0.20054	0.2316	0.88007
0.33652	0.46677	0.39725	0.816	0.70859	0.49296	0.20626	0.39749	0.43573	0.29172	0.29383	0.24277	0.20717	0.21871	0.90182
0.35814	0.49663	0.37401	0.79518	0.70801	0.481	0.2188	0.39953	0.4337	0.30694	0.29351	0.25148	0.21443	0.22976	1.12464
0.3523	0.49144	0.37039	0.82497	0.70645	0.46928	0.21921	0.41452	0.41904	0.2954	0.27663	0.2269	0.20122	0.24363	0.87686
0.32786	0.49994	0.37157	0.76074	0.69616	0.46428	0.2201	0.39637	0.46757	0.3141	0.28683	0.24895	0.20696	0.21486	0.90806
0.32268	0.49208	0.38266	0.79124	0.70866	0.47482	0.20559	0.4069	0.44756	0.29696	0.29014	0.24288	0.20414	0.23742	0.83816
0.36942	0.49519	0.38936	0.7899	0.69652	0.47023	0.22003	0.42665	0.46684	0.28622	0.27825	0.24614	0.19098	0.21033	0.88764
0.35429	0.49566	0.37054	0.82541	0.70517	0.4631	0.21344	0.39817	0.43953	0.29453	0.29693	0.2275	0.18766	0.22684	0.94349
0.35085	0.49765	0.37013	0.78913	0.70163	0.49903	0.21196	0.38881	0.46607	0.30019	0.27457	0.25956	0.22177	0.23017	0.90078
0.34557	0.49648	0.38541	0.82302	0.70334	0.47101	0.22781	0.40276	0.47035	0.30045	0.30489	0.25022	0.21777	0.2418	0.81759
0.35065	0.50689	0.39087	0.7845	0.71254	0.46729	0.2215	0.38779	0.46497	0.3257	0.26994	0.2366	0.19143	0.21493	0.87515
0.3584	0.49144	0.39702	0.80697	0.69209	0.47471	0.18796	0.39022	0.46223	0.30669	0.27644	0.23174	0.2222	0.23029	0.8615
0.37393	0.50906	0.40226	0.82487	0.70404	0.46636	0.21927	0.40146	0.45898	0.28911	0.29252	0.24528	0.19197	0.23609	0.86279
0.33494	0.48565	0.37535	0.82878	0.7029	0.45945	0.21586	0.40621	0.43069	0.30219	0.29391	0.25795	0.21579	0.23795	0.9266
0.33099	0.51933	0.40255	0.76718	0.69758	0.43791	0.21639	0.40454	0.44412	0.32296	0.28682	0.27642	0.21222	0.2262	0.87724
0.3353	0.53529	0.38499	0.79564	0.71359	0.47724	0.21783	0.40524	0.4529	0.29817	0.27031	0.25578	0.20579	0.22521	0.92664
0.35714	0.51691	0.37478	0.80325	0.71686	0.47926	0.20348	0.41545	0.4413	0.26815	0.27591	0.23904	0.20722	0.22288	0.87616
0.35599	0.48112	0.3481	0.80919	0.70071	0.48931	0.21993	0.38213	0.46043	0.30629	0.28649	0.26176	0.21381	0.22197	0.86272
0.35217	0.50514	0.40246	0.80961	0.70754	0.4511	0.18879	0.3966	0.44293	0.31478	0.27627	0.22845	0.19552	0.24443	0.82713
0.35406	0.48455	0.38677	0.81354	0.72741	0.45969	0.20349	0.4183	0.45815	0.31062	0.27735	0.25384	0.20489	0.25207	0.81572
0.33597	0.4806	0.36839	0.77541	0.71383	0.46785	0.20832	0.40749	0.44801	0.31071	0.30369	0.2389	0.21367	0.24386	0.91978
0.3185	0.46567	0.39769	0.82325	0.73043	0.48373	0.2112	0.40272	0.43734	0.31828	0.27605	0.25726	0.20752	0.219	0.88576
0.34677	0.50651	0.38202	0.80446	0.70624	0.45683	0.20379	0.40654	0.43682	0.30577	0.3048	0.23865	0.19526	0.21684	0.86931
0.32153	0.49397	0.39258	0.82655	0.71958	0.46942	0.21917	0.38519	0.44399	0.29175	0.30497	0.2438	0.21723	0.23543	0.86543
0.34237	0.5027	0.37588	0.81556	0.70416	0.47613	0.20531	0.4026	0.44103	0.29781	0.27662	0.25596	0.18578	0.21823	0.88668
0.34507	0.50573	0.37154	0.85282	0.70043	0.49809	0.21497	0.40556	0.46135	0.32472	0.27567	0.22626	0.20426	0.22263	0.89026
0.33963	0.49114	0.38226	0.76619	0.70655	0.46484	0.21233	0.39755	0.45378	0.30739	0.27158	0.25774	0.1964	0.20478	0.85617
0.35532	0.48787	0.38294	0.81313	0.6998	0.47267	0.21459	0.39945	0.44609	0.28957	0.26638	0.25482	0.20999	0.22594	0.85647
0.35288	0.48346	0.36444	0.81275	0.69815	0.47953	0.22226	0.38482	0.44062	0.29976	0.2929	0.24802	0.20068	0.21611	0.87809
0.34589	0.50271	0.37559	0.82722	0.69882	0.46816	0.20285	0.39595	0.4645	0.31056	0.28311	0.24831	0.20834	0.20745	0.89422
0.33856	0.51376	0.36316	0.83604	0.72849	0.48227	0.22288	0.41541	0.42353	0.3008	0.26468	0.23916	0.19747	0.20759	0.89381
0.3369	0.50553	0.40168	0.8103	0.70908	0.45006	0.20213	0.40688	0.44917	0.2912	0.30912	0.25444	0.20304	0.23068	0.86351
0.35336	0.48511	0.39066	0.7609	0.70453	0.45525	0.18047	0.38682	0.4455	0.28234	0.26557	0.21441	0.21552	0.24417	0.7979
0.34317	0.48379	0.38296	0.82174	0.71252	0.49257	0.22254	0.38423	0.44085	0.30591	0.27734	0.26606	0.20429	0.22684	0.82171
0.31836	0.48697	0.37943	0.81668	0.70482	0.4513	0.23957	0.40165	0.4456	0.315	0.2789	0.2308	0.19744	0.25739	0.83277
0.3421	0.50193	0.38651	0.81362	0.71538	0.48617	0.2089	0.39312	0.46226	0.30685	0.28825	0.24207	0.20815	0.21576	0.87807
0.32909	0.5034	0.34957	0.8201	0.71773	0.47044	0.23601	0.42025	0.44376	0.30551	0.28117	0.26208	0.20996	0.23001	0.86898
0.33343	0.50325	0.34633	0.82442	0.69794	0.45036	0.22386	0.40916	0.44557	0.30826	0.28209	0.23823	0.20637	0.2179	0.85487
0.34976	0.49466	0.39409	0.80948	0.71155	0.46921	0.20479	0.40444	0.46127	0.30339	0.25324	0.24315	0.21781	0.21573	0.86558
0.34258	0.50255	0.37662	0.80129	0.71037	0.45867	0.23223	0.40884	0.43477	0.30613	0.28351	0.25962	0.19991	0.22577	0.9112
0.35629	0.49878	0.3802	0.80674	0.70133	0.47635	0.19508	0.38416	0.46265	0.31599	0.26591	0.2318	0.19324	0.22267	0.83243
0.3442	0.49236	0.38438	0.82614	0.69944	0.46236	0.214	0.37984	0.45257	0.29212	0.28601	0.24305	0.21251	0.25925	0.90603
0.3442	0.4983	0.36018	0.77532	0.70645	0.45563	0.20591	0.414	0.46104	0.31735	0.29457	0.23907	0.20804	0.22018	1.01142
0.34772	0.49057	0.38233	0.83933	0.69986	0.48743	0.21399	0.40457	0.46055	0.29379	0.2869	0.24792	0.21822	0.24004	0.90009
0.36438	0.50766	0.38461	0.78325	0.70513	0.48744	0.2086	0.41313	0.43623	0.30432	0.29103	0.23199	0.2049	0.23787	0.89835
0.33488	0.48896	0.38453	0.82696	0.71484	0.46827	0.21792	0.39762	0.4466	0.30397	0.2743	0.26297	0.19864	0.21405	0.86392
0.36306	0.49504	0.38494	0.81423	0.71859	0.46789	0.21336	0.3947	0.4594	0.30685	0.2809	0.23345	0.19744	0.21383	0.8813
0.35525	0.49413	0.38648	0.83931	0.70125	0.45439	0.20008	0.40617	0.45331	0.30922	0.2724	0.26267	0.19364	0.19589	0.88394
0.36715	0.50017	0.38984	0.82682	0.69942	0.47679	0.22915	0.39999	0.45938	0.29626	0.28091	0.23259	0.21346	0.23337	0.87744
0.34906	0.52269	0.39095	0.8336	0.70945	0.4322	0.22782	0.41518	0.44991	0.29615	0.29112	0.25026	0.21119	0.22132	0.92202
0.33165	0.4962	0.39921	0.81743	0.71231	0.45277	0.20332	0.40156	0.44036	0.30232	0.28352	0.25382	0.1969	0.21576	0.84475
0.33522	0.49292	0.38776	0.79223	0.71063	0.48193	0.21236	0.39352	0.4487	0.2873	0.25033	0.24314	0.21913	0.22482	0.95995
0.37859	0.51249	0.37241	0.82675	0.70784	0.4757	0.22473	0.41776	0.44912	0.31012	0.29775	0.24581	0.20723	0.21991	0.87974
0.32343	0.49306	0.37344	0.82549	0.70038	0.4666	0.21549	0.39403	0.45312	0.28799	0.25651	0.24026	0.21427	0.21412	0.8668
0.34628	0.47598	0.36557	0.79787	0.70236	0.46769	0.21424	0.39688	0.44638	0.30012	0.27066	0.22071	0.19269	0.23282	0.83209
0.35735	0.50935	0.37853	0.83043	0.72142	0.47343	0.2085	0.3993	0.43842	0.27317	0.28071	0.24001	0.19853	0.21026	0.84703
0.35057	0.50481	0.3686	0.80524	0.72257	0.47229	0.20135	0.41103	0.44782	0.31422	0.27415	0.23751	0.19722	0.23517	0.92625
0.36325	0.50172	0.37853	0.81113	0.69457	0.46831	0.22026	0.40926	0.46773	0.28294	0.25816	0.23902	0.22259	0.20175	0.87788
0.35722	0.47606	0.38242	0.81399	0.72477	0.48748	0.20426	0.40781	0.45975	0.27985	0.27593	0.25184	0.19664	0.22144	0.88144
0.3512	0.49491	0.38185	0.81538	0.70813	0.47611	0.20701	0.40247	0.44023	0.31111	0.27374	0.22757	0.21401	0.22147	0.86672
0.35528	0.49389	0.34262	0.83183	0.70198	0.45612	0.21518	0.40539	0.4759	0.29562	0.27565	0.23148	0.21004	0.22276	0.89337
0.33761	0.51894	0.37581	0.8104	0.70359	0.46402	0.21178	0.38815	0.46407	0.27645	0.29662	0.24814	0.18637	0.22595	0.92157
0.36756	0.49289	0.37062	0.8313	0.69756	0.45371	0.2332	0.40055	0.45833	0.28561	0.26427	0.24261	0.21798	0.23305	0.88413
0.33284	0.49613	0.37866	0.80375	0.70805	0.4558	0.22978	0.40559	0.44404	0.27663	0.2782	0.22702	0.20242	0.23209	0.9143
0.34413	0.49222	0.37173	0.84265	0.71733	0.47771	0.21743	0.39452	0.45179	0.29371	0.26704	0.23421	0.20205	0.22418	0.91337
0.34359	0.48602	0.37109	0.83879	0.71626	0.44891	0.21396	0.3925	0.45869	0.31669	0.27213	0.22893	0.19271	0.23603	0.90852
0.3508	0.48161	0.36311	0.84529	0.71151	0.49787	0.21374	0.42426	0.44899	0.28784	0.2695	0.24798	0.20038	0.20799	0.81909
0.34538	0.47182	0.36791	0.80583	0.71074	0.46101	0.22958	0.40588	0.45448	0.29896	0.26719	0.22453	0.21092	0.22895	0.86879
0.33089	0.47035	0.38749	0.84609	0.69819	0.46307	0.22529	0.40195	0.45415	0.28606	0.2682	0.26732	0.21709	0.21544	0.83627
0.34175	0.48376	0.38333	0.8187	0.70585	0.47226	0.22037	0.39847	0.45161	0.29558	0.2819	0.23398	0.19601	0.24618	0.88042
0.36229	0.47823	0.38517	0.82526	0.71358	0.48346	0.22122	0.41981	0.44103	0.27637	0.26757	0.25966	0.19933	0.22245	0.8865
0.32766	0.47788	0.37716	0.8189	0.70617	0.47664	0.23361	0.39763	0.45372	0.29891	0.28887	0.2696	0.21196	0.22364	0.8549
0.35422	0.50303	0.36276	0.83878	0.71462	0.46579	0.2197	0.402	0.46452	0.31308	0.23739	0.2681	0.20021	0.21251	0.87298
0.3372	0.52652	0.38135	0.83164	0.7165	0.504	0.20342	0.37852	0.43453	0.27382	0.27182	0.22969	0.18558	0.22434	0.92507
0.34702	0.51316	0.37408	0.78851	0.68253	0.47335	0.21929	0.3999	0.45851	0.29423	0.29985	0.24499	0.18962	0.21598	0.89718
0.35833	0.49601	0.38342	0.82811	0.71602	0.48284	0.2122	0.38928	0.45404	0.29431	0.28526	0.24967	0.20565	0.23157	0.8617
0.3418	0.49364	0.3866	0.85191	0.72113	0.46576	0.20594	0.38454	0.45014	0.27696	0.28792	0.22689	0.19915	0.23669	0.88457
0.33435	0.49026	0.37217	0.81686	0.71043	0.45447	0.20617	0.40027	0.44576	0.28822	0.26633	0.25036	0.19974	0.22931	0.87355
0.3472	0.52335	0.36077	0.80641	0.71094	0.4609	0.21206	0.39292	0.46056	0.30443	0.25987	0.24275	0.18568	0.2356	0.87622
0.37253	0.50113	0.3952	0.81119	0.71356	0.48269	0.20401	0.41286	0.45603	0.29977	0.30234	0.25076	0.20317	0.23053	0.89659
0.33801	0.48297	0.37321	0.78957	0.71113	0.47641	0.20718	0.42042	0.44996	0.28769	0.28757	0.23294	0.19031	0.23038	0.89733
0.34687	0.50393	0.35889	0.83228	0.69823	0.4735	0.2158	0.41745	0.45413	0.29529	0.25372	0.23375	0.21453	0.21871	0.87284
0.35096	0.49329	0.39083	0.80001	0.70788	0.45877	0.21001	0.38038	0.45537	0.28663	0.26832	0.24567	0.19108	0.20316	0.8689
0.3666	0.48367	0.36311	0.84973	0.69813	0.4502	0.2051	0.41262	0.46509	0.30066	0.28261	0.22527	0.20009	0.22436	0.82807
0.34518	0.48161	0.38455	0.81652	0.71107	0.4569	0.20607	0.40347	0.45	0.27471	0.26548	0.24399	0.21519	0.22426	0.86732
0.32231	0.49551	0.37457	0.8029	0.72693	0.45826	0.21055	0.41352	0.45945	0.29418	0.25662	0.2449	0.20707	0.21316	0.86553
0.35573	0.4824	0.37824	0.84028	0.71711	0.49366	0.20315	0.41029	0.44912	0.27456	0.27764	0.23877	0.20129	0.22763	0.81091
0.35198	0.51267	0.36581	0.82265	0.70373	0.45072	0.22346	0.37527	0.4551	0.28858	0.28803	0.24435	0.203	0.21119	0.88338
0.33483	0.49318	0.36397	0.79346	0.7057	0.45688	0.20057	0.3977	0.44885	0.29499	0.28136	0.24697	0.19751	0.21967	0.88045
0.36125	0.50962	0.38268	0.83262	0.69427	0.43768	0.22654	0.40228	0.43654	0.30259	0.27295	0.22928	0.20606	0.21581	0.81846
0.34863	0.49801	0.38115	0.83014	0.69392	0.48409	0.21078	0.40011	0.47751	0.29324	0.28246	0.25462	0.21585	0.23205	0.87672
0.33443	0.49307	0.38806	0.81788	0.70066	0.44637	0.22083	0.39776	0.41937	0.28147	0.30165	0.2489	0.21543	0.21339	0.88426
0.33618	0.49144	0.38542	0.80396	0.70723	0.45695	0.20104	0.42938	0.45196	0.30372	0.27166	0.23077	0.2016	0.23348	0.86731
0.35505	0.49077	0.37768	0.79813	0.72246	0.44639	0.21004	0.41808	0.41068	0.27821	0.27128	0.25102	0.18861	0.22451	0.86615
0.3434	0.48799	0.36753	0.81779	0.71575	0.47251	0.20438	0.43545	0.44491	0.28727	0.28057	0.22733	0.18707	0.19647	0.84935
0.34484	0.4984	0.36738	0.79899	0.71554	0.47577	0.22576	0.3912	0.45634	0.28245	0.28301	0.23506	0.19603	0.22446	0.87183
0.3329	0.49891	0.38042	0.77657	0.7016	0.49177	0.21476	0.43136	0.45242	0.27561	0.25944	0.234	0.19865	0.19805	0.91409
0.34153	0.49299	0.39313	0.81426	0.71597	0.46719	0.20795	0.39557	0.46036	0.28857	0.28415	0.22863	0.20639	0.22299	0.83624
0.34038	0.5108	0.38204	0.82075	0.7084	0.45476	0.19514	0.38855	0.42288	0.29476	0.28602	0.2527	0.1971	0.22017	0.83757
0.34304	0.4977	0.36465	0.81069	0.70261	0.45254	0.23736	0.41225	0.44435	0.28508	0.27385	0.24195	0.18837	0.21949	0.87382
0.33549	0.48898	0.37687	0.83224	0.72079	0.48426	0.20392	0.38733	0.44914	0.29503	0.2706	0.2402	0.20438	0.23336	0.87718
0.36115	0.50173	0.37122	0.79835	0.69686	0.46389	0.2241	0.41013	0.4449	0.28093	0.2875	0.23277	0.19352	0.2495	0.86575
0.35598	0.50623	0.35291	0.79665	0.71827	0.4357	0.20371	0.40592	0.46636	0.27969	0.27234	0.21907	0.19641	0.22887	0.81776
0.34283	0.51479	0.39098	0.81823	0.69331	0.47383	0.20906	0.40574	0.46739	0.30582	0.27312	0.25148	0.19412	0.221	0.81464
0.33734	0.50574	0.374	0.81513	0.71334	0.46628	0.20799	0.37985	0.45153	0.28616	0.27257	0.2452	0.17376	0.2267	0.8372
0.33697	0.49668	0.3784	0.83439	0.69475	0.47401	0.20198	0.39519	0.44987	0.28288	0.2803	0.23595	0.20134	0.20208	0.82191
0.33657	0.48519	0.36722	0.83096	0.70213	0.48453	0.19833	0.42204	0.45689	0.30615	0.25762	0.2574	0.2188	0.22284	0.86157
0.34133	0.50381	0.36212	0.8282	0.70255	0.47822	0.21298	0.39206	0.44174	0.30166	0.27761	0.21699	0.21252	0.22682	0.86579
0.33406	0.49045	0.36494	0.81713	0.70574	0.42964	0.21974	0.39994	0.4269	0.27901	0.28068	0.23022	0.20634	0.23561	0.85649
0.35602	0.49191	0.3722	0.77876	0.70068	0.45517	0.20792	0.39736	0.4211	0.29333	0.26876	0.23868	0.20767	0.19384	0.8541
0.32559	0.49077	0.37252	0.82041	0.72467	0.47769	0.21015	0.40052	0.46233	0.29394	0.27906	0.22869	0.19234	0.21297	0.88079
0.3343	0.47591	0.37468	0.82375	0.69797	0.46963	0.21784	0.38449	0.44281	0.28679	0.2638	0.24095	0.20143	0.20361	0.80249
0.33385	0.47157	0.35902	0.82425	0.69274	0.44097	0.20566	0.40719	0.43389	0.30272	0.29699	0.23715	0.2122	0.20827	0.88309
0.3663	0.49141	0.3777	0.80539	0.72245	0.45736	0.20361	0.40724	0.46873	0.31127	0.30767	0.22244	0.21405	0.22485	0.80285
0.34598	0.48764	0.39337	0.82829	0.7154	0.43509	0.20399	0.37794	0.45377	0.27358	0.28041	0.20543	0.1977	0.217	0.88179
0.34247	0.48599	0.34472	0.82047	0.71308	0.48494	0.21063	0.40319	0.43861	0.29917	0.28802	0.23403	0.20541	0.19745	0.93132
0.34535	0.47877	0.36591	0.8163	0.69969	0.46493	0.20484	0.40254	0.45563	0.28441	0.26625	0.23422	0.19393	0.22318	0.95842
0.31831	0.49953	0.37967	0.81723	0.71825	0.44149	0.19162	0.41577	0.46147	0.2934	0.29361	0.25408	0.21603	0.20332	0.92202
0.33215	0.48532	0.37824	0.81581	0.70225	0.47121	0.23127	0.3985	0.4581	0.28127	0.2598	0.23552	0.20481	0.22885	0.8573
0.33746	0.49624	0.36918	0.81853	0.71051	0.4571	0.22282	0.40146	0.43617	0.29625	0.28085	0.23698	0.18722	0.22857	0.90844
0.33146	0.51207	0.35032	0.79117	0.7222	0.44518	0.21367	0.43371	0.47293	0.29039	0.26974	0.22038	0.20242	0.20494	0.84501
0.34449	0.51683	0.36643	0.80061	0.71519	0.42533	0.21419	0.40721	0.46972	0.2952	0.25656	0.24266	0.18952	0.21872	0.80723
0.33129	0.49094	0.37507	0.82456	0.71021	0.47706	0.21667	0.4012	0.45782	0.28968	0.27623	0.22835	0.1976	0.20153	0.87978
0.3627	0.48193	0.36883	0.82149	0.69537	0.45214	0.21352	0.41035	0.45356	0.29082	0.26928	0.23679	0.20708	0.21617	0.86909
0.34946	0.48416	0.38564	0.83203	0.71393	0.4652	0.18339	0.39543	0.46264	0.31326	0.28389	0.23808	0.1968	0.22119	0.91274
0.34439	0.49714	0.40098	0.83012	0.6973	0.47226	0.20496	0.40964	0.45573	0.28765	0.30254	0.22885	0.19796	0.21961	0.89642
0.35125	0.48909	0.39641	0.82162	0.71741	0.45762	0.20053	0.41791	0.43621	0.2874	0.26499	0.22767	0.20563	0.2222	0.88454
0.35191	0.48441	0.38782	0.81301	0.71236	0.48105	0.19561	0.39268	0.46424	0.2923	0.26888	0.25193	0.21737	0.22534	0.87976
0.33461	0.48761	0.36292	0.78281	0.70607	0.45032	0.21186	0.41267	0.44621	0.28277	0.2809	0.2468	0.19172	0.23126	0.88815
0.34535	0.47243	0.35943	0.82642	0.69589	0.45922	0.2224	0.39873	0.42717	0.2979	0.28216	0.2189	0.20614	0.19077	0.80585
0.34154	0.49717	0.37575	0.80871	0.69361	0.45626	0.19855	0.43086	0.44562	0.29837	0.27223	0.26266	0.20689	0.21186	0.85483
0.34791	0.49149	0.36795	0.84096	0.70008	0.45616	0.22403	0.3891	0.43858	0.29818	0.26881	0.24575	0.22205	0.22872	0.87637
0.36656	0.48361	0.38046	0.81231	0.7124	0.47279	0.2165	0.4083	0.46111	0.27743	0.27138	0.24547	0.19795	0.20369	0.84952
0.33642	0.4842	0.37428	0.81808	0.70688	0.44537	0.20856	0.40035	0.46193	0.27586	0.26456	0.24117	0.18768	0.23501	0.86543
0.33133	0.47777	0.35687	0.84332	0.71076	0.46295	0.212	0.40736	0.46734	0.2785	0.25857	0.2429	0.1909	0.21851	0.887
0.34373	0.50722	0.37168	0.76119	0.71638	0.45079	0.19356	0.40826	0.45463	0.30226	0.28002	0.21411	0.19153	0.24189	0.86762
0.34678	0.49887	0.36964	0.83187	0.71156	0.43353	0.19038	0.40975	0.44369	0.28739	0.26375	0.21925	0.19336	0.21478	0.88528
0.32761	0.49142	0.34243	0.84222	0.7044	0.44557	0.21269	0.41291	0.45771	0.29675	0.2752	0.24633	0.18835	0.21114	0.88452
0.3435	0.4896	0.38807	0.84025	0.71227	0.45059	0.20171	0.41052	0.44777	0.27424	0.26045	0.23021	0.21037	0.21816	0.87411
0.33525	0.49769	0.36554	0.82647	0.7078	0.46173	0.2029	0.38942	0.46839	0.27708	0.27307	0.23038	0.19948	0.2196	0.89076
0.32938	0.48402	0.35575	0.81127	0.71521	0.44548	0.21177	0.39797	0.46761	0.28254	0.25427	0.24746	0.2069	0.23833	0.83666
0.33912	0.49952	0.36715	0.80831	0.70952	0.4482	0.20773	0.40235	0.4551	0.29354	0.28802	0.23108	0.20732	0.1998	0.8684
0.33087	0.51076	0.38547	0.85671	0.70939	0.43232	0.21465	0.41179	0.44982	0.29497	0.26762	0.21862	0.20736	0.21419	0.88072
0.33919	0.49695	0.36843	0.79259	0.70782	0.45363	0.21469	0.3952	0.4572	0.28678	0.27577	0.25027	0.19278	0.20515	0.87915
0.35981	0.48834	0.37521	0.81177	0.69851	0.45969	0.19551	0.42006	0.45441	0.25506	0.27002	0.23845	0.19834	0.25109	0.87132
0.31402	0.50401	0.35906	0.80127	0.71819	0.45877	0.21017	0.39093	0.44274	0.28364	0.28182	0.2408	0.20962	0.22764	0.83609
0.33964	0.48551	0.37291	0.77427	0.72052	0.43201	0.20775	0.39406	0.45445	0.29572	0.29309	0.24212	0.19459	0.2259	0.8591
0.35377	0.47676	0.36934	0.81998	0.71738	0.46533	0.19858	0.3967	0.45447	0.29613	0.29363	0.22838	0.20822	0.22628	0.88331
0.34983	0.47053	0.37807	0.82924	0.69596	0.46234	0.19317	0.39545	0.45342	0.28396	0.28632	0.22717	0.21883	0.23912	0.87844
0.32691	0.49482	0.36853	0.805	0.70777	0.46186	0.20171	0.39621	0.46851	0.2837	0.29443	0.22267	0.18936	0.22417	0.86137
0.34185	0.49073	0.34991	0.80635	0.71176	0.43428	0.21294	0.41964	0.43646	0.28594	0.27791	0.23699	0.20052	0.21956	0.86576
0.34543	0.4984	0.36039	0.83255	0.70226	0.45298	0.22179	0.38967	0.4421	0.29182	0.26127	0.23788	0.21187	0.21609	0.82322
0.3401	0.48406	0.36626	0.85433	0.70816	0.45036	0.20718	0.40977	0.41406	0.28637	0.2676	0.21477	0.18747	0.21894	0.89663
0.35356	0.48029	0.36787	0.8165	0.68534	0.45068	0.21038	0.41794	0.47362	0.27193	0.26612	0.23066	0.20937	0.23143	0.90124
0.33009	0.50021	0.36626	0.83193	0.70603	0.41955	0.21606	0.40366	0.4552	0.29582	0.25895	0.23947	0.19262	0.22164	0.86969
0.34086	0.50211	0.36911	0.833	0.71038	0.46049	0.21757	0.39536	0.44973	0.29526	0.28507	0.22854	0.20342	0.2216	0.90099
0.32307	0.48225	0.39987	0.78064	0.71297	0.47925	0.21815	0.405	0.44883	0.25966	0.28492	0.22138	0.19009	0.21764	0.86738
0.32329	0.49903	0.36578	0.8173	0.7027	0.44513	0.19981	0.3953	0.44604	0.2874	0.27801	0.22927	0.18132	0.23173	0.84439
0.32268	0.47187	0.39174	0.84035	0.68956	0.46775	0.2087	0.40595	0.47054	0.2845	0.27942	0.24043	0.20705	0.22935	0.95981
0.34795	0.45891	0.3806	0.80519	0.70972	0.45803	0.19802	0.39187	0.45396	0.26069	0.30219	0.24727	0.2079	0.21678	0.85825
0.33641	0.48162	0.39168	0.79818	0.72289	0.47702	0.20944	0.39814	0.43248	0.28136	0.27598	0.23594	0.18157	0.2118	0.8102
0.31091	0.48827	0.35676	0.79503	0.70877	0.46675	0.20274	0.38934	0.44523	0.27718	0.25754	0.24073	0.18942	0.23355	0.87059
0.35437	0.46481	0.35034	0.79503	0.70831	0.45749	0.21159	0.41421	0.4577	0.29733	0.2834	0.23855	0.19571	0.23293	0.89974
0.34297	0.48946	0.35959	0.77467	0.71142	0.45076	0.21007	0.40964	0.45259	0.27703	0.25726	0.24849	0.20359	0.24171	0.85001
0.34799	0.48014	0.37803	0.80001	0.68929	0.4707	0.20492	0.41233	0.44143	0.30409	0.27991	0.24801	0.19106	0.22345	0.80426
0.33441	0.49532	0.35728	0.79748	0.69759	0.47149	0.21118	0.40414	0.44497	0.27829	0.27351	0.26545	0.20084	0.22102	0.82629
0.36071	0.4794	0.35364	0.83624	0.70228	0.47379	0.22394	0.40744	0.43914	0.27153	0.26079	0.24838	0.19783	0.23329	0.86616
0.33657	0.48862	0.37635	0.83903	0.70726	0.46363	0.20527	0.40069	0.46588	0.28595	0.24939	0.24606	0.2028	0.23687	0.86675
0.32606	0.48374	0.35066	0.85613	0.70731	0.48329	0.21258	0.39735	0.44381	0.25914	0.27984	0.23943	0.19079	0.23664	0.87451
0.35938	0.47444	0.35647	0.85977	0.70456	0.46661	0.22094	0.42343	0.45323	0.28422	0.27852	0.23261	0.20873	0.22814	0.87815
0.33027	0.49307	0.35676	0.83165	0.70185	0.45192	0.20603	0.38678	0.4597	0.28108	0.25015	0.24652	0.18474	0.23466	0.83301
0.32473	0.49182	0.36909	0.84104	0.7037	0.48674	0.20569	0.38208	0.46601	0.29058	0.2656	0.23167	0.20724	0.22394	0.84983
0.32151	0.48386	0.36913	0.8341	0.71139	0.46653	0.21069	0.40628	0.45104	0.27463	0.2679	0.25044	0.20693	0.22222	0.85366
0.34443	0.48029	0.37783	0.82324	0.70978	0.4653	0.19234	0.40615	0.43872	0.28243	0.27025	0.23654	0.21012	0.21716	0.87257
0.34478	0.47976	0.36673	0.82382	0.70683	0.4643	0.20277	0.40348	0.43813	0.26824	0.25993	0.23026	0.18099	0.1947	0.8713
0.34138	0.49145	0.38292	0.84808	0.68989	0.47566	0.20298	0.40104	0.43838	0.29631	0.2575	0.25106	0.2172	0.21798	0.89159
0.35179	0.48355	0.35889	0.79287	0.71295	0.47352	0.21845	0.41204	0.46766	0.28033	0.25964	0.24857	0.21074	0.21076	0.89032
0.33385	0.46858	0.36724	0.80776	0.71083	0.46842	0.19726	0.41006	0.45858	0.28769	0.25727	0.22096	0.20294	0.21589	0.86879
0.34504	0.4877	0.36527	0.79011	0.69288	0.45259	0.20654	0.38548	0.45771	0.27509	0.26251	0.23761	0.20769	0.22093	0.88125
0.32992	0.48415	0.36126	0.83178	0.71096	0.46392	0.22092	0.41191	0.42231	0.29112	0.26961	0.25148	0.20977	0.20343	0.90134
0.3239	0.51566	0.36591	0.80956	0.71971	0.45839	0.21935	0.4058	0.43739	0.30877	0.2683	0.26886	0.20245	0.20169	0.85896
0.35994	0.51361	0.37536	0.83287	0.7192	0.44164	0.20403	0.40767	0.43918	0.29136	0.26084	0.24406	0.1934	0.2187	0.89224
0.34475	0.49215	0.36943	0.81673	0.6802	0.46962	0.21366	0.41618	0.46035	0.28762	0.27567	0.23993	0.2037	0.21191	0.82123
0.34921	0.48484	0.36942	0.78399	0.71343	0.44154	0.19882	0.40039	0.44463	0.28897	0.25134	0.22823	0.20116	0.21471	0.93316
0.35133	0.48243	0.39094	0.77336	0.70095	0.46448	0.20038	0.38001	0.47522	0.29009	0.28145	0.24353	0.18906	0.22541	0.86371
0.35143	0.48686	0.37988	0.84797	0.69824	0.46091	0.19797	0.40234	0.43121	0.30368	0.25633	0.23764	0.2145	0.22618	0.83884
0.34101	0.48275	0.36339	0.82582	0.69276	0.47567	0.20161	0.39138	0.45939	0.28356	0.2795	0.21862	0.20585	0.22037	0.87207
0.34458	0.48076	0.39351	0.78341	0.69803	0.46283	0.20421	0.39559	0.47466	0.29813	0.25673	0.23906	0.19881	0.21275	0.88777
0.36024	0.49167	0.37561	0.82547	0.70417	0.46125	0.19201	0.39469	0.4496	0.2728	0.27649	0.24825	0.18845	0.20445	0.8471
0.35115	0.50749	0.36958	0.8346	0.7134	0.46293	0.1932	0.39206	0.45263	0.28811	0.25028	0.2325	0.21082	0.21432	0.8718
0.35001	0.49687	0.36331	0.81563	0.71771	0.46819	0.1858	0.39232	0.43563	0.27342	0.26794	0.25361	0.18947	0.24934	0.83381
0.35502	0.50087	0.37269	0.844	0.71035	0.45445	0.21342	0.38593	0.46354	0.2706	0.25901	0.23949	0.19566	0.21286	0.80528
0.35485	0.48817	0.35761	0.8096	0.68916	0.44831	0.20657	0.39219	0.46306	0.26837	0.26167	0.23163	0.19754	0.21835	0.88515
0.32383	0.46614	0.37817	0.82291	0.70441	0.445	0.19747	0.41274	0.42899	0.31067	0.26379	0.22892	0.20362	0.21844	0.85045
0.34776	0.48005	0.35169	0.81374	0.72149	0.45596	0.21974	0.41008	0.43119	0.29764	0.27842	0.24215	0.20557	0.22403	0.86452
0.32917	0.48215	0.36107	0.79405	0.7105	0.45702	0.20394	0.4226	0.45121	0.29382	0.27099	0.24346	0.20803	0.2249	0.87715
0.33581	0.479	0.37572	0.78307	0.6855	0.46345	0.20376	0.41262	0.45841	0.28092	0.28151	0.23561	0.20005	0.21196	0.87158
0.35155	0.48089	0.36981	0.82666	0.7182	0.48337	0.20776	0.39667	0.46398	0.29918	0.24581	0.24994	0.20202	0.22543	0.90264
0.33362	0.4939	0.37412	0.84282	0.69921	0.49232	0.21934	0.41604	0.45702	0.30484	0.24462	0.24674	0.19586	0.2015	0.87405
0.32247	0.4846	0.35595	0.80547	0.70867	0.4774	0.19577	0.39706	0.45682	0.27873	0.27159	0.25156	0.18152	0.22229	0.83566
0.34656	0.46576	0.37422	0.7882	0.71922	0.47548	0.20675	0.37885	0.45801	0.27789	0.24596	0.25174	0.19324	0.20889	0.89025
0.351	0.49605	0.37731	0.79385	0.69399	0.47777	0.20079	0.40855	0.44277	0.26334	0.26727	0.21674	0.2094	0.22156	0.87109
0.32648	0.49463	0.37453	0.79772	0.71449	0.48743	0.24241	0.40111	0.46632	0.27104	0.27192	0.27288	0.19792	0.198	0.85395
0.33999	0.49967	0.35303	0.80737	0.71677	0.46862	0.21122	0.41962	0.45048	0.27886	0.26839	0.23554	0.18452	0.21828	0.85328
0.32679	0.50514	0.37521	0.8211	0.70096	0.46349	0.18999	0.38887	0.47305	0.31239	0.2523	0.23283	0.20304	0.22358	0.89917
0.34552	0.49328	0.38046	0.80971	0.70652	0.47954	0.2064	0.4207	0.4484	0.27894	0.2527	0.24568	0.20116	0.21796	0.89099
0.34611	0.47123	0.36045	0.8497	0.70314	0.47969	0.21244	0.39251	0.4576	0.27551	0.27361	0.23537	0.20183	0.20664	0.87704
0.35076	0.50016	0.36056	0.80135	0.71045	0.45351	0.21399	0.39919	0.44222	0.27716	0.2802	0.25769	0.22151	0.22054	0.80622
0.31746	0.48306	0.38674	0.80533	0.70551	0.47064	0.20555	0.38548	0.43969	0.284	0.25734	0.22486	0.19683	0.19775	0.89388
0.35207	0.47636	0.38729	0.81004	0.70022	0.46806	0.21363	0.41113	0.43813	0.28572	0.26819	0.2412	0.18647	0.20796	0.84788
0.35678	0.48491	0.36557	0.82459	0.71021	0.47069	0.22016	0.40121	0.46432	0.27948	0.26933	0.25717	0.20668	0.21259	0.85228
0.34353	0.49028	0.34027	0.83584	0.71381	0.47064	0.22621	0.39054	0.43804	0.31241	0.26068	0.23174	0.196	0.23189	0.87829
0.3486	0.48113	0.36594	0.81034	0.69509	0.48411	0.19889	0.3777	0.45982	0.28249	0.26827	0.24378	0.19404	0.21512	0.8601
0.3248	0.49817	0.38553	0.80332	0.71486	0.45542	0.21559	0.39114	0.44237	0.26147	0.25789	0.23198	0.20141	0.19947	0.91281
0.34429	0.49907	0.35214	0.80729	0.6977	0.46084	0.19848	0.39451	0.45994	0.27773	0.25452	0.2132	0.19075	0.22644	0.87445
0.38408	0.48732	0.37583	0.79361	0.71784	0.44174	0.22304	0.39177	0.44053	0.27838	0.27446	0.23994	0.19211	0.20938	0.85421
0.33874	0.48507	0.35662	0.81092	0.71301	0.44909	0.22264	0.39936	0.43537	0.28313	0.26746	0.23903	0.19666	0.22572	0.87386
0.31105	0.49845	0.35448	0.80604	0.70112	0.45418	0.20735	0.3689	0.45171	0.27975	0.26969	0.21303	0.2141	0.20403	0.8546
0.34333	0.48795	0.38161	0.81342	0.70548	0.45099	0.20908	0.40845	0.44218	0.28671	0.2579	0.23227	0.18857	0.20202	0.84725
0.33804	0.47303	0.35474	0.79039	0.6988	0.45201	0.19822	0.38988	0.45624	0.27454	0.27449	0.2364	0.19517	0.20284	0.86815
0.34035	0.4798	0.35421	0.78123	0.71171	0.42201	0.20777	0.38103	0.44669	0.27378	0.27385	0.23136	0.19079	0.21691	0.86929
0.33769	0.48101	0.35356	0.81495	0.71108	0.45301	0.20596	0.41204	0.43967	0.30169	0.27381	0.21408	0.21501	0.2133	0.94244
0.3342	0.4832	0.36532	0.80956	0.70186	0.43631	0.21001	0.40643	0.46402	0.26815	0.26754	0.25098	0.20392	0.21308	0.85846
0.32823	0.47945	0.37294	0.78871	0.69413	0.46942	0.20458	0.43096	0.45942	0.2943	0.27383	0.24239	0.18198	0.2091	0.88324
0.34408	0.49108	0.38577	0.79162	0.70473	0.46039	0.21707	0.4032	0.43335	0.28927	0.26789	0.22331	0.18326	0.20002	0.8555
0.3471	0.47925	0.32651	0.81849	0.7006	0.4338	0.21635	0.41814	0.45227	0.28709	0.27178	0.22236	0.19334	0.21228	0.87411
0.33031	0.47686	0.37577	0.81118	0.69355	0.45492	0.19297	0.38445	0.41763	0.27017	0.2756	0.24834	0.18799	0.21641	0.87255
