1	17.270235595703124	17.2780908203125
2	17.039324951171874	16.44553955078125
3	16.315751953125	16.05151611328125
4	15.618590087890626	15.71466552734375
5	15.6810791015625	15.36601318359375
6	15.12794677734375	14.79475830078125
7	14.597152099609374	14.369139404296876
8	14.223734130859375	14.106949462890626
9	14.20265625	13.9102392578125
10	13.825523681640625	13.8087353515625
11	13.492130126953125	13.385814208984375
12	13.4233203125	13.12845947265625
13	13.1609423828125	13.107894287109374
14	12.93337646484375	12.953236083984375
15	12.851942138671875	12.872406005859375
16	12.703525390625	12.44519287109375
17	12.244141845703124	12.292867431640625
18	12.410679931640624	12.204232177734376
19	12.168956298828125	11.995111083984375
20	12.22047119140625	12.0987646484375
21	11.9055712890625	11.939783935546876
22	11.91426025390625	11.8075830078125
23	11.6633984375	11.54270751953125
24	11.974150390625	11.42735595703125
25	11.66724853515625	11.598316650390625
26	11.49080078125	11.50495849609375
27	11.479764404296875	11.118128662109376
28	11.4162255859375	11.09317626953125
29	11.1407958984375	11.27397216796875
30	11.280870361328125	11.311925048828124
31	11.285623779296875	10.987242431640626
32	10.914190673828125	10.983350830078125
33	10.8475048828125	10.923306884765625
34	10.839068603515624	10.644163818359376
35	10.779515380859374	10.809656982421876
36	10.66023681640625	10.893133544921875
37	10.854100341796874	10.973680419921875
38	10.612686767578126	10.517137451171875
39	10.57476806640625	10.571036376953124
40	10.52939208984375	10.60915771484375
41	10.54916748046875	10.626038818359374
42	10.329951171875	10.5209130859375
43	10.555267333984375	10.357296142578125
44	10.5368359375	10.506964111328125
45	10.43826904296875	10.443370361328125
46	10.228914184570312	10.312353515625
47	10.411458740234375	10.323170166015625
48	10.183323364257813	10.276585693359374
49	10.37501708984375	10.4729150390625
50	10.25387451171875	10.378251953125
51	10.087317504882812	9.901812133789063
52	10.285595703125	10.189910888671875
53	10.129093017578125	9.916563110351563
54	9.99240966796875	9.94634521484375
55	10.092279052734375	10.128920288085938
56	9.99254638671875	10.10798095703125
57	9.9055517578125	10.044158935546875
58	9.779656982421875	10.05413818359375
59	10.071044311523437	10.064977416992187
60	10.09791259765625	10.033970947265624
61	9.800442504882813	9.99685791015625
62	9.935433349609376	9.737198486328126
63	9.807122802734375	9.7529248046875
64	9.8651171875	9.700216064453125
65	10.054476318359375	9.722235717773437
66	9.822059326171875	9.629193115234376
67	9.856561279296875	9.869537963867188
68	9.66640869140625	9.559288330078125
69	9.793701171875	9.666996459960938
70	9.611261596679688	9.683603515625
71	9.70479248046875	9.787907104492188
72	9.371392211914063	9.581883544921874
73	9.436818237304687	9.6401220703125
74	9.512261352539063	9.390172729492187
75	9.496268310546874	9.711260375976563
76	9.512987060546875	9.686007080078125
77	9.79946044921875	9.701140747070312
78	9.596393432617187	9.564844360351563
79	9.548690185546874	9.67396240234375
80	9.673193359375	9.638342895507812
81	9.502201538085938	9.503092041015625
82	9.529481201171874	9.168167114257812
83	9.659076538085937	9.392398071289062
84	9.52769287109375	9.235492553710937
85	9.44437255859375	9.465003662109375
86	9.23429443359375	9.344628295898438
87	9.39761962890625	9.407760620117188
88	9.3441650390625	9.490046997070312
89	9.424599609375	9.5169775390625
90	9.4009423828125	9.356600952148437
91	9.1680322265625	9.463968505859375
92	9.34199462890625	9.3259228515625
93	9.2653369140625	9.380411987304688
94	9.27188232421875	9.290780029296876
95	9.257160034179687	9.170956420898438
96	9.436453247070313	9.381853637695313
97	9.15161376953125	9.261675415039063
98	9.196800537109375	9.480895385742187
99	9.12934814453125	9.200335083007813
100	9.386769409179687	9.114868774414063
101	9.448230590820312	9.321533203125
102	9.520656127929687	9.421513061523438
103	9.273026733398437	9.25815673828125
104	9.363624267578125	9.197277221679688
105	9.230839233398438	9.118706665039063
106	9.167085571289062	9.317984008789063
107	9.202054443359375	9.284009399414062
108	9.260069580078126	9.199149169921874
109	9.233195190429688	9.022862548828124
110	9.384640502929688	9.0143896484375
111	9.243018798828125	9.157872314453124
112	9.29490478515625	9.164010620117187
113	9.061355590820312	9.679151000976562
114	9.019251098632813	9.45443359375
115	9.180353393554688	8.981337280273438
116	9.180459594726562	9.332286987304688
117	9.079214477539063	8.967255249023438
118	8.750128173828125	8.91350830078125
119	9.035238037109375	9.092459106445313
120	9.043184814453125	9.000370483398438
121	9.0805419921875	9.03906982421875
122	9.08481689453125	9.181873168945312
123	8.86827880859375	9.29899658203125
124	8.940771484375	9.047396240234375
125	9.077831420898438	8.926696166992187
126	9.448844604492187	9.119214477539062
127	9.109232788085938	9.148023071289062
128	9.140133056640625	9.063303833007813
129	9.12230712890625	8.712896728515625
130	8.94888427734375	9.060994262695312
131	8.907150268554688	9.107496948242188
132	9.17498779296875	9.215416259765625
133	9.009418334960937	9.358870239257813
134	8.811624145507812	9.255982055664063
135	8.990698852539062	9.066530151367187
136	8.937774047851562	9.180104370117187
137	8.81596923828125	9.111366577148438
138	8.978469848632812	9.209244995117187
139	8.79602783203125	9.119430541992188
140	9.027264404296876	8.839113159179687
141	8.928030395507813	9.093980712890625
142	8.95227294921875	9.06875
143	8.828401489257812	9.352841796875
144	8.82232421875	9.183444213867187
145	9.051773071289062	9.180940551757812
146	9.222680053710938	9.120986938476562
147	9.187741088867188	9.24327880859375
148	8.956611938476563	8.792368774414063
149	8.747576904296874	8.81070556640625
150	8.929005737304687	9.169912109375
151	9.02605224609375	9.075072631835937
152	8.932535400390625	8.868137817382813
153	8.940579223632813	8.625256958007812
154	9.065751953125	8.6933984375
155	8.998320922851562	8.906333618164062
156	8.9690869140625	9.062892456054687
157	9.144202270507812	9.054588012695312
158	8.795675048828125	9.142171020507812
159	8.74413818359375	9.13263427734375
160	8.8141162109375	8.877874145507812
161	9.04703857421875	9.023417358398438
162	8.793782958984375	8.900501708984375
163	9.037918090820312	8.883809814453125
164	8.732429809570313	9.072418823242188
165	8.663037719726562	8.817212524414062
166	8.899231567382813	8.717877197265626
167	8.608065795898437	8.730465087890625
168	8.858468017578126	8.707374267578125
169	9.122108154296875	8.646723022460938
170	8.55541259765625	8.831820068359375
171	8.776715698242187	8.906953125
172	8.821908569335937	8.807747802734376
173	8.849046020507812	9.1116259765625
174	8.730358276367188	8.909486083984374
175	8.871077270507813	8.8957177734375
176	8.89412353515625	8.710732421875
177	8.860620727539063	8.866533813476563
178	8.811859130859375	8.929918212890625
179	8.688104248046875	8.89806640625
180	8.461802368164063	8.855421752929688
181	8.716602783203125	8.755523681640625
182	8.91714599609375	9.035167236328125
183	8.875440673828125	8.650952758789062
184	8.878123779296875	8.68872802734375
185	8.639547119140625	8.880397338867187
186	8.708352661132812	8.772318115234375
187	8.6398193359375	8.884296264648437
188	8.707069091796875	9.127362060546876
189	8.8211572265625	8.529129028320312
190	8.685765991210937	8.66848876953125
191	8.748455200195313	8.899788818359376
192	8.628699951171875	9.045518188476562
193	8.705877075195312	9.0803955078125
194	8.74786376953125	8.831958618164062
195	8.703994750976562	8.995919799804687
196	8.607490234375	8.628435668945313
197	8.523740234375	8.649450073242187
198	8.567857055664062	8.759326171875
199	8.626656494140626	8.598902587890626
200	8.5846435546875	8.572607421875
201	8.58857177734375	8.9032861328125
202	8.865521240234376	8.6809326171875
203	8.68168701171875	8.757404174804687
204	8.727305297851563	8.705065307617188
205	8.852713623046874	8.847024536132812
206	8.735098876953124	8.787147827148438
207	8.673800048828125	8.54854248046875
208	8.424888305664062	8.84183349609375
209	8.639608764648438	8.691356201171875
210	8.764378662109374	8.548187255859375
211	8.64798095703125	8.61460693359375
212	8.585733642578125	8.850263671875
213	8.594801025390625	8.884367065429688
214	8.820685424804687	8.934703979492188
215	8.950941772460938	8.749627075195313
216	8.5318408203125	8.90870361328125
217	8.534714965820312	8.5594140625
218	8.577807006835938	8.706524047851563
219	8.78117431640625	8.856632080078125
220	8.760283813476562	8.70650146484375
221	8.569962158203126	8.673461303710937
222	8.513883056640625	8.282659301757812
223	8.86290771484375	8.445695190429687
224	8.807164306640624	8.903558959960938
225	8.562964477539062	8.584500732421875
226	8.501785888671876	8.4977734375
227	8.61862060546875	8.702102661132812
228	8.370803833007812	8.63664794921875
229	8.534776611328125	8.730807495117187
230	8.416648559570312	8.917479858398437
231	8.539976196289063	9.0498388671875
232	8.625242309570313	8.772974853515626
233	8.668748168945312	8.540711059570313
234	8.421107788085937	8.489229736328125
235	8.526835327148438	8.801683959960938
236	8.617510375976563	8.535260620117187
237	8.599532470703124	8.482998657226563
238	8.48680908203125	8.6474560546875
239	8.503466796875	8.717012329101562
240	8.793284912109375	8.4526904296875
241	8.75733642578125	8.509631958007812
242	8.403292236328125	8.431766967773438
243	8.603120727539062	8.467550048828125
244	8.961405029296875	8.47533447265625
245	8.589056396484375	8.749656372070312
246	8.416895141601563	8.98243896484375
247	8.642659301757812	8.65729248046875
248	8.463749389648438	8.592535400390625
249	8.613455200195313	8.74078857421875
250	8.61886474609375	8.8986669921875
251	8.631685180664062	8.8880517578125
252	8.608773803710937	8.525010986328125
253	8.694865112304688	8.351356201171875
254	8.53669921875	8.5648876953125
255	8.523212890625	8.50862060546875
256	8.318131103515626	8.434024047851562
257	8.630322875976562	8.895489501953126
258	8.351973266601563	8.43412841796875
259	8.439403076171875	8.697863159179688
260	8.399073486328126	8.383605346679687
261	8.464722900390624	8.46031005859375
262	8.691882934570312	8.64426025390625
263	8.59712158203125	8.767883911132813
264	8.50892822265625	8.679161987304688
265	8.550186767578126	8.96427490234375
266	8.398079833984376	8.972781982421875
267	8.57070068359375	8.54617919921875
268	8.695376586914062	8.65249755859375
269	8.339727783203125	8.60889892578125
270	8.47456787109375	8.503098754882812
271	8.293101196289063	8.706749877929688
272	8.480693359375	8.938460693359374
273	8.532960205078124	8.410907592773437
274	8.4845947265625	8.3721728515625
275	8.612044677734374	8.305452880859375
276	8.673356323242187	8.68739013671875
277	8.468762817382812	8.572699584960937
278	8.345657958984376	8.387308349609375
279	8.330986328125	8.380607299804687
280	8.373096923828125	8.448831787109375
281	8.47802734375	8.539164428710938
282	8.497462768554687	8.48806884765625
283	8.362730712890626	8.504158935546876
284	8.225693359375	8.32555908203125
285	8.406568603515625	8.459370727539062
286	8.288428955078125	8.470552368164062
287	8.356762084960938	8.2897021484375
288	8.566128540039063	8.367139282226562
289	8.322965087890625	8.258607177734374
290	8.571668090820312	8.39341064453125
291	8.38105224609375	8.578945922851563
292	8.49234375	8.521077270507812
293	8.361048583984376	8.46497314453125
294	8.594186401367187	8.326668701171876
295	8.336453247070313	8.338599243164062
296	8.5498193359375	8.178102416992187
297	8.509038696289062	8.3691845703125
298	8.317097778320312	8.372801513671876
299	8.273385009765626	8.322801513671875
300	8.4147216796875	8.125516967773438
301	8.363736572265625	8.691096801757812
302	8.281224365234374	8.633126831054687
303	8.163751220703125	8.6938232421875
304	8.620346069335938	8.541393432617188
305	8.435242919921874	8.3605859375
306	8.654550170898437	8.533816528320312
307	8.445551147460938	8.45158935546875
308	8.3694970703125	8.571016235351562
309	8.326641235351563	8.434605712890624
310	8.490697021484374	8.292566528320313
311	8.573471069335938	8.4032470703125
312	8.405718383789063	8.283630981445313
313	8.430507202148437	8.482015380859375
314	8.322083740234374	8.4869189453125
315	8.1624169921875	8.53889404296875
316	8.335078735351562	8.4521435546875
317	8.400785522460938	8.482670288085938
318	8.398036499023437	8.540515747070312
319	8.201317138671875	8.355111694335937
320	8.400841064453125	8.240233764648437
321	8.351091918945313	8.37914794921875
322	8.316466064453126	8.494940185546875
323	8.550091552734376	8.352869262695313
324	8.478196411132812	8.1783251953125
325	8.463037719726563	8.482183227539062
326	8.068546142578125	8.316646118164062
327	8.081964111328125	8.117012939453126
328	8.148756103515625	8.430704345703125
329	8.429959716796875	8.54208251953125
330	8.300825805664063	8.526842041015625
331	8.122789306640625	8.547389526367187
332	8.199501342773438	8.462556762695312
333	8.349487915039063	8.332247314453125
334	8.31690673828125	8.167764282226562
335	8.257489624023437	8.428548583984375
336	8.57263671875	8.472908935546876
337	8.522157592773437	8.357730102539062
338	8.416025390625	8.010146484375
339	8.367691040039062	8.395887451171875
340	8.102503051757813	8.256221313476562
341	8.240906372070313	8.242952270507812
342	8.221297607421874	8.36518310546875
343	8.209052734375	8.291870727539063
344	8.27090576171875	8.4214208984375
345	8.310231323242187	8.393111572265624
346	8.33082275390625	7.9915966796875
347	8.323779296875	8.15479736328125
348	8.085275268554687	8.389595336914063
349	8.309207763671875	8.280768432617187
350	8.35390625	8.19275146484375
351	8.057981567382813	8.173951416015624
352	8.105507202148438	8.352294311523437
353	8.291614379882812	8.394248657226562
354	8.3618994140625	8.162789916992187
355	8.259705200195313	8.304813232421875
356	8.215250244140625	7.9106982421875
357	8.20247314453125	8.097566528320312
358	8.278633422851563	8.131641845703125
359	8.280017700195312	8.174027099609376
360	8.058489990234374	8.215015258789062
361	8.170018310546874	8.379923706054688
362	8.193916015625	8.37598876953125
363	8.152044067382812	8.526392211914063
364	8.031133422851562	8.302752075195313
365	8.3229931640625	8.036912231445312
366	8.173411254882813	8.09036865234375
367	8.327432861328125	8.323980712890625
368	8.112324829101562	8.295299682617188
369	8.039268188476562	8.065657348632813
370	8.308320922851562	8.070307006835938
371	8.12019287109375	8.003759765625
372	8.177069091796875	7.856778564453125
373	8.285062866210938	8.228834228515625
374	8.241682739257813	8.068284301757812
375	8.132408447265625	8.448137817382813
376	8.117401733398438	8.30658447265625
377	8.039844360351562	8.325340576171875
378	8.137872314453125	8.146819458007812
379	8.166994018554687	8.256800537109376
380	7.9762890625	8.261419677734375
381	8.072025756835938	8.178101806640624
382	8.291641845703126	8.034430541992187
383	8.370311279296875	8.090263061523437
384	8.259893188476562	8.17216064453125
385	8.179112548828124	8.0768994140625
386	8.011571044921874	8.283907470703125
387	8.16967041015625	8.387090454101562
388	7.956866455078125	8.35441650390625
389	8.356588134765625	7.98138671875
390	8.142460327148438	8.228594360351563
391	8.004705200195312	8.228541259765626
392	8.098762817382813	8.19836669921875
393	8.234733276367187	8.30313232421875
394	8.031275024414063	8.388018798828124
395	7.961304321289062	8.21232666015625
396	7.7975396728515625	8.474140625
397	8.012272338867188	8.226514282226562
398	8.15998046875	8.1740625
399	8.325733032226562	8.116998901367188
400	7.978302001953125	8.104907836914062
401	7.953439331054687	8.044954223632812
402	8.195158081054688	8.242706298828125
403	8.167467041015625	8.13232421875
404	8.056016845703125	8.141336059570312
405	8.193056640625	8.134443359375
406	8.210306396484375	8.050875854492187
407	8.00635986328125	8.300673217773438
408	8.093557739257813	8.2079541015625
409	8.147868041992188	8.17419677734375
410	7.970836181640625	8.111375122070312
411	8.129181518554688	7.826448364257812
412	8.192784423828124	8.082743530273438
413	8.135725708007813	8.337844848632812
414	7.936473999023438	8.111748046875
415	7.968684692382812	7.944846801757812
416	8.136486206054688	8.2727880859375
417	8.151175537109374	8.287832641601563
418	7.9646142578125	8.236386108398438
419	8.0384130859375	7.97517333984375
420	8.082039184570313	8.10484130859375
421	8.1303515625	8.262799682617187
422	8.093612060546874	8.368245239257812
423	7.96173828125	8.25145751953125
424	8.165728759765624	8.033017578125
425	8.309193725585937	8.000834350585938
426	8.11138916015625	8.227431640625
427	7.894376831054688	8.274293823242187
428	8.359506225585937	8.129365234375
429	8.182145385742187	8.2830126953125
430	8.015465087890625	8.145125122070313
431	8.04347900390625	8.016284790039062
432	7.927298583984375	8.245712890625
433	7.921943969726563	8.0997509765625
434	8.270604858398437	8.153870239257813
435	7.821170654296875	7.993589477539063
436	7.8671026611328125	7.797754516601563
437	8.006597290039062	8.27288330078125
438	8.105284423828126	8.226550903320312
439	8.034385375976562	8.08572265625
440	8.27671630859375	8.063910522460937
441	7.968788452148438	8.065509643554687
442	7.977686157226563	8.09268798828125
443	8.2159716796875	8.055758666992187
444	8.096988525390625	8.043926391601563
445	8.2451708984375	8.161792602539062
446	8.11438232421875	8.205927734375
447	7.863134765625	8.162655029296875
448	7.901939086914062	8.12300048828125
449	8.112367553710937	8.124281616210938
450	7.972980346679687	8.013086547851563
451	8.125690307617187	8.19322265625
452	8.150894775390626	8.237230834960938
453	8.183070678710937	7.9915704345703125
454	8.090291137695312	7.981722412109375
455	7.914927368164062	8.156818237304687
456	7.735243530273437	8.283023071289062
457	8.032158203125	8.383198852539062
458	8.150818481445313	8.331771240234374
459	7.8228271484375	8.003292236328125
460	8.189627075195313	8.032025146484376
461	8.077366333007813	8.055648803710938
462	8.208212280273438	8.142373046875
463	8.019906616210937	8.127347412109375
464	8.154226684570313	7.910573120117188
465	8.042382202148438	7.929384155273437
466	8.083653564453124	8.144927978515625
467	8.058084716796875	8.271732177734375
468	8.001752319335937	8.2147900390625
469	8.1352294921875	8.195540771484374
470	7.76810546875	8.072728271484374
471	8.078382568359375	8.229766235351562
472	7.834165649414063	8.18259765625
473	7.94308349609375	7.93324462890625
474	7.981781616210937	7.82096923828125
475	7.9392242431640625	8.175763549804687
476	8.062108154296874	8.095346069335937
477	7.688944702148437	8.040684814453124
478	7.951971435546875	8.152783203125
479	7.741177978515625	8.0793505859375
480	7.868568725585938	8.10722412109375
481	8.066863403320312	8.063375854492188
482	8.005789794921874	8.118714599609374
483	8.251415405273438	8.05553955078125
484	7.924724731445313	8.251597900390625
485	8.117730102539063	7.988115234375
486	7.981326904296875	8.014998168945313
487	8.20736083984375	8.051588134765625
488	7.988023681640625	7.9871063232421875
489	8.130720825195313	8.14394287109375
490	7.8656378173828125	8.159912109375
491	8.042902221679688	7.969222412109375
492	8.0664892578125	8.209378051757813
493	7.9607958984375	8.024520263671874
494	7.936181640625	7.721035766601562
495	8.052774658203125	8.000051879882813
496	7.926785278320312	8.260202026367187
497	8.168485717773438	8.025745239257812
498	7.939042358398438	7.770380249023438
499	7.90260498046875	7.9427734375
500	7.822408447265625	8.069812622070312
501	8.031076049804687	7.891685180664062
502	7.942439575195312	8.054073486328125
503	8.043672485351562	7.980903930664063
504	8.210213012695313	8.12401123046875
505	7.94249755859375	7.95976318359375
506	7.862799072265625	7.772990112304687
507	7.89287109375	7.934931640625
508	7.893999633789062	7.9806298828125
509	7.768526611328125	7.966500244140625
510	7.987284545898437	7.950509643554687
511	7.871808471679688	7.938968505859375
512	8.038438720703125	7.77399658203125
513	8.004061889648437	7.839805297851562
514	7.896619262695313	8.030697021484375
515	7.929827880859375	7.985117797851562
516	7.9235162353515625	8.033681030273437
517	7.8797149658203125	8.11708251953125
518	7.950968017578125	8.083330078125
519	7.960100708007812	7.919262084960938
520	8.047313842773438	7.9229888916015625
521	7.742280883789062	7.920401000976563
522	7.919528198242188	7.909901733398438
523	7.814818115234375	7.788524169921875
524	8.019926147460938	7.81085205078125
525	8.079439086914062	8.064320678710937
526	8.000794067382813	8.1371142578125
527	7.854911499023437	7.95443359375
528	7.792491455078125	8.01291259765625
529	8.1167578125	8.156034545898438
530	7.947144165039062	8.019281005859375
531	7.989197998046875	8.2100830078125
532	7.961867065429687	7.9234228515625
533	7.942515869140625	7.791624755859375
534	7.883103637695313	7.83099609375
535	8.020123901367187	7.730665283203125
536	7.989505004882813	7.847664184570313
537	8.0345361328125	7.893460083007812
538	8.119737548828125	7.846768798828125
539	7.806044311523437	7.783826904296875
540	7.90560791015625	7.969754638671875
541	7.897676391601562	8.173745727539062
542	8.225982666015625	8.199707641601563
543	7.942140502929687	8.146254272460938
544	7.813359985351562	8.017410278320312
545	7.854524536132812	7.981751098632812
546	7.926640014648438	7.9620458984375
547	7.83629638671875	7.96185791015625
548	7.680882568359375	7.9389794921875
549	7.727099609375	7.861119384765625
550	7.94283203125	7.850712890625
551	7.862518310546875	8.0097607421875
552	8.016317749023438	7.9619384765625
553	7.9375238037109375	7.8528271484375
554	7.957544555664063	7.88384033203125
555	7.999957275390625	7.977427368164062
556	7.760632934570313	7.907382202148438
557	7.7040966796875	7.635946655273438
558	7.888699340820312	7.84209228515625
559	7.765289916992187	7.94912109375
560	8.194182739257812	7.87926513671875
561	7.90034423828125	7.919456787109375
562	7.721007690429688	8.050068969726562
563	7.623460693359375	7.92538330078125
564	7.74004638671875	7.911143798828125
565	7.8630523681640625	8.057293701171876
566	7.818245239257813	7.9222314453125
567	8.0249365234375	7.965733032226563
568	7.9111962890625	7.86476318359375
569	7.926533203125	7.9737176513671875
570	7.7287060546875	7.796342163085938
571	7.851014404296875	7.710636596679688
572	8.064667358398438	7.844773559570313
573	7.90050537109375	7.70585693359375
574	7.773302612304687	7.840013427734375
575	7.636624755859375	7.73635498046875
576	7.769322509765625	7.6561669921875
577	7.90462158203125	8.09081298828125
578	7.886798095703125	8.117897338867188
579	7.907777709960937	7.7824951171875
580	7.874052124023438	7.5980767822265625
581	7.876757202148437	7.77735107421875
582	7.798667602539062	7.860953369140625
583	7.771798706054687	7.986461181640625
584	7.898798217773438	8.079267578125
585	7.855220947265625	7.918735961914063
586	7.77953369140625	7.973919067382813
587	8.1255078125	8.030707397460937
588	7.850523681640625	8.130586547851562
589	7.964324340820313	8.100182495117188
590	7.738014526367188	7.83517333984375
591	7.708900146484375	7.86346435546875
592	8.02756591796875	7.968284301757812
593	8.255543823242187	7.853035888671875
594	7.942726440429688	7.864486083984375
595	7.953383178710937	7.759701538085937
596	7.739786376953125	7.830946655273437
597	7.883973388671875	7.758654174804687
598	7.782614135742188	7.8862152099609375
599	7.864124145507812	7.813475341796875
600	7.8523797607421875	7.936170043945313
601	7.716364135742188	7.736124877929687
602	8.040825805664063	7.857623291015625
603	7.779017944335937	7.832288818359375
604	7.827596435546875	7.9583056640625
605	7.744546508789062	7.940390014648438
606	7.851298828125	7.830906372070313
607	7.87095703125	8.00111328125
608	8.041885986328126	7.907727661132813
609	7.804317626953125	7.84118408203125
610	7.890248413085938	7.5884942626953125
611	7.913721923828125	7.898942260742188
612	7.952279663085937	7.806519165039062
613	7.83236083984375	7.945287475585937
614	7.7394189453125	7.98953857421875
615	8.015667724609376	7.975321655273437
616	7.99173095703125	8.210162353515624
617	7.727378540039062	8.16166015625
618	7.77572998046875	7.97767333984375
619	7.820949096679687	7.720595092773437
620	7.6259527587890625	7.946658935546875
621	7.88438720703125	7.70500732421875
622	7.78324951171875	7.912993774414063
623	7.813924560546875	8.00841064453125
624	7.64735595703125	7.9811962890625
625	7.765108032226562	7.920738525390625
626	7.59655029296875	7.897583618164062
627	7.873861083984375	7.923507080078125
628	7.8130731201171875	7.776537475585937
629	7.76357421875	7.952532348632812
630	7.69490234375	7.851550903320312
631	7.985858154296875	7.817294311523438
632	7.617151489257813	7.768650512695313
633	7.657772216796875	7.743060913085937
634	7.81369384765625	8.024296875
635	7.839249877929688	7.9781561279296875
636	7.666116333007812	7.5910791015625
637	7.670310668945312	7.73821044921875
638	7.85879638671875	7.82272705078125
639	7.883305053710938	7.931292114257812
640	7.831882934570313	8.18330810546875
641	7.71619384765625	8.1131884765625
642	7.707200927734375	7.908367919921875
643	7.76407470703125	7.760751342773437
644	7.64849365234375	7.694541625976562
645	7.7831640625	7.968240966796875
646	7.882227172851563	7.866080322265625
647	7.728179931640625	7.82626220703125
648	7.812152099609375	7.83672119140625
649	7.7616510009765625	7.954071655273437
650	7.68402099609375	7.9805029296875
651	7.680137939453125	7.831163330078125
652	7.602592163085937	7.555619506835938
653	7.759241943359375	7.7100390625
654	7.54437744140625	7.831212768554687
655	7.89217041015625	7.890391845703125
656	7.863177490234375	8.00157470703125
657	7.798089599609375	7.637162475585938
658	7.69260986328125	7.713018798828125
659	7.743136596679688	8.13490966796875
660	7.987245483398437	7.7565850830078125
661	7.8864892578125	7.7658935546875
662	7.9151763916015625	7.772683715820312
663	7.6857373046875	7.88244140625
664	7.679866943359375	7.812698974609375
665	7.750648193359375	7.808261108398438
666	7.808366088867188	8.077427368164063
667	7.741593627929688	7.8941748046875
668	7.572537231445312	7.895084228515625
669	7.796510620117187	7.894244384765625
670	7.8301324462890625	7.93515380859375
671	7.750203247070313	7.788740844726562
672	7.582245483398437	7.8234130859375
673	7.906092529296875	7.7076318359375
674	7.822632446289062	7.748087768554687
675	7.98243408203125	7.818767700195313
676	7.838777465820312	7.75723388671875
677	7.882573852539062	7.656156005859375
678	7.6804132080078125	7.68907958984375
679	7.891033325195313	7.652171630859375
680	7.893532104492188	7.825114135742187
681	7.860687255859375	7.640101318359375
682	7.724483642578125	7.863242797851562
683	7.749775390625	7.638920288085938
684	7.6999053955078125	7.73323486328125
685	7.691264038085937	7.5422430419921875
686	7.788328857421875	7.630557861328125
687	7.777888793945312	7.701353759765625
688	7.82970703125	7.7388671875
689	7.7563848876953125	7.55559326171875
690	7.586259155273438	7.67947998046875
691	7.79054443359375	7.6300811767578125
692	7.711026611328125	7.58268310546875
693	7.762626953125	7.7591552734375
694	7.611019897460937	7.895389404296875
695	7.523817138671875	7.796307983398438
696	7.712550659179687	7.7729644775390625
697	7.736964721679687	7.720111694335937
698	7.69795654296875	7.9246368408203125
699	7.753506469726562	8.010729370117188
700	7.7046356201171875	7.941552734375
701	7.668216552734375	7.68499755859375
702	7.753772583007812	7.697828979492187
703	7.639599609375	7.641588134765625
704	7.846898803710937	7.667134399414063
705	7.716851806640625	7.91200927734375
706	7.627669677734375	7.922796020507812
707	7.699051513671875	7.876857299804687
708	7.720472412109375	7.554486694335938
709	7.79242431640625	7.797739868164062
710	7.694382934570313	7.643978271484375
711	7.709661254882812	7.688532104492188
712	7.680791625976562	8.03809326171875
713	7.76990966796875	7.844854736328125
714	7.6950390625	7.937017822265625
715	7.965385131835937	7.9710986328125
716	7.765177612304687	7.866886596679688
717	7.6768731689453125	7.787228393554687
718	7.748323974609375	7.723903198242187
719	7.80621826171875	7.668370361328125
720	7.889334716796875	7.818142700195312
721	7.752398681640625	7.70832763671875
722	7.765302124023438	7.823038940429687
723	7.711812133789063	7.884129028320313
724	7.70837158203125	7.648174438476563
725	7.826618041992187	7.772857666015625
726	7.837854614257813	7.776559448242187
727	7.74526123046875	7.7724560546875
728	7.956226806640625	7.9034326171875
729	7.8664617919921875	7.762476196289063
730	7.9413330078125	7.701508178710937
731	7.90732421875	7.74736083984375
732	7.630759887695312	7.84330078125
733	7.664258422851563	7.715287475585938
734	7.57617919921875	7.955999145507812
735	7.713534545898438	8.073471069335938
736	7.6778662109375	7.853505249023438
737	7.68705810546875	7.777510375976562
738	7.879237060546875	7.786146240234375
739	7.8458709716796875	7.586476440429688
740	7.7052294921875	7.638821411132812
741	7.631754150390625	7.72642822265625
742	7.605678100585937	7.779226684570313
743	8.010892333984375	7.880848388671875
744	7.841082153320312	7.723269653320313
745	7.7029443359375	7.76385009765625
746	7.43159423828125	7.791157836914063
747	7.5710906982421875	7.587119140625
748	7.566219482421875	7.6060028076171875
749	7.59490966796875	7.7450244140625
750	7.808463745117187	7.650451049804688
751	7.6956549072265625	7.678993530273438
752	7.731417236328125	7.655836791992187
753	7.698228759765625	7.6669091796875
754	7.712671508789063	7.5752410888671875
755	7.874443359375	7.608775024414062
756	7.695606689453125	7.8990545654296875
757	7.558821411132812	7.824285888671875
758	7.7695458984375	7.661033935546875
759	7.676808471679688	7.65817626953125
760	7.631257934570312	7.918407592773438
761	7.64389892578125	7.585515747070312
762	7.644906005859375	7.5544671630859375
763	7.833681030273437	7.77083984375
764	7.667625732421875	7.957872314453125
765	7.672728881835938	7.744031372070313
766	7.7826300048828125	7.68069580078125
767	7.781602783203125	7.667826538085937
768	7.633593139648437	7.77866455078125
769	7.434091796875	7.567998046875
770	7.644580078125	7.773041381835937
771	7.681429443359375	7.57905029296875
772	7.800680541992188	7.770833129882813
773	7.49232421875	7.599104614257812
774	7.739576416015625	7.783224487304688
775	7.583950805664062	7.71957763671875
776	7.854597778320312	7.756788330078125
777	7.72872802734375	7.80445556640625
778	7.75568359375	7.7332568359375
779	7.611520385742187	7.702192993164062
780	7.905241088867188	7.68395751953125
781	7.639166259765625	7.622378540039063
782	7.949507446289062	7.58747802734375
783	7.68985595703125	7.855093994140625
784	7.4962835693359375	7.4551611328125
785	7.627634887695312	7.49041015625
786	7.389743041992188	7.649019165039062
787	7.840146484375	7.42022216796875
788	7.9403515625	7.579426879882813
789	7.862715454101562	7.686723022460938
790	7.8891015625	7.55197998046875
791	7.587272338867187	7.611550903320312
792	7.73145263671875	7.6280364990234375
793	7.7301568603515625	7.64697265625
794	7.574537353515625	7.701188354492188
795	7.589766235351562	7.73990966796875
796	7.633018188476562	7.649869995117188
797	7.656259155273437	7.74264892578125
798	7.59099365234375	7.600009155273438
799	7.62630126953125	7.511405639648437
800	7.8521881103515625	7.318316040039062
801	7.919611206054688	7.5400848388671875
802	7.82071044921875	7.617537231445312
803	7.733441772460938	7.82634033203125
804	7.390352172851562	7.737227783203125
805	7.466531372070312	7.640628051757813
806	7.730147094726562	7.801134643554687
807	7.883159790039063	7.884107055664063
808	7.664669189453125	7.807737426757813
809	7.670841064453125	7.787620239257812
810	7.60444580078125	7.8423974609375
811	7.671488037109375	7.631022338867187
812	7.785173950195312	7.692283935546875
813	7.852708740234375	7.76760009765625
814	7.810825805664063	7.632996215820312
815	7.750620727539062	7.635444946289063
816	7.6614312744140625	7.727388305664062
817	7.64252685546875	7.610307006835938
818	7.701468505859375	7.583883056640625
819	7.8802392578125	7.654663696289062
820	7.753734741210938	7.60583251953125
821	7.63544921875	7.604827880859375
822	7.476520385742187	7.533428955078125
823	7.567551879882813	7.697083129882812
824	7.731762084960938	7.65138671875
825	7.754734497070313	7.58349853515625
826	7.7983636474609375	7.743534545898438
827	7.73930419921875	7.686024169921875
828	7.880150146484375	7.620281982421875
829	7.7530517578125	7.543384399414062
830	7.651318969726563	7.560020141601562
831	7.569896240234375	7.69695556640625
832	7.594989013671875	7.674849243164062
833	7.418850708007812	7.688903198242188
834	7.36627685546875	7.547816162109375
835	7.776868896484375	7.52691162109375
836	7.723971557617188	7.768771362304688
837	7.68476318359375	7.6297314453125
838	7.59821533203125	7.572843627929688
839	7.55979248046875	7.596593017578125
840	7.729547119140625	7.749850463867188
841	7.632022705078125	7.611671752929688
842	7.64458984375	7.609313354492188
843	7.55802001953125	7.857637939453125
844	7.6634063720703125	7.883414916992187
845	7.769244995117187	7.681534423828125
846	7.608341064453125	7.61122314453125
847	7.6893310546875	7.774851684570312
848	7.685050048828125	7.5357293701171875
849	7.708756103515625	7.761463623046875
850	7.699910888671875	7.58607421875
851	7.6378631591796875	7.55054443359375
852	7.558326416015625	7.587695922851562
853	7.550479125976563	7.769468994140625
854	7.454512329101562	7.411447143554687
855	7.551307373046875	7.592189331054687
856	7.592555541992187	7.800964965820312
857	7.564693603515625	7.54583984375
858	7.70538330078125	7.601160888671875
859	7.72298583984375	7.668779296875
860	7.4086181640625	7.742867431640625
861	7.546776123046875	7.731328735351562
862	7.761591186523438	7.524154052734375
863	7.438519287109375	7.355919189453125
864	7.776499633789062	7.400154418945313
865	7.660905151367188	7.66416748046875
866	7.499635620117187	7.727023315429688
867	7.391087646484375	7.581480102539063
868	7.581337280273438	7.594495239257813
869	7.683037109375	7.4641876220703125
870	7.649456787109375	7.467041015625
871	7.46818603515625	7.776832885742188
872	7.383182983398438	7.896583251953125
873	7.520103149414062	7.661468505859375
874	7.753359985351563	7.701458129882813
875	7.444702758789062	7.555021362304688
876	7.702181396484375	7.647828369140625
877	7.666792602539062	7.64616455078125
878	7.548385009765625	7.787816772460937
879	7.817928466796875	7.672918090820312
880	7.485342407226563	7.462194213867187
881	7.513716430664062	7.558831787109375
882	7.59907470703125	7.669307861328125
883	7.534401245117188	7.562447509765625
884	7.542694702148437	7.540126342773437
885	7.559100952148437	7.862095336914063
886	7.545529174804687	7.646201171875
887	7.542886962890625	7.784675903320313
888	7.52914306640625	7.67941650390625
889	7.511190185546875	7.492888793945313
890	7.60580322265625	7.679493408203125
891	7.4530487060546875	7.674682006835938
892	7.612011108398438	7.696242065429687
893	7.810706787109375	7.555601196289063
894	7.579320678710937	7.496250610351563
895	7.735033569335937	7.616708984375
896	7.657235717773437	7.58407958984375
897	7.646719970703125	7.495162353515625
898	7.76813720703125	7.569273681640625
899	7.633724365234375	7.811992797851563
900	7.611111450195312	7.7296209716796875
901	7.748043212890625	7.685177612304687
902	7.73374267578125	7.478108520507813
903	7.467152099609375	7.6405029296875
904	7.426044311523437	7.629957885742187
905	7.426949462890625	7.535642700195313
906	7.553584594726562	7.636860961914063
907	7.495680541992187	7.547218017578125
908	7.523319091796875	7.399584350585937
909	7.467298583984375	7.4482794189453125
910	7.725680541992188	7.678988647460938
911	7.598471069335938	7.438282470703125
912	7.558487548828125	7.517002563476563
913	7.617420043945312	7.46540283203125
914	7.485452880859375	7.48352783203125
915	7.410123901367188	7.619275512695313
916	7.421348876953125	7.751215209960938
917	7.732388916015625	7.859429931640625
918	7.604840087890625	7.6849365234375
919	7.489071655273437	7.52868408203125
920	7.4441015625	7.640999145507813
921	7.721573486328125	7.501211547851563
922	7.634196166992187	7.83372802734375
923	7.59919189453125	7.796941528320312
924	7.533978881835938	7.829339599609375
925	7.450047607421875	7.8108154296875
926	7.564556274414063	7.57874267578125
927	7.636297607421875	7.48783203125
928	7.536827392578125	7.507271728515625
929	7.606922607421875	7.529461669921875
930	7.418372802734375	7.574462890625
931	7.477860717773438	7.694091186523438
932	7.784140625	7.600170288085938
933	7.589146728515625	7.313658447265625
934	7.48613525390625	7.5411138916015625
935	7.610154418945313	7.59977783203125
936	7.472108154296875	7.734034423828125
937	7.508392333984375	7.49303955078125
938	7.5935302734375	7.511564331054688
939	7.348492431640625	7.566160278320313
940	7.682010498046875	7.717894897460938
941	7.496987915039062	7.716155395507813
942	7.705593872070312	7.542955322265625
943	7.60618896484375	7.673978271484375
944	7.4461297607421875	7.787568969726562
945	7.344584350585937	7.59783447265625
946	7.589713745117187	7.47057861328125
947	7.450809326171875	7.4788055419921875
948	7.293759155273437	7.5360888671875
949	7.3526458740234375	7.647274169921875
950	7.506277465820313	7.4278326416015625
951	7.606444091796875	7.507201538085938
952	7.6401220703125	7.437686157226563
953	7.600877075195313	7.573156127929687
954	7.444746704101562	7.542581787109375
955	7.387835083007812	7.57533203125
956	7.521082153320313	7.709700317382812
957	7.436890869140625	7.515018310546875
958	7.341533203125	7.593153076171875
959	7.534678344726562	7.739141845703125
960	7.43707763671875	7.582560424804687
961	7.549939575195313	7.462874755859375
962	7.425553588867188	7.739503784179687
963	7.533578491210937	7.79068359375
964	7.405037231445313	7.552852783203125
965	7.427018432617188	7.456425170898438
966	7.512228393554688	7.4291552734375
967	7.399985961914062	7.718777465820312
968	7.62356201171875	7.597562255859375
969	7.5712646484375	7.51433349609375
970	7.435437622070313	7.515667724609375
971	7.400284423828125	7.631195678710937
972	7.737861328125	7.388860473632812
973	7.744739379882812	7.476052856445312
974	7.668809814453125	7.453591918945312
975	7.449207153320312	7.73624755859375
976	7.3538885498046875	7.67545654296875
977	7.484971923828125	7.5114288330078125
978	7.485460205078125	7.41684814453125
979	7.591441040039062	7.5401318359375
980	7.414401245117188	7.513175048828125
981	7.707875366210938	7.556654052734375
982	7.499539184570312	7.483013916015625
983	7.52146728515625	7.750615234375
984	7.590361938476563	7.673359985351563
985	7.494051513671875	7.685579833984375
986	7.50912841796875	7.547879028320312
987	7.440751953125	7.6149951171875
988	7.511464233398438	7.531018676757813
989	7.370386352539063	7.572388916015625
990	7.69299560546875	7.651066284179688
991	7.496654052734375	7.519048461914062
992	7.555155639648437	7.512673950195312
993	7.569097900390625	7.450230712890625
994	7.432860717773438	7.49807373046875
995	7.65492919921875	7.583318481445312
996	7.409456787109375	7.6839056396484375
997	7.497060546875	7.483939208984375
998	7.63119384765625	7.510380859375
999	7.467034912109375	7.437003173828125
1000	7.574963989257813	7.515018310546875
1001	7.459598999023438	7.3524072265625
1002	7.43972412109375	7.598023071289062
1003	7.497836303710938	7.4827508544921875
1004	7.455067749023438	7.531322631835938
1005	7.546688842773437	7.40267822265625
1006	7.451380004882813	7.556053466796875
1007	7.46947509765625	7.404931640625
1008	7.506719970703125	7.447559204101562
1009	7.413562622070312	7.677162475585938
1010	7.407999877929687	7.7455902099609375
1011	7.341635131835938	7.798418579101562
1012	7.344309692382812	7.557669677734375
1013	7.18657470703125	7.453748168945313
1014	7.613759155273438	7.560384521484375
1015	7.55197998046875	7.396339721679688
1016	7.621312255859375	7.723180541992187
1017	7.369841918945313	7.487469482421875
1018	7.631046752929688	7.436141357421875
1019	7.586962890625	7.329063110351562
1020	7.473402099609375	7.371974487304687
1021	7.503491821289063	7.6751318359375
1022	7.428916015625	7.38388427734375
1023	7.529443359375	7.516217651367188
1024	7.4228143310546875	7.4377587890625
1025	7.22255859375	7.542943725585937
1026	7.302379150390625	7.4095001220703125
1027	7.249656372070312	7.406111450195312
1028	7.695250854492188	7.523624877929688
1029	7.545855712890625	7.278983764648437
1030	7.709961547851562	7.65546630859375
1031	7.495771484375	7.613670043945312
1032	7.61064697265625	7.5752490234375
1033	7.4330291748046875	7.426033935546875
1034	7.542115478515625	7.5659814453125
1035	7.539232788085937	7.4116143798828125
1036	7.535914306640625	7.365170288085937
1037	7.326939697265625	7.459071044921875
1038	7.620745849609375	7.36559814453125
1039	7.590117797851563	7.520935668945312
1040	7.65555908203125	7.49214111328125
1041	7.641452026367188	7.5656591796875
1042	7.419983520507812	7.541279907226563
1043	7.478894653320313	7.354328002929687
1044	7.592471313476563	7.316998291015625
1045	7.591183471679687	7.515344848632813
1046	7.55489501953125	7.438388671875
1047	7.44871826171875	7.360630493164063
1048	7.462251586914062	7.59836181640625
1049	7.539881591796875	7.618306274414063
1050	7.552626342773437	7.544979858398437
1051	7.5845703125	7.37853271484375
1052	7.3972119140625	7.497671508789063
1053	7.301277465820313	7.3288116455078125
1054	7.507870483398437	7.583619384765625
1055	7.538931884765625	7.487744750976563
1056	7.42695068359375	7.643705444335938
1057	7.51649658203125	7.601897583007813
1058	7.3180609130859375	7.448369750976562
1059	7.501771240234375	7.489315795898437
1060	7.571695556640625	7.494160766601563
1061	7.632890014648438	7.644151611328125
1062	7.17888916015625	7.506029663085937
1063	7.47468017578125	7.50554931640625
1064	7.4238525390625	7.613267211914063
1065	7.432996826171875	7.5496978759765625
1066	7.49080078125	7.668304443359375
1067	7.3387603759765625	7.76015380859375
1068	7.478540649414063	7.7739794921875
1069	7.462462158203125	7.448403930664062
1070	7.490340576171875	7.528343505859375
1071	7.3281097412109375	7.642384033203125
1072	7.376527099609375	7.436271362304687
1073	7.697787475585938	7.43265380859375
1074	7.627630004882812	7.47436279296875
1075	7.404359130859375	7.657920532226562
1076	7.598540649414063	7.390300903320313
1077	7.409049072265625	7.4595880126953125
1078	7.370237426757813	7.427506713867188
1079	7.5205535888671875	7.51352294921875
1080	7.448902587890625	7.490654296875
1081	7.490675659179687	7.553080444335937
1082	7.341482543945313	7.52600341796875
1083	7.511278076171875	7.396895751953125
1084	7.47608642578125	7.4151025390625
1085	7.358355102539062	7.589794311523438
1086	7.49828369140625	7.325032958984375
1087	7.514619750976562	7.508015747070313
1088	7.475883178710937	7.483697509765625
1089	7.489130859375	7.550494384765625
1090	7.427284545898438	7.529424438476562
1091	7.28494873046875	7.434368286132813
1092	7.380943603515625	7.47335693359375
1093	7.432849731445312	7.436500854492188
1094	7.47778076171875	7.347015380859375
1095	7.47575439453125	7.366822509765625
1096	7.530003051757813	7.495206909179688
1097	7.391145629882812	7.414757080078125
1098	7.5322119140625	7.4706201171875
1099	7.395991821289062	7.63984619140625
1100	7.303114013671875	7.433058471679687
1101	7.443436279296875	7.2889862060546875
1102	7.45300048828125	7.396564331054687
1103	7.499248046875	7.353739013671875
1104	7.434295654296875	7.379349365234375
1105	7.378375854492187	7.405076904296875
1106	7.334549560546875	7.462279663085938
1107	7.546444091796875	7.384339599609375
1108	7.3955029296875	7.393084716796875
1109	7.372223510742187	7.528414306640625
1110	7.37341064453125	7.476524658203125
1111	7.403170166015625	7.699627075195313
1112	7.251489868164063	7.736881103515625
1113	7.487655029296875	7.4213104248046875
1114	7.658949584960937	7.476951904296875
1115	7.323153686523438	7.512540893554688
1116	7.41440673828125	7.381015625
1117	7.5016357421875	7.499735717773437
1118	7.43753173828125	7.4657958984375
1119	7.556255493164063	7.396641235351563
1120	7.52025634765625	7.317557983398437
1121	7.358607177734375	7.253773803710938
1122	7.288533325195313	7.2082366943359375
1123	7.4077081298828125	7.67979736328125
1124	7.396070556640625	7.5732666015625
1125	7.50677978515625	7.41252197265625
1126	7.513349609375	7.1843109130859375
1127	7.493619995117188	7.325062255859375
1128	7.256351318359375	7.444393920898437
1129	7.359248657226562	7.521917724609375
1130	7.5602264404296875	7.337258911132812
1131	7.47127197265625	7.367554931640625
1132	7.20124267578125	7.5116943359375
1133	7.411651000976563	7.450528564453125
1134	7.370993041992188	7.5683349609375
1135	7.41556884765625	7.00031982421875
1136	7.524861450195313	7.2652294921875
1137	7.584598999023438	7.4217431640625
1138	7.448809814453125	7.3986053466796875
1139	7.578768310546875	7.201729125976563
1140	7.34454833984375	7.186266479492187
1141	7.206683959960937	7.505320434570312
1142	7.353391723632813	7.471074829101562
1143	7.452882080078125	7.441612548828125
1144	7.524291381835938	7.404801025390625
1145	7.320249633789063	7.495714111328125
1146	7.3387078857421875	7.4991162109375
1147	7.234637451171875	7.4959478759765625
1148	7.214347534179687	7.514161376953125
1149	7.327725219726562	7.350866088867187
1150	7.334132690429687	7.300887451171875
1151	7.38710693359375	7.553954467773438
1152	7.21592041015625	7.452764892578125
1153	7.17352783203125	7.288252563476562
1154	7.53021728515625	7.328475341796875
1155	7.4728857421875	7.350823974609375
1156	7.315377197265625	7.33946044921875
1157	7.37302978515625	7.26784423828125
1158	7.260593872070313	7.3925628662109375
1159	7.4560205078125	7.48691162109375
1160	7.250618896484375	7.442933959960937
1161	7.5648681640625	7.485521240234375
1162	7.371452026367187	7.550911254882813
1163	7.133863525390625	7.43824951171875
1164	7.507293090820313	7.467432861328125
1165	7.240174560546875	7.36042724609375
1166	7.32298095703125	7.454495849609375
1167	7.1662139892578125	7.487243041992188
1168	7.18997802734375	7.368033447265625
1169	7.131544189453125	7.447852783203125
1170	7.368805541992187	7.3936224365234375
1171	7.187495727539062	7.2627325439453125
1172	7.247935791015625	7.284808959960937
1173	7.17019287109375	7.139143676757812
1174	7.37398681640625	7.14103759765625
1175	7.244843139648437	7.24599609375
1176	7.196422729492188	7.223267211914062
1177	7.415921630859375	7.3859423828125
1178	7.51198486328125	7.253580932617187
1179	7.372886962890625	7.258489990234375
1180	7.4560699462890625	7.302349243164063
1181	7.3135107421875	7.263938598632812
1182	7.282144165039062	7.299415893554688
1183	7.048533325195312	7.366610107421875
1184	7.3379364013671875	7.41093017578125
1185	7.291821899414063	7.432265014648437
1186	7.445833129882812	7.407955322265625
1187	7.350386962890625	7.2993096923828125
1188	7.4098358154296875	7.30881591796875
1189	7.401705932617188	7.208429565429688
1190	7.490872802734375	7.392365112304687
1191	7.221893310546875	7.284740600585938
1192	7.360897827148437	7.0178759765625
1193	7.39874755859375	7.155226440429687
1194	7.394888916015625	7.046533813476563
1195	7.223705444335938	7.013147583007813
1196	7.271235961914062	7.18971435546875
1197	7.288189086914063	7.255480346679687
1198	7.361023559570312	7.327876586914062
1199	7.326785278320313	7.5560986328125
1200	7.234921875	7.406460571289062
1201	7.174449462890625	7.395144653320313
1202	7.25552734375	7.204425048828125
1203	7.432002563476562	7.241036987304687
1204	7.203984985351562	7.161949462890625
1205	7.303786010742187	7.37588134765625
1206	7.2336273193359375	7.227101440429688
1207	7.2765625	7.395965576171875
1208	7.373746337890625	7.292813110351562
1209	7.278897705078125	7.361276245117187
1210	7.361300659179688	7.253746337890625
1211	7.402440185546875	7.368240966796875
1212	7.347175903320313	7.234363403320312
1213	7.5618359375	7.2296240234375
1214	7.369376220703125	7.141298828125
1215	7.332525024414062	7.240425415039063
1216	7.224459228515625	7.512032470703125
1217	7.290325927734375	7.40361328125
1218	7.19849365234375	7.526259155273437
1219	7.322347412109375	7.113842163085938
1220	7.2369537353515625	7.203770751953125
1221	7.380109252929688	7.443336181640625
1222	7.443154296875	7.21643798828125
1223	7.26176513671875	7.336657104492187
1224	7.166881713867188	7.536491088867187
1225	7.309459228515625	7.513742065429687
1226	7.499900512695312	7.448546142578125
1227	7.077396850585938	7.208341064453125
1228	7.1820947265625	7.378107299804688
1229	7.137138061523437	7.327798461914062
1230	7.395890502929688	7.058493041992188
1231	7.3974560546875	7.329718017578125
1232	7.455859985351562	7.293060913085937
1233	7.2821197509765625	7.3010931396484375
1234	7.338927001953125	7.13670654296875
1235	7.342455444335937	7.171600952148437
1236	7.229918823242188	7.134417724609375
1237	7.182908325195313	7.364010009765625
1238	7.079745483398438	7.492898559570312
1239	7.269784545898437	7.31211181640625
1240	7.144739379882813	7.33358154296875
1241	7.003214721679687	7.2338934326171875
1242	7.2491827392578125	7.187645263671875
1243	7.308244018554688	7.30517578125
1244	7.116817016601562	7.0803369140625
1245	7.02304443359375	7.187880859375
1246	7.406292114257813	7.369955444335938
1247	7.245784301757812	7.494584350585938
1248	7.248782958984375	7.267720336914063
1249	7.332200317382813	7.349072265625
1250	7.231029052734375	7.266356811523438
1251	7.220957641601562	7.325547485351563
1252	7.136436157226562	7.38227294921875
1253	7.178504638671875	7.2573095703125
1254	7.268850708007813	7.234385375976562
1255	7.449541015625	6.977349853515625
1256	7.126163940429688	7.25083984375
1257	7.292288208007813	7.268079223632813
1258	7.20670654296875	7.047779541015625
1259	7.207623291015625	7.3790625
1260	7.22021728515625	7.226430053710938
1261	7.26640869140625	7.258292236328125
1262	7.30788330078125	7.202359008789062
1263	7.324925537109375	7.17819091796875
1264	7.3095458984375	7.184213256835937
1265	7.427057495117188	7.118826904296875
1266	7.239677124023437	7.275732421875
1267	7.362921142578125	7.15802734375
1268	7.232620849609375	7.1647705078125
1269	7.153855590820313	7.12659912109375
1270	7.360963134765625	7.2887548828125
1271	7.34106689453125	7.489588623046875
1272	7.301619873046875	7.454054565429687
1273	7.19146240234375	7.326705322265625
1274	7.029339599609375	7.297296752929688
1275	7.2091607666015625	7.292114868164062
1276	7.23546142578125	7.195848388671875
1277	7.030296630859375	7.274679565429688
1278	7.151495361328125	7.219965209960938
1279	7.15685302734375	7.136234130859375
1280	7.283295288085937	7.133893432617188
1281	7.127979125976562	7.10634521484375
1282	7.239382934570313	7.124083862304688
1283	7.198699340820313	7.174627075195312
1284	7.396746826171875	7.2176806640625
1285	7.2654443359375	7.161722412109375
1286	7.290270385742187	7.24378173828125
1287	7.15286865234375	7.358360595703125
1288	7.14452392578125	7.290167236328125
1289	7.1439599609375	7.27296875
1290	7.157154541015625	7.199619750976563
1291	7.283533325195313	7.1488623046875
1292	7.076360473632812	7.217703857421875
1293	7.160990600585937	7.069249267578125
1294	7.259716796875	7.218304443359375
1295	6.8277740478515625	7.161203002929687
1296	7.255015869140625	7.158006591796875
1297	7.351165771484375	7.2373388671875
1298	7.45393798828125	7.318436279296875
1299	7.33977294921875	7.04004638671875
1300	7.134277954101562	7.161800537109375
1301	7.3149560546875	7.3231298828125
1302	7.2496240234375	7.23200439453125
1303	7.16326416015625	7.37631591796875
1304	7.268956909179687	7.225830688476562
1305	7.3135205078125	7.305546875
1306	7.24657470703125	7.255324096679687
1307	7.301646118164062	7.204293823242187
1308	7.183931274414062	7.342423706054688
1309	7.344598999023438	7.237689208984375
1310	7.312301025390625	6.923685302734375
1311	7.22136474609375	6.873302612304688
1312	7.196644287109375	7.165135498046875
1313	7.117883911132813	7.417218627929688
1314	7.150043334960937	7.344871215820312
1315	7.330948486328125	7.260480346679688
1316	7.076845092773437	7.200897827148437
1317	6.940550537109375	7.366262817382813
1318	7.303822021484375	7.59744384765625
1319	7.158387451171875	7.182639770507812
1320	7.0440216064453125	7.021749877929688
1321	7.328458251953125	7.221654052734375
1322	7.348441162109375	7.171444702148437
1323	7.044561767578125	7.296041870117188
1324	7.248121948242187	7.220220947265625
1325	7.2455072021484375	7.2431396484375
1326	7.301397705078125	7.198356323242187
1327	7.2467822265625	7.184647216796875
1328	7.186378784179688	7.251598510742188
1329	7.232439575195312	7.097789306640625
1330	7.16681640625	7.162066040039062
1331	7.166364135742188	7.093848876953125
1332	7.182992553710937	7.258504638671875
1333	7.275562133789062	7.147466430664062
1334	7.218181762695313	7.047324829101562
1335	7.093212890625	7.067926025390625
1336	7.06746826171875	7.230226440429687
1337	7.178118896484375	7.233046264648437
1338	7.244720458984375	7.293590087890625
1339	7.129335327148437	7.034922485351562
1340	7.033343505859375	6.964644775390625
1341	7.018344116210938	7.275633544921875
1342	7.2769622802734375	7.3689642333984375
1343	7.153085327148437	7.10040283203125
1344	7.215846557617187	7.1284112548828125
1345	7.2914697265625	7.090331420898438
1346	7.103267211914062	7.106148681640625
1347	7.143410034179688	7.3156396484375
1348	7.231964111328125	7.190451049804688
1349	7.154827880859375	7.182911987304688
1350	7.274296264648438	7.116205444335938
1351	7.284435424804688	7.114024047851562
1352	7.203966064453125	7.156405029296875
1353	7.089442138671875	7.229158325195312
1354	7.1181494140625	7.059173583984375
1355	7.153269653320312	7.033463745117188
1356	7.125426025390625	7.033243408203125
1357	7.29587158203125	7.1492919921875
1358	7.019550170898437	7.171459350585938
1359	7.121675415039062	7.1762939453125
1360	7.0814013671875	7.262239990234375
1361	7.137564697265625	6.923558959960937
1362	7.19387451171875	7.153558349609375
1363	7.1061639404296875	7.063670654296875
1364	7.180942993164063	7.090889892578125
1365	7.1104541015625	7.125829467773437
1366	6.990552368164063	7.1186474609375
1367	6.999247436523437	7.26478759765625
1368	7.205072021484375	7.0512322998046875
1369	7.113187255859375	7.316837158203125
1370	7.090772705078125	7.0888299560546875
1371	7.203365478515625	6.9958343505859375
1372	7.108938598632813	7.087249755859375
1373	7.333124389648438	7.056373901367188
1374	7.16505615234375	7.027247924804687
1375	7.006853637695312	7.045709228515625
1376	7.150911254882812	6.881351318359375
1377	6.988119506835938	7.1873681640625
1378	7.115375366210937	7.371083374023438
1379	7.131954345703125	7.268311157226562
1380	7.299395141601562	7.174727172851562
1381	7.392416381835938	7.1623193359375
1382	7.248239135742187	7.113467407226563
1383	7.089962768554687	7.14829345703125
1384	7.132216186523437	7.057727661132812
1385	7.19685302734375	7.151058959960937
1386	7.100972290039063	7.19233642578125
1387	7.246881713867188	7.080418701171875
1388	7.154756469726562	7.337052612304688
1389	7.04322509765625	7.137523193359375
1390	7.0508447265625	7.083055419921875
1391	6.9828564453125	7.107169189453125
1392	7.090721435546875	7.19079345703125
1393	7.171865844726563	7.136448364257813
1394	7.067647094726563	7.17264404296875
1395	7.156358032226563	7.184267578125
1396	7.064298706054688	7.172269897460938
1397	7.14821533203125	6.995542602539063
1398	7.263585205078125	7.083050537109375
1399	7.197945556640625	7.1502532958984375
1400	6.973287963867188	7.066868896484375
1401	7.110971069335937	7.05321533203125
1402	7.133059692382813	7.272568969726563
1403	7.0485791015625	7.10758544921875
1404	7.148836059570312	7.095316772460937
1405	7.156495361328125	7.295809936523438
1406	7.034111328125	7.202021484375
1407	7.13662109375	7.141505126953125
1408	7.10311767578125	7.223408813476563
1409	6.921665649414063	7.262353515625
1410	7.261282958984375	7.194149169921875
1411	7.1257470703125	7.213001098632812
1412	6.932532958984375	7.066032104492187
1413	7.218629760742187	7.004236450195313
1414	7.1360321044921875	7.148023071289063
1415	7.1171484375	7.229950561523437
1416	7.072451171875	7.104462280273437
1417	7.1817919921875	7.094266967773438
1418	7.000374755859375	7.184026489257812
1419	7.203182983398437	6.962318725585938
1420	7.109949951171875	7.088974609375
1421	7.2228955078125	7.079374389648438
1422	7.094248657226562	7.043150024414063
1423	7.198250732421875	6.930536499023438
1424	7.3303466796875	7.2452880859375
1425	7.138963012695313	7.269384765625
1426	7.151245727539062	6.987703857421875
1427	7.166605224609375	6.921571655273437
1428	7.152893676757812	7.038804931640625
1429	7.0659130859375	6.9627008056640625
1430	7.1399383544921875	7.130715942382812
1431	6.946453857421875	7.101287841796875
1432	7.127865600585937	7.062924194335937
1433	7.027920532226562	7.2543701171875
1434	7.2179736328125	7.169615478515625
1435	7.176700439453125	6.960895385742187
1436	7.119379272460938	7.212884521484375
1437	7.1868896484375	7.116126708984375
1438	7.254049072265625	6.976384887695312
1439	7.272997436523437	6.9499951171875
1440	7.210310668945312	7.165345458984375
1441	7.036803588867188	6.980849609375
1442	7.128313598632812	7.0467041015625
1443	7.019356689453125	7.11056396484375
1444	7.082128295898437	7.012767333984375
1445	6.9030517578125	7.152293701171875
1446	7.0564422607421875	6.914801025390625
1447	7.16748046875	7.022342529296875
1448	7.0430126953125	7.098905639648438
1449	7.10037109375	7.0900146484375
1450	7.267240600585938	7.155035400390625
1451	7.161039428710938	7.199681396484375
1452	7.175447998046875	7.229237060546875
1453	7.104055786132813	7.271268310546875
1454	7.057329711914062	7.31291259765625
1455	7.3455963134765625	7.079364013671875
1456	7.1341259765625	7.076493530273438
1457	7.161665649414062	7.084962158203125
1458	7.27370849609375	7.2406005859375
1459	7.1320947265625	6.88745361328125
1460	7.086885375976562	7.22546142578125
1461	7.200195922851562	7.1659918212890625
1462	7.019522094726563	7.039834594726562
1463	6.974627075195312	7.031466064453125
1464	7.152528686523437	7.05895751953125
1465	7.053555908203125	7.06939697265625
1466	7.156571655273438	6.967579345703125
1467	7.117318725585937	6.9913787841796875
1468	7.028548583984375	6.730311279296875
1469	7.00983642578125	6.965936279296875
1470	6.951166381835938	6.847869873046875
1471	6.881212768554687	7.01408203125
1472	7.09482177734375	7.042327880859375
1473	7.089286499023437	7.1731787109375
1474	7.179382934570312	7.014154052734375
1475	7.070967407226562	7.11186279296875
1476	7.00875	7.0992889404296875
1477	7.168671264648437	6.985462036132812
1478	7.10782470703125	6.886852416992188
1479	7.093109130859375	6.985695190429688
1480	7.1509423828125	7.10286376953125
1481	7.2101202392578125	7.09482177734375
1482	7.123553466796875	7.092638549804687
1483	6.928283081054688	7.151592407226563
1484	6.9091064453125	7.278685913085938
1485	7.107984619140625	7.048963012695313
1486	7.152833862304687	7.011165161132812
1487	7.26071044921875	6.926098022460938
1488	7.070156860351562	7.324476928710937
1489	7.1814642333984375	7.33262451171875
1490	7.175764770507812	7.263662109375
1491	7.059804077148438	7.15713134765625
1492	6.944682006835937	7.040796508789063
1493	7.06544677734375	7.119351196289062
1494	6.814801635742188	7.166154174804688
1495	6.965439453125	7.075176391601563
1496	7.149986572265625	7.11139892578125
1497	7.0095947265625	7.045113525390625
1498	7.059556274414063	6.96827392578125
1499	7.27986328125	7.025266723632813
1500	7.09314208984375	7.223653564453125
1501	7.240717163085938	7.22571044921875
1502	7.135737915039062	7.102754516601562
1503	6.867673950195313	7.053552856445313
1504	7.055807495117188	7.098019409179687
1505	6.90965087890625	7.040552368164063
1506	7.2039947509765625	7.037855224609375
1507	7.19829833984375	7.033985595703125
1508	7.106712646484375	7.0125244140625
1509	7.07495361328125	7.049559326171875
1510	7.119310913085937	7.137828979492188
1511	7.138638916015625	7.070147094726562
1512	7.025823974609375	7.04379150390625
1513	7.033912353515625	6.963695678710938
1514	7.21852783203125	6.973715209960938
1515	7.193526000976562	7.225560913085937
1516	7.09241943359375	7.1686029052734375
1517	7.024122924804687	7.266046142578125
1518	7.129086303710937	7.186480102539062
1519	7.1744140625	7.091632690429687
1520	6.90421875	7.042903442382812
1521	7.02006103515625	6.899130249023438
1522	7.106064453125	7.08531005859375
1523	7.079617309570312	7.17461181640625
1524	6.960182495117188	7.049143676757812
1525	7.089815673828125	6.949551391601562
1526	7.089335327148437	7.101654052734375
1527	7.223911743164063	6.980003662109375
1528	7.096448364257813	6.9706201171875
1529	6.936372680664062	6.874256591796875
1530	7.196018676757813	6.91882568359375
1531	7.108822631835937	6.974520263671875
1532	7.021036376953125	6.9625732421875
1533	7.085755615234375	7.046609497070312
1534	6.862679443359375	7.22772216796875
1535	7.03211181640625	7.1416943359375
1536	6.892110595703125	6.908665771484375
1537	7.05441162109375	7.092948608398437
1538	7.075786743164063	7.2079315185546875
1539	7.354931030273438	7.06662109375
1540	7.213025512695313	7.162796630859375
1541	7.019219970703125	7.169613647460937
1542	7.177006225585938	6.98964111328125
1543	7.039140014648438	7.138616333007812
1544	7.082401123046875	7.139530639648438
1545	7.099855346679687	7.145275268554688
1546	7.063126831054688	7.09283935546875
1547	7.1942596435546875	7.317568969726563
1548	7.076826782226562	7.110678100585938
1549	7.048635864257813	7.010584106445313
1550	7.019916381835937	7.044468994140625
1551	7.140272827148437	6.916071166992188
1552	6.962479248046875	7.014373168945313
1553	7.110639038085938	7.141698608398437
1554	6.9894921875	6.8578948974609375
1555	7.08506591796875	7.017904052734375
1556	7.083339233398437	7.039017944335938
1557	6.99857666015625	7.10927001953125
1558	6.921405029296875	6.93562255859375
1559	7.002543334960937	7.08187744140625
1560	6.954826049804687	7.144797973632812
1561	6.983748779296875	7.000767822265625
1562	6.923739013671875	7.134634399414063
1563	7.292206420898437	6.986806640625
1564	7.079520263671875	6.826358642578125
1565	7.044186401367187	6.997952880859375
1566	7.001073608398437	7.060527954101563
1567	7.125343627929688	7.12853759765625
1568	7.070543212890625	7.091356811523437
1569	6.9111083984375	6.985033569335937
1570	6.945997314453125	7.041265258789062
1571	6.85378662109375	7.012547607421875
1572	7.006672973632813	6.985262451171875
1573	7.222423095703125	7.020208129882812
1574	7.295759887695312	7.010154418945312
1575	7.029476318359375	7.011438598632813
1576	6.92410400390625	7.46693115234375
1577	6.938564453125	7.304296875
1578	6.957484130859375	6.972691650390625
1579	7.17619384765625	7.050038452148438
1580	7.033087158203125	7.027828369140625
1581	7.023588256835938	7.179180297851563
1582	7.100628662109375	7.0327996826171875
1583	6.96527099609375	7.177725830078125
1584	7.120298461914063	7.123421020507813
1585	6.922177124023437	7.18138916015625
1586	6.8127069091796875	7.061715087890625
1587	7.1513128662109375	7.02878662109375
1588	7.130740966796875	7.011783447265625
1589	7.00649658203125	6.93806884765625
1590	6.9178533935546875	6.914335327148438
1591	6.819271850585937	7.037667236328125
1592	7.05906494140625	7.042171020507812
1593	6.947239379882813	6.89549072265625
1594	6.981427001953125	7.019373168945313
1595	7.1715185546875	6.924749145507812
1596	7.045869750976562	7.3310089111328125
1597	7.142713623046875	7.194026489257812
1598	7.15314453125	7.066285400390625
1599	7.070621948242188	6.886868286132812
1600	6.927539672851562	7.043530883789063
1601	6.880114135742187	6.910465698242188
1602	6.919215698242187	6.819647216796875
1603	7.007882690429687	7.069755859375
1604	6.942392578125	7.1306640625
1605	6.824234619140625	6.986337280273437
1606	6.989683227539063	7.013854370117188
1607	6.963617553710938	6.951064453125
1608	6.96508544921875	7.228704223632812
1609	7.056697387695312	6.995911865234375
1610	7.056669311523438	6.881158447265625
1611	7.03831787109375	6.976459350585937
1612	7.05937255859375	6.986370849609375
1613	7.031573486328125	7.042579345703125
1614	7.019536743164062	6.8900048828125
1615	6.924501953125	6.96958740234375
1616	6.914488525390625	7.127588500976563
1617	7.0297479248046875	7.18476318359375
1618	6.87458740234375	7.142657470703125
1619	7.005324096679687	7.180723266601563
1620	6.849219970703125	7.049774780273437
1621	7.0006646728515625	7.0303802490234375
1622	6.982098999023438	7.08984375
1623	7.0236376953125	7.159473876953125
1624	6.976177368164063	7.034498291015625
1625	6.89491455078125	6.927124633789062
1626	6.97079345703125	7.126194458007813
