mass_1	mass_2	phase	time	distance	a_1	a_2	tilt_1	tilt_2	phi_12	phi_jl	theta_jn	psi	ra	dec
0.58515	0.48754	0.04785	0.61325	0.13312	0.05319	0.05025	0.02641	0.01533	0.04883	0.0733	0.14449	0.05035	0.18719	0.1473
0.5975	0.46655	0.04648	0.61183	0.13252	0.05023	0.05265	0.02883	0.01562	0.04784	0.07368	0.14385	0.04738	0.18285	0.1428
0.60243	0.45442	0.0467	0.6192	0.13139	0.05025	0.05284	0.02906	0.01608	0.04772	0.07367	0.14256	0.04677	0.17822	0.14459
0.59977	0.44212	0.04597	0.62331	0.13206	0.05015	0.0521	0.0281	0.01616	0.04754	0.07329	0.14158	0.04918	0.18523	0.14691
0.59467	0.43972	0.04648	0.60389	0.13301	0.05256	0.04923	0.02622	0.0167	0.04742	0.07452	0.13918	0.04667	0.19207	0.15084
0.58857	0.43481	0.04609	0.61152	0.13165	0.05201	0.04838	0.02622	0.01676	0.04714	0.07533	0.14015	0.0444	0.20311	0.14949
0.58916	0.43204	0.04624	0.61074	0.13176	0.05205	0.04795	0.02595	0.01606	0.04598	0.07385	0.14233	0.04688	0.21038	0.15129
0.58025	0.43491	0.04639	0.61895	0.13304	0.05447	0.0479	0.02553	0.01612	0.04551	0.07596	0.14107	0.04709	0.21019	0.14958
0.58673	0.43197	0.04587	0.61994	0.13324	0.05447	0.04767	0.02412	0.01714	0.04626	0.0759	0.14181	0.04735	0.20609	0.15404
0.58512	0.43569	0.04628	0.60929	0.13393	0.05339	0.04802	0.02453	0.01651	0.0461	0.07544	0.14073	0.04692	0.20815	0.15404
0.58429	0.43537	0.04707	0.59688	0.13221	0.05186	0.04657	0.02492	0.01576	0.04637	0.07439	0.14012	0.04689	0.20643	0.15093
0.58542	0.43666	0.0468	0.62549	0.13317	0.05321	0.04812	0.02566	0.01585	0.04623	0.07435	0.13928	0.04564	0.20883	0.15143
0.58628	0.43751	0.04584	0.59478	0.13421	0.05149	0.04773	0.02588	0.01505	0.04671	0.07546	0.13874	0.04599	0.2076	0.14918
0.57993	0.43155	0.04667	0.61688	0.13345	0.0513	0.04684	0.02457	0.01623	0.0474	0.07531	0.14134	0.04629	0.20652	0.14776
0.57972	0.43506	0.04677	0.6187	0.13452	0.05233	0.04782	0.02273	0.01587	0.04718	0.07395	0.1382	0.04641	0.20653	0.14765
0.58143	0.43466	0.04574	0.59571	0.13478	0.05375	0.04676	0.02426	0.01625	0.04785	0.07538	0.14169	0.04579	0.21035	0.1476
0.57916	0.44096	0.0464	0.63064	0.13463	0.0525	0.04775	0.02426	0.01627	0.04569	0.07422	0.1393	0.04633	0.21209	0.14757
0.57251	0.4402	0.04573	0.62819	0.13552	0.05212	0.04646	0.02417	0.0155	0.04732	0.07469	0.13805	0.04697	0.21143	0.14957
0.57415	0.44117	0.04718	0.60896	0.13443	0.05138	0.04766	0.02545	0.01434	0.04638	0.07493	0.14031	0.04552	0.20832	0.14963
0.5742	0.44386	0.04557	0.59624	0.13381	0.05185	0.04598	0.02486	0.01598	0.04698	0.07358	0.1387	0.04724	0.21091	0.14613
0.57084	0.44367	0.04526	0.61625	0.13432	0.05289	0.0474	0.02444	0.01558	0.04766	0.07497	0.14074	0.04557	0.21527	0.14872
0.57209	0.44412	0.04593	0.6017	0.13387	0.0535	0.04763	0.02455	0.01609	0.04592	0.07309	0.14166	0.04625	0.21182	0.15166
0.56226	0.44192	0.04528	0.61604	0.13535	0.05071	0.04554	0.02495	0.01622	0.04666	0.0729	0.1391	0.04665	0.21175	0.14918
0.56145	0.4441	0.04591	0.62454	0.13687	0.05275	0.0461	0.02569	0.0152	0.04668	0.07382	0.13988	0.04597	0.21002	0.14631
0.56282	0.44006	0.04688	0.64002	0.1376	0.05182	0.04681	0.02452	0.01544	0.04562	0.07431	0.13958	0.0453	0.21167	0.1489
0.56189	0.4463	0.04566	0.60617	0.1358	0.05228	0.04558	0.02386	0.016	0.04594	0.07377	0.14	0.04626	0.21505	0.14893
0.56623	0.45114	0.04493	0.60955	0.13836	0.05173	0.0463	0.02419	0.01611	0.04759	0.07339	0.1381	0.04579	0.20817	0.14563
0.56327	0.45142	0.04617	0.61988	0.13548	0.05233	0.04517	0.02459	0.01674	0.04597	0.07491	0.13996	0.04614	0.20516	0.1489
0.56795	0.45395	0.04536	0.63549	0.13542	0.05107	0.047	0.02515	0.01623	0.04555	0.07379	0.13924	0.04714	0.20517	0.1498
0.56677	0.44903	0.04628	0.60248	0.13648	0.05232	0.04621	0.0254	0.0156	0.04549	0.07433	0.13853	0.04699	0.20568	0.14766
0.58547	0.44799	0.04684	0.62153	0.13783	0.05384	0.04557	0.0243	0.0153	0.04596	0.07545	0.13787	0.0458	0.21033	0.14574
0.60089	0.45075	0.04517	0.60987	0.13589	0.05103	0.04767	0.02562	0.01545	0.04592	0.07448	0.14105	0.04526	0.21846	0.14709
0.60283	0.446	0.04569	0.60893	0.13734	0.05234	0.04651	0.02473	0.0154	0.04587	0.07257	0.13931	0.0457	0.21238	0.14961
0.59982	0.44529	0.04741	0.62192	0.13494	0.05172	0.0462	0.02544	0.01584	0.04462	0.07165	0.13933	0.04535	0.2096	0.14868
0.58712	0.44996	0.04563	0.61454	0.13412	0.05011	0.04506	0.02496	0.01632	0.04642	0.07465	0.1393	0.0456	0.20755	0.1498
0.59045	0.44808	0.04634	0.61488	0.13437	0.05199	0.04569	0.02409	0.0153	0.0461	0.0718	0.13692	0.04646	0.20173	0.14753
0.58011	0.45537	0.04468	0.60032	0.13728	0.05137	0.04598	0.02523	0.01601	0.04544	0.07404	0.13914	0.04602	0.20469	0.15231
0.58445	0.45319	0.04558	0.59708	0.13547	0.0525	0.046	0.02502	0.01673	0.04698	0.07386	0.13767	0.04693	0.20555	0.15046
0.58045	0.45035	0.04503	0.63842	0.13676	0.05244	0.04602	0.02607	0.01616	0.04496	0.07557	0.13855	0.04615	0.20355	0.14709
0.58124	0.45741	0.04558	0.61939	0.13525	0.05119	0.04642	0.02559	0.01505	0.04487	0.07358	0.13859	0.04579	0.20521	0.15049
0.58101	0.46069	0.04505	0.62487	0.13649	0.05254	0.04548	0.02452	0.01542	0.04604	0.07431	0.13957	0.04559	0.20672	0.1482
0.57928	0.45622	0.04536	0.62107	0.13565	0.05153	0.04426	0.02547	0.01556	0.0449	0.07223	0.13771	0.04647	0.20832	0.14946
0.57758	0.44933	0.04543	0.60457	0.13511	0.05258	0.04584	0.02547	0.01594	0.04553	0.07127	0.13864	0.04842	0.21378	0.14776
0.58086	0.46	0.04695	0.6145	0.13843	0.05151	0.0464	0.02564	0.01524	0.04629	0.07503	0.13763	0.04627	0.21247	0.15227
0.58476	0.45993	0.0448	0.63347	0.13669	0.05138	0.04585	0.02568	0.01542	0.04567	0.07205	0.14018	0.04508	0.20476	0.15085
0.58161	0.45504	0.04502	0.60925	0.13884	0.05194	0.04617	0.02528	0.01579	0.04524	0.07458	0.13785	0.04474	0.19989	0.14976
0.58322	0.4571	0.04614	0.62923	0.13799	0.05116	0.04613	0.02493	0.01539	0.04581	0.07122	0.13952	0.04463	0.20379	0.15043
0.57504	0.45808	0.04558	0.61452	0.13785	0.05149	0.04522	0.02486	0.01542	0.04469	0.07389	0.13838	0.04587	0.20951	0.15009
0.58477	0.45356	0.04475	0.60671	0.13997	0.05118	0.04504	0.02529	0.01487	0.04599	0.07262	0.13892	0.04599	0.21176	0.15089
0.57806	0.45371	0.04586	0.61165	0.14287	0.05133	0.04484	0.02554	0.01555	0.0444	0.07356	0.13972	0.04673	0.20866	0.15141
0.58175	0.45516	0.04637	0.6304	0.14417	0.04978	0.04445	0.02629	0.01591	0.04554	0.07413	0.14014	0.04586	0.20481	0.14937
0.58595	0.4539	0.0447	0.63083	0.14228	0.05112	0.0459	0.02568	0.01516	0.04516	0.07338	0.138	0.04466	0.20758	0.14959
