mass_1	mass_2	phase	time	distance	a_1	a_2	tilt_1	tilt_2	phi_12	phi_jl	theta_jn	psi	ra	dec
0.51528	0.42744	0.04959	1.32706	0.25393	0.0534	0.05148	0.05322	0.03286	0.04929	0.19572	0.4502	0.04809	1.21539	0.71679
0.53378	0.43158	0.04889	0.99433	0.24668	0.05465	0.05168	0.05883	0.03112	0.04958	0.19535	0.44514	0.04906	1.61893	0.71207
0.5409	0.43427	0.04833	0.86543	0.24463	0.05347	0.05198	0.05913	0.03061	0.04651	0.19948	0.44496	0.04828	2.05289	0.6996
0.54218	0.43873	0.04854	1.01514	0.24233	0.05288	0.05011	0.057	0.0318	0.0473	0.19813	0.43981	0.04932	1.88209	0.70384
0.53973	0.44094	0.04688	0.89443	0.24345	0.05238	0.04918	0.05417	0.03228	0.04781	0.20327	0.44392	0.0488	0.97602	0.70356
0.52495	0.44624	0.04636	1.48038	0.24371	0.0495	0.05027	0.05501	0.03088	0.04702	0.20925	0.44673	0.04801	0.95758	0.70788
0.51772	0.44635	0.04715	1.40004	0.24252	0.04972	0.04914	0.05536	0.03007	0.04894	0.2098	0.44403	0.04785	1.89565	0.7116
0.52227	0.44613	0.04694	1.03815	0.24459	0.05024	0.04887	0.0564	0.03268	0.04784	0.20798	0.44472	0.04883	1.18584	0.7083
0.52046	0.44985	0.04709	1.38777	0.24493	0.0516	0.04895	0.05553	0.02995	0.04753	0.20575	0.44299	0.04922	1.15901	0.71401
0.52658	0.45172	0.0482	1.05803	0.24254	0.05159	0.04797	0.0525	0.0307	0.04658	0.20547	0.43568	0.04659	1.44203	0.70049
0.52371	0.44497	0.04683	0.92533	0.24332	0.04994	0.0488	0.0564	0.03075	0.04604	0.20601	0.43656	0.04752	1.27341	0.70387
0.5265	0.4459	0.04691	0.97263	0.2439	0.05116	0.04937	0.05841	0.03062	0.04667	0.2019	0.4395	0.04749	1.16326	0.69985
0.52455	0.44394	0.04707	0.95826	0.24376	0.04979	0.04724	0.05664	0.02908	0.0478	0.19897	0.4412	0.0476	1.03902	0.7025
0.5245	0.44412	0.04637	1.00283	0.24594	0.0503	0.05011	0.05377	0.03011	0.04646	0.20476	0.44105	0.04876	1.51248	0.69491
0.52191	0.44445	0.04659	0.89618	0.24724	0.04931	0.04894	0.05422	0.03295	0.04384	0.20871	0.44134	0.04763	1.98507	0.69876
0.52085	0.4465	0.04664	0.94648	0.24254	0.04982	0.04981	0.05128	0.03192	0.04693	0.20424	0.43679	0.04847	1.19371	0.70584
0.51975	0.44787	0.04709	1.42507	0.24587	0.0487	0.04758	0.05254	0.03294	0.04647	0.20501	0.44429	0.04743	1.71887	0.71659
0.51861	0.44822	0.04623	0.88882	0.24723	0.04971	0.04922	0.05115	0.03089	0.0449	0.2074	0.44434	0.04779	1.99236	0.70866
0.51663	0.45127	0.04642	1.02797	0.24876	0.04938	0.04891	0.05322	0.02981	0.04663	0.20869	0.4414	0.04788	1.06971	0.70679
0.51831	0.45149	0.04664	0.90794	0.248	0.05011	0.04959	0.05177	0.03154	0.04623	0.21188	0.44255	0.04783	1.14099	0.70603
0.51691	0.45645	0.04593	1.03231	0.2441	0.05053	0.04864	0.05064	0.03176	0.04574	0.21428	0.44718	0.04681	0.96439	0.70536
0.51031	0.45631	0.04547	1.04531	0.24725	0.04848	0.04826	0.0514	0.0331	0.04672	0.2125	0.44411	0.0474	1.79287	0.71209
0.50985	0.46406	0.04549	1.01625	0.24443	0.04973	0.04923	0.05101	0.03371	0.04579	0.21294	0.44439	0.04688	1.88374	0.70114
0.51062	0.466	0.04611	1.14821	0.24889	0.05006	0.04945	0.052	0.03077	0.04608	0.21168	0.44288	0.04738	1.57644	0.70166
0.5033	0.47191	0.04647	1.019	0.24703	0.05017	0.04951	0.05243	0.03265	0.04697	0.21101	0.44522	0.04725	1.24476	0.71046
0.50313	0.47021	0.04645	1.47146	0.24634	0.05031	0.04813	0.05072	0.03134	0.04664	0.2137	0.44638	0.04798	0.99111	0.70118
0.5051	0.4698	0.04654	1.39141	0.2464	0.04915	0.04891	0.05197	0.03113	0.04703	0.21312	0.44569	0.04811	1.00173	0.71068
0.50132	0.47701	0.04645	1.15828	0.24674	0.05035	0.04898	0.05057	0.03273	0.04624	0.21545	0.44101	0.04803	1.22136	0.71712
0.50603	0.47065	0.04561	0.98133	0.24544	0.04883	0.04914	0.05188	0.03177	0.04668	0.21132	0.4429	0.04611	1.56392	0.71366
0.51334	0.47614	0.04552	1.13433	0.24542	0.0503	0.04948	0.04783	0.03323	0.04718	0.21277	0.44323	0.04804	1.52339	0.71656
0.53534	0.45469	0.0459	0.93736	0.2464	0.05027	0.04903	0.05061	0.03249	0.04564	0.21363	0.44281	0.04683	1.90979	0.70586
0.55768	0.45982	0.04588	0.95621	0.24278	0.04939	0.04883	0.05082	0.03239	0.04591	0.21583	0.44295	0.04722	1.43529	0.71177
0.5578	0.44214	0.04572	0.95479	0.24045	0.05019	0.0484	0.05012	0.03314	0.04575	0.21744	0.44485	0.04766	1.37367	0.72067
0.54883	0.4564	0.04553	1.54108	0.24166	0.04857	0.04825	0.05139	0.03199	0.04676	0.21578	0.44446	0.04693	1.00354	0.71844
0.53933	0.46068	0.04574	0.95992	0.244	0.04922	0.04667	0.05215	0.03261	0.04621	0.21279	0.4439	0.04838	2.01179	0.71278
0.53072	0.46039	0.04607	0.91083	0.24334	0.04917	0.0484	0.04976	0.03157	0.04636	0.21598	0.44424	0.04773	1.19749	0.71195
0.52629	0.46443	0.04521	1.05085	0.24616	0.05025	0.04858	0.05239	0.0332	0.04645	0.21384	0.44356	0.04774	1.98569	0.71219
0.5287	0.46755	0.04608	0.91165	0.2427	0.0499	0.04859	0.05036	0.03263	0.04615	0.21528	0.44322	0.04764	1.40738	0.71585
0.52832	0.47039	0.04596	0.92336	0.24241	0.0486	0.04865	0.0495	0.03245	0.0456	0.21222	0.44296	0.04743	1.97628	0.70728
0.51834	0.4659	0.04633	1.01557	0.23981	0.04942	0.04906	0.05107	0.03198	0.0454	0.21252	0.44477	0.04819	0.98993	0.71104
0.51744	0.46784	0.04614	0.99229	0.23975	0.04988	0.04798	0.04961	0.03104	0.046	0.21219	0.44396	0.04801	0.95051	0.71947
0.52623	0.47707	0.04565	0.96338	0.2409	0.04995	0.04919	0.05158	0.03177	0.04555	0.21122	0.44746	0.04614	0.9498	0.70958
0.52369	0.46744	0.04602	1.2707	0.23975	0.04874	0.04916	0.05067	0.03185	0.04572	0.21102	0.4472	0.04779	1.16939	0.71418
0.52178	0.47548	0.04498	1.05416	0.23999	0.05025	0.04771	0.0489	0.0318	0.04539	0.21225	0.44071	0.04734	1.0266	0.71794
0.52838	0.47908	0.04489	0.98188	0.24342	0.05003	0.04825	0.04956	0.03192	0.04526	0.21544	0.44798	0.04707	0.99128	0.70889
0.52367	0.47293	0.04546	1.44718	0.24234	0.04842	0.04819	0.04854	0.03195	0.04527	0.21261	0.44263	0.04663	1.86563	0.71182
0.51942	0.46758	0.04548	1.00119	0.24271	0.04984	0.0491	0.04989	0.03123	0.04594	0.21357	0.44546	0.0465	0.94756	0.71394
0.51566	0.46994	0.04755	1.5349	0.24514	0.04841	0.04939	0.04883	0.03235	0.04659	0.21073	0.44324	0.04895	1.42408	0.70454
0.52004	0.46675	0.0458	0.89931	0.24492	0.04875	0.04765	0.04826	0.03174	0.04508	0.21635	0.44689	0.04786	1.77204	0.69882
0.52209	0.47273	0.04673	0.95077	0.24914	0.04898	0.04864	0.04932	0.03089	0.04566	0.21341	0.44284	0.04728	1.15343	0.7099
0.52257	0.47427	0.04643	1.03333	0.24982	0.0494	0.04867	0.04975	0.03282	0.0446	0.21258	0.44216	0.04763	1.20127	0.71494
0.52154	0.46952	0.047	0.98619	0.25039	0.0505	0.05022	0.04871	0.03024	0.04626	0.21204	0.44169	0.04699	0.97302	0.72006
