mass_1	mass_2	phase	time	distance	a_1	a_2	tilt_1	tilt_2	phi_12	phi_jl	theta_jn	psi	ra	dec
12.088787802480269	11.73497078820808	0.5231082496490439	9.511033941954404	6.208209558363258	0.8848212062579925	0.8295173560221367	1.0295258480737106	0.312754446927492	0.5126501762944164	0.5039481397597005	0.9246277571772166	0.5194836534947054	1.0561627832090499	0.6984258799038419
12.07189067233431	11.607117103708221	0.5028595118148674	9.867811512430672	6.5718033588021285	0.8976855763920611	0.8282935147521406	0.9979167114457052	0.3167091974419582	0.5083422448005313	0.5050352870277645	0.9009239272161746	0.5205227894535306	1.0803687826640056	0.6951422849963564
12.138412898999471	11.614931634689393	0.48790858605538995	9.633435205841204	6.770411088911096	0.9044593832597039	0.8232016295014124	0.9846330270048984	0.3201506058598658	0.5248630814896805	0.5181050111841055	0.8836142160821437	0.5169716530673778	1.0606557588120893	0.6873645289296159
12.250116299632444	11.553872066632257	0.5036004283860931	9.379604819754437	6.933502149596885	0.875136028948229	0.8116092808418771	1.0044678489421461	0.319083697040949	0.5250866270424782	0.5159208571311447	0.8821002720357014	0.5066307088617554	1.056260415574573	0.6979464741309399
12.07818484165637	11.689098347136012	0.5020462959057687	9.256168216958477	6.947396817470648	0.875108000385033	0.8172498810406156	1.0455111025639694	0.31114476532975527	0.5167742354136087	0.5136504581051001	0.8857977426757533	0.5181509298412068	1.0487085518400143	0.6917336851755799
12.052929804369969	11.675324725370649	0.4935180916953669	9.246884016013883	6.847561948686301	0.8415986935317817	0.7940082880104063	1.060626946215135	0.32287238436215504	0.5045725656072185	0.5209711649622505	0.8727238364052482	0.5092893827553362	1.0362767908935189	0.7044034117403885
12.120369076854788	11.782872672000048	0.4971211738994086	9.062460104879547	6.837108590679716	0.8793944342538698	0.8203653080339272	1.0315534581035581	0.31457694784590295	0.5016590446481808	0.530044067816373	0.8778140147480742	0.5211036791228729	1.0377464582051577	0.6878668660931435
12.06256836821317	11.614454399028205	0.5073103259785761	8.887941135707766	6.834156219257413	0.8465299029473008	0.7935847010206842	1.064767919341075	0.30579752850075925	0.5271311103498736	0.518889662485353	0.8836863974289321	0.5210457009662982	1.0540832051873854	0.6970190736125791
12.060262842459688	11.641625138314767	0.5060921743267845	9.073701440408655	6.809009000725659	0.8520105471196283	0.8121340841415121	1.0606032532198928	0.2976750678307324	0.5123692634863264	0.5168990458036442	0.8871481736910677	0.5053802345835167	1.0472026449649783	0.7053764562522407
12.035836810054274	11.615281425909197	0.5133716649538028	9.169690746457679	6.844279908429092	0.8562548243579394	0.806429896214646	1.0641778957540307	0.31455156399250184	0.48778146114752785	0.5094845888015058	0.8741458823950158	0.5101540520777093	1.0387225239710807	0.7107304535824085
12.127233000282548	11.79914650741813	0.5164117585194596	9.208370167615746	6.767011874553671	0.8561633449936982	0.7926541290868014	1.0627788807857876	0.3140509744645282	0.5212383754212063	0.5054502134273585	0.886716817009358	0.5246276387040737	1.0609047839832666	0.6849141595102499
12.006481288306995	11.81277164351182	0.5109054205226219	9.000781629888383	6.779622769832752	0.8656188914854799	0.7824477460944727	1.0668130119714732	0.3151700011580245	0.49532413996101715	0.5136260533891157	0.8723270455921495	0.5128888555034224	1.0433023722417925	0.6988512158955994
12.169956913440569	11.718852169137596	0.5170215286392028	9.271260594574198	6.746672062414272	0.875936760200409	0.7949410025213315	1.0642633982229797	0.3069623020702591	0.50181378664177	0.5090736488713428	0.8747433123014218	0.5111572449827069	1.0308181218529153	0.7092107260067017
12.030746911536339	11.643402971588545	0.5053896301583236	9.122897079163177	6.789170968264878	0.8856171127200014	0.7858247943707478	1.077126879101681	0.29978379093075996	0.5072611838990772	0.5110686907601627	0.8651425654670531	0.5176921039360693	1.0628153094752093	0.717669619754423
12.024808664377636	11.743298859119355	0.5129501761320776	8.991592630201684	6.796039849694577	0.8768418123839322	0.8030028607379469	1.0839775590014895	0.3057184536697352	0.49879770929600104	0.521545609932998	0.8676299145030592	0.501243258129289	1.0590367732485018	0.7057594009800239
12.093550909512919	11.74096094128956	0.5171253881214835	9.019417768836485	6.886457304157798	0.8566411413132734	0.7739535442449091	1.086901000422303	0.29077199573783863	0.5140921904482058	0.519234377452321	0.8715754451169668	0.5149195442955866	1.0395678797061014	0.7025102496931305
11.970165211295594	11.817544717171856	0.5105336661079339	9.068271919911036	6.8589258447673345	0.8794931276407587	0.7777353168420643	1.0890113109512254	0.28501754891844644	0.512034975937542	0.5170156176234232	0.8751897735314726	0.5208178655724278	1.0482944119841688	0.7032619141297262
12.080670996343496	11.619525529040006	0.5010636121516387	9.162300529626778	6.822635994697701	0.8556037988054624	0.778923947494997	1.0838667872956902	0.3023001519038528	0.5163136043891818	0.5133807577395818	0.8713273006337293	0.5067769743700175	1.0533883859583557	0.7012906697788247
12.10784836591553	11.680513856304414	0.5152433209834171	9.189023879295217	6.7241078034605835	0.8586607024526229	0.7894249793861066	1.1022466472129364	0.2927816399546206	0.5250768701485952	0.5132407418697111	0.8666820754366737	0.49608376998045794	1.0665834138905774	0.6820836401359818
12.016712540847305	11.629369637156573	0.5089025290618724	9.026770176229098	6.766437409768031	0.8752612399720029	0.7763094999049761	1.0919662935988728	0.301831969498942	0.4960125642079644	0.5262416448336406	0.8791528222854142	0.4856660528028186	1.0664973252313532	0.6949733085160753
11.951196471760493	11.634446561693736	0.4982532973175263	9.065058966342376	6.903584807829358	0.8761527719707893	0.8032431193636804	1.0771047647463574	0.30613248501514684	0.5085905526726814	0.533923046389127	0.8816373017467	0.5168634344833873	1.059154949938555	0.6949675609291971
12.086099735915344	11.772873422607347	0.49948155948879874	9.21029580133989	6.836991076436366	0.8732358893806973	0.8152681558547642	1.1080384547748072	0.2953598977285556	0.5068364552227581	0.5311020869922353	0.872196544115754	0.5121581205379052	1.0624724357649549	0.6759716275073615
11.97343685680942	11.767773780394261	0.5240660038349169	9.15036389335278	6.864885292905794	0.8720710387852437	0.8017395444545956	1.1085262463756154	0.290875532180324	0.4992444946825806	0.5160089877685154	0.8835914484631612	0.5104410956268385	1.043824630617378	0.7016093232383179
11.933268353881017	11.75361672934585	0.5079626822865225	9.207078330478506	6.885449417948589	0.8453122761867243	0.7809044419579584	1.0773491489470974	0.3017446597007666	0.5119096549282737	0.5242271018836516	0.8656671023221038	0.4965696393490108	1.063032982500835	0.6783816769499309
11.912028909592937	11.630060300930047	0.48091766464351826	9.10209089104336	6.879562788482253	0.8443780172855332	0.7680393763845784	1.0883978332380781	0.30781140280617336	0.5034359721666146	0.517267357817809	0.8563113533157584	0.5183291433030568	1.0641859854131703	0.7029749769847099
11.89827647316599	11.747193760878462	0.5021370011911578	9.216281233201705	6.903154594695508	0.858384428621571	0.7953927347566188	1.1184035674629038	0.2840137444160442	0.5068283306150875	0.5192259420560036	0.8726421736169145	0.5223373598835325	1.0536997480936607	0.6882759697750079
11.890138192224535	11.733694698557919	0.508748308511596	8.988640774801445	6.937113608445378	0.8721844318844542	0.8030341568572558	1.0969808869163835	0.3019920109730363	0.5210063642011327	0.5384664554592059	0.8660185387251025	0.513159674389614	1.0332120495206563	0.6728317380858188
11.908981138417124	11.725832964256702	0.4995740163440715	8.940465080330483	6.962990791781839	0.8621416079957627	0.7894551974557433	1.1203663790340084	0.3026903223416085	0.5057716461417621	0.5188219329167444	0.872050139288705	0.5356078356956382	1.0620706271941405	0.682838471720769
12.050648981063993	11.507867112537305	0.499330814183162	8.87050113210203	7.014016127143052	0.8550043870492754	0.7683036522157265	1.1240768717105514	0.2962371779372052	0.5102852387563719	0.5219740172351438	0.8574873550338615	0.5215138571647349	1.0631175643159843	0.6783298952156568
11.90634617312983	11.781958496023552	0.5079432123247232	8.915866760513833	6.92414231485939	0.8373831040597967	0.7771585953186437	1.1379555330767321	0.29531290761037865	0.5111809557540424	0.5193814308904982	0.8603062321367303	0.5191342444268224	1.0476229752966861	0.6918480763479272
12.027314315796469	11.70643875265302	0.4872419984141003	9.221122156796214	6.764525712676736	0.8409625628099059	0.7844101726364905	1.126279093406845	0.3112796173646322	0.49808092922597924	0.5133680763484428	0.8632960075824524	0.5091730939383915	1.0488513951999126	0.6910871240896886
11.86038009153918	11.6312056955425	0.5093320627787333	8.977666159161789	7.0709540628003476	0.8492841554266777	0.7684464578147037	1.081619585330299	0.3011063190038422	0.5153869725780114	0.5316196216502868	0.8678638060217665	0.526636024014811	1.0399905424850866	0.6859909643471934
11.947049708207564	11.59994066299759	0.5040441835748142	9.280517187944143	7.110490205885085	0.8532703028202125	0.7985933653059042	1.1228444925702703	0.30604477902638244	0.5045207698432023	0.5338139777204823	0.8782797799721115	0.5290840580435094	1.057834382962734	0.6863122518456631
11.97356898805084	11.541202769655246	0.49691334429019346	9.121717801485419	7.004325753205447	0.859442944587893	0.7781998878885623	1.1238621490306508	0.2972502280012852	0.5152215141090135	0.5502864813893915	0.8720950721902628	0.5054356780932143	1.0694791301057012	0.7021265784202034
11.791465566228018	11.640180594539059	0.4927164856694399	9.084422391918482	7.03539886722559	0.8715656182913442	0.7779372027910169	1.1014775176845475	0.2917120153968044	0.5094076225895166	0.5169182395191343	0.8639659656569699	0.5219286045896098	1.0382658991287663	0.6827322196221893
11.83443425731601	11.605553435443316	0.5088129630048429	8.87530345520063	7.073378409228778	0.8648834554551106	0.7849697593731547	1.1228599972590385	0.29504749640415406	0.5000722769771923	0.4967245073390023	0.869725413536532	0.5150645592979618	1.023893766404533	0.6784846430058353
11.894704640925843	11.448256979797689	0.5148366415065323	9.009235689548403	6.992951190148946	0.8535226003063939	0.7846391415774411	1.1032695742872964	0.2962518729667333	0.48994605822631165	0.5006757776129359	0.8589573994557959	0.5077957334315933	1.0562805677118916	0.6897300137431042
11.836506229900747	11.515017914912274	0.5016528872226492	8.966446258279095	7.1048701141507085	0.8578658814594844	0.7882715539441517	1.1087265854862691	0.3028915460204417	0.49724822495594	0.5082809376596858	0.8574613897633477	0.5221590404138093	1.045159873519845	0.6786035628896228
11.861767034930068	11.44969382819445	0.5126907003495026	9.006721608625345	7.057336813992536	0.8516782750638887	0.7994523684860262	1.1069780848249016	0.2976473396762066	0.4701558768130213	0.5258506649995229	0.860937872424246	0.5164653228397409	1.0555008434949775	0.6919430743645519
11.963939338938033	11.60862087015822	0.48497197779782325	8.887335374385573	7.076487646507271	0.840474602462934	0.7878591157429357	1.1067750215978824	0.31080249086682976	0.49439211506697106	0.491764303325601	0.8671714971032207	0.5053458072943612	1.0683087335645725	0.6904328923459693
11.829629618016257	11.692425948576282	0.5049934499332464	8.871848869712583	7.102640920327865	0.8472745917731519	0.774247408908715	1.1295296227471332	0.30376346549804445	0.48856490425666	0.5023759299964937	0.8559659736699933	0.5147864877543453	1.0463687886392201	0.6688166169497781
11.858517710853619	11.725667833937417	0.5035346181900684	9.152590250257228	7.111028572976193	0.8671252291383031	0.7729380952021734	1.1071160843052568	0.2966694317831394	0.5099866891042493	0.5042090559562826	0.864117530470982	0.525095706678235	1.019429170590722	0.6837835192860686
11.835338763742168	11.64775941598256	0.4824788870028099	9.026076779867608	7.1368644708033875	0.8613423372398255	0.7881963469941778	1.1153862338774334	0.297065418992863	0.48382833599574504	0.5093305226962821	0.8736122395693541	0.5277944145960848	1.0523119605604965	0.6762668694711231
11.885543201298328	11.595400284996277	0.5038001447572709	9.110568451100342	7.230432624686094	0.8396667518151326	0.7684827870088016	1.1052188112766421	0.2959029293840832	0.49226114618917427	0.4918449890617649	0.8757251953213259	0.5299197918149803	1.033605117470037	0.6791668956927205
11.825473215099988	11.587315183151782	0.4824565610465724	9.01202418562671	7.174859878056769	0.8062710044519041	0.7996288035981827	1.092515350122614	0.29953274825116305	0.501320714554994	0.5102912738508073	0.8660171119175064	0.5164254523856442	1.0586273928656567	0.6689203846190774
11.820619396424902	11.679912679042452	0.48717345965677733	8.865265713184334	7.32964269787003	0.8442529922630565	0.7848387289373722	1.1161104557930637	0.30194171643292494	0.48450589125618	0.5294331841875853	0.8649196889182083	0.49915569455901615	1.0882851060370837	0.6738391735150789
11.991867012757856	11.675994833847353	0.46921492959641053	8.996376100105408	7.292864095452713	0.8494825980920166	0.7901176352381718	1.1246642498871284	0.2983498935070157	0.4703242236261501	0.5100892754189681	0.857132445297828	0.517246083742537	1.0754451242815561	0.691347409477908
11.832850267281335	11.59625485706916	0.49624877477721213	9.137056411463615	7.157136315731829	0.8504131225132301	0.7949427469676943	1.113074513710954	0.2915910854631884	0.4862918439103201	0.530093406215332	0.882398631206388	0.530513226355548	1.0597689826829588	0.6855961719860981
12.031547821561924	11.479794750827676	0.48784363939816466	9.18821652835619	7.2242846440936015	0.8370635026242578	0.799929738379608	1.1461063343059508	0.29723438783334977	0.4821821641739106	0.5166702246207985	0.8712435081068242	0.5066342215037825	1.0457270486022923	0.67690705546528
11.860891610268341	11.443914203640212	0.5033126194091806	8.998282711986608	7.227746001998429	0.8593957865272126	0.7730361744375462	1.0967991051612318	0.294996609136252	0.48258085411350077	0.5150103979688713	0.8737330326737116	0.513312447850204	1.0734799135448476	0.6684829399303972
12.060422821008439	11.559507036356173	0.5051289947170924	9.08140967634567	7.223829715225182	0.8269137255799326	0.790668177619276	1.1279117107495065	0.29102157716324717	0.4898757851667178	0.5204281131269406	0.8709396399693787	0.5014713154214429	1.041043982985887	0.6922072485702276
11.912220104085854	11.64458885196036	0.4837743713922877	8.861116993301621	7.162537693606918	0.8504142846583479	0.7967068678446189	1.1417602507838787	0.3029214287370432	0.4910462535490776	0.49438985354708087	0.855375017622626	0.510529148097601	1.0618377360296407	0.6976571015815783
11.844177942777103	11.64415209712202	0.4882786625109653	9.09934610201326	7.2315305689742795	0.8532683388875418	0.7774087717299324	1.117884542937323	0.29661021809406973	0.48106010557163004	0.5082587220697721	0.8708975147002391	0.5033888979002623	1.0386478811214988	0.6877774586921117
