mass_1	mass_2	phase	time	distance	a_1	a_2	tilt_1	tilt_2	phi_12	phi_jl	theta_jn	psi	ra	dec
6.1583551525074895	6.5818654663424505	0.5188297121676472	9.51249942789382	0.7579990261669665	0.6272661564987123	0.5713458207515457	0.20729902275649528	0.17553940512369207	0.5425035576057144	0.6701399429333882	3.0463792732967185	0.5284435720356252	10.373092578853566	7.5543971727589785
6.427334152972529	6.444412980305491	0.48911592460987735	9.501753569395213	0.7245045596265087	0.614758066639793	0.5571288053847022	0.20295160105318358	0.1766337149958448	0.5272543331257927	0.6914456670075559	3.040546110212185	0.532122761228426	10.418050911263185	7.755061015526573
6.636287545493887	6.328630870692091	0.4808989361096821	9.68962996169219	0.7060524942825787	0.5972507697306515	0.5720312462285284	0.20106276738037301	0.17145678129054912	0.5045242844784612	0.6845425674995357	3.073365103813464	0.5153023604420435	10.462080196312597	7.616484596690603
6.732708811444568	6.270657177660184	0.5130725257554529	9.40995438677006	0.6978302126146055	0.6110987323964321	0.5657759393547002	0.20879331844168528	0.16686889757631387	0.5324920005597369	0.685913509239026	3.0834627930515537	0.5135286246016684	10.650591323227953	7.485620579752058
6.681572773623719	6.24016799137427	0.492294777890485	9.424413594555375	0.7183948191470316	0.6070915032786868	0.548007175256541	0.22058252383212723	0.17380424433565472	0.5070632312243755	0.6861557405328341	3.0384534371937666	0.525997902383608	10.401509609705606	7.3917790381004576
6.576095164127587	6.172588413600998	0.4770769461596518	9.319634766975812	0.7138916083945414	0.6026404475463528	0.5515535150581997	0.2194456179553543	0.18131898335405658	0.5110298269370579	0.7172044684584576	3.0468543035040656	0.5161828712783479	10.892593319732871	7.3482335820152365
6.5395901847696845	6.162134399247893	0.5049895126384756	9.37370518929296	0.7193214111470242	0.6206383817951451	0.53439102342274	0.21838037030646124	0.17116310737992368	0.49086557714829654	0.714831519075751	3.060819085275902	0.5160475053188548	10.437281519620472	7.437599517972788
6.522258348060391	6.175332246084955	0.5051118775458456	9.670872989843177	0.7153944386309391	0.6016752055999285	0.5291956106597269	0.22953190845453433	0.1641744375130317	0.5037392795773534	0.7215831886780395	3.0540011766526862	0.5314093945492316	11.165969774167761	7.399918143321018
6.569143926323661	6.199153534440838	0.49663415732097066	9.525738343964967	0.7171926510688789	0.6129965707879311	0.5260795215423272	0.23971876000555037	0.17489138946578053	0.48181212313021554	0.6894445674110505	3.0259559127131346	0.5097058382111963	10.526160100191122	7.357279353616066
6.62105544262019	6.254737303320153	0.4913074906079427	9.49857749767385	0.7279359902889488	0.6038314504265971	0.5199309665602673	0.22080773720089322	0.17320766485640027	0.5041374238889028	0.6750157844317388	3.0293501746672185	0.5219776508489994	10.324676596401469	7.279221356912802
6.625166334380989	6.243166647717633	0.5169458283612808	9.951494175605395	0.7163117809541388	0.6414051203647504	0.5462870739452023	0.2228541311172877	0.1713991865903668	0.5094516313953678	0.7123123791238617	3.0027767201717137	0.5167277116322111	10.376402299599274	7.260697171146311
6.605893947818433	6.216942387646321	0.49507218704320266	9.50856399651627	0.7195999740449733	0.6196332349490747	0.5167416287768216	0.21136950692229864	0.1652074744076917	0.5014372144031738	0.6822157037576353	3.041141311132323	0.5118959574193716	10.407170455141513	7.380728828923812
6.548699781545857	6.227616979341647	0.4992972824275027	9.875227726922438	0.7234270716639619	0.6201787290786072	0.521983417443523	0.21358419283975366	0.16534949810763716	0.4957677865851894	0.683716885552757	3.0634534549615022	0.50797358155186	10.52671977384773	7.397714993847904
6.606363676060916	6.297773578066458	0.5165257424640615	9.494646919183271	0.7266822454693653	0.6287523003291874	0.5392240754439775	0.21464867403120821	0.16914793997529773	0.5022910004752549	0.6908831464843553	3.024653570278661	0.5029383845028776	10.370558833284655	7.5110270409187265
6.651559990910172	6.255079744484572	0.4972624764965379	9.886398595033867	0.7350713602171918	0.6335706713594871	0.5333401735471197	0.21386698434705703	0.17500085574797766	0.4974539282723687	0.7160338964323422	3.0574019661232477	0.5057992779260461	10.933849552229166	7.496561790507881
6.718933206334988	6.320068483368274	0.5262115901349442	9.55455624941827	0.7240735754530022	0.6151656607350189	0.5249999358219005	0.2159321060221881	0.16746805915386456	0.5054273508850634	0.7048509987021725	3.028639839252299	0.5129003327194119	10.423917606524922	7.503284655694888
6.588970743131674	6.337306550920813	0.5023572910071448	9.932670399983614	0.7377726812038093	0.6265758543721118	0.5375715589653378	0.2231576839719881	0.16353770282128294	0.5005738090095995	0.6972664425231665	3.0431069514567173	0.5009165271711953	10.418946569473276	7.377515273966656
6.561152637522574	6.286267833399356	0.5088460900875015	9.633242504563707	0.7378659722415555	0.6225897265071139	0.5317798369302743	0.22571880856118975	0.16502924293774027	0.497844061703864	0.7180633768452696	3.022731073670071	0.5508271229246361	10.707904008256245	7.327652421398095
6.6099295095617006	6.312888532249286	0.5162447830379092	9.49605377550729	0.7506154390525267	0.6131649193815892	0.519446030492743	0.21857072675568004	0.16258232046429455	0.5267238742600223	0.7214221243690149	3.0256007695291167	0.505660710995267	10.389049413663558	7.421397749946946
6.505845119470432	6.449133911695353	0.5004770492532485	9.48568593512434	0.7484212644672231	0.6124021644090095	0.5045907616768677	0.2217590545895362	0.16433427052279673	0.5118236212140038	0.7164088187070419	3.057203444759028	0.5017166597284557	10.559446920738582	7.434769393175271
6.516225403510531	6.446258763178934	0.46974069405857116	9.573087613536622	0.740457855757687	0.6415780780033582	0.5164065086502023	0.22289461589351764	0.167508491071309	0.5125804643193452	0.721797534309989	3.0305884734208752	0.5274792748447231	10.391977798977992	7.257287786246382
