mass_1	mass_2	phase	time	distance	a_1	a_2	tilt_1	tilt_2	phi_12	phi_jl	theta_jn	psi	ra	dec
9.093864813173482	8.293772744496742	0.5209691300344912	10.261613188604992	2.229741364666803	0.5242331611676284	0.542948584260965	0.277247783263883	0.1827695650903615	0.5505813284934498	0.9386007699999445	1.2918068592689305	0.5519440430362467	10.490095724460868	7.929648749395114
9.52000778008563	8.190676374787975	0.4912524587527658	10.313697388621106	2.3236432616386695	0.515012985647384	0.5465349559251285	0.2806649472520889	0.1780096130598522	0.5263189093645507	0.945292315764671	1.2770778931618507	0.5315290669015441	10.452138350511495	8.100976879714405
9.471442983797033	7.921782964352483	0.49648877603417396	10.186071060221664	2.46926383226651	0.518535854563267	0.5517302007678515	0.28417709652851136	0.17545560029847554	0.5494497941584715	0.9304531472261433	1.270544290396129	0.5242740736627384	10.528465090877237	7.98850920618165
9.389950298272566	7.988111496466839	0.4992270965162907	10.138000564878451	2.5488364277612985	0.5129836572050341	0.5318035889711868	0.2876179348943989	0.1710390653458748	0.5144753437619922	0.934878092723955	1.2446319102915413	0.5349135451654697	10.884533957886358	7.908495881952192
9.35887167118156	7.878992877674141	0.4870358000217056	10.048823428378446	2.535847021089775	0.48883934090867787	0.5202484508559062	0.30311108672586057	0.18418894757820523	0.5129529111937698	0.9269474940566104	1.2492570441739326	0.5352191336731658	11.039298812504619	7.826959383730054
9.22065609187171	7.761693166781274	0.4936810748418966	10.060275910069686	2.512273499651984	0.5020780230092479	0.5310408927800151	0.3083390386062067	0.16977702652559906	0.5116933981500877	0.9260958853473132	1.2500900789989855	0.530233006238109	11.197562194933091	7.875334106007037
9.147906847710535	7.708810946354192	0.4916773359715886	9.995375821900836	2.495762704105696	0.5132954681402379	0.49763419426449357	0.3108833618095696	0.1710961300237533	0.5202985014160515	0.8985689606016158	1.247892829308361	0.5253535212017904	10.466187859253626	7.850652772403949
9.40853359288473	7.734053955058153	0.4908453659718481	9.83523373445813	2.48836059943224	0.5125702304445707	0.521076974082164	0.3034610945173566	0.17062402753401093	0.5176863753955073	0.9227260115590613	1.2404842151414777	0.5426789022478717	10.6585908658185	7.938353294716825
9.255531066123437	7.772186716660998	0.5003605846688517	9.864902143547324	2.5278614096478536	0.5136238513322907	0.5235057625766318	0.3153080094686808	0.16954802291225765	0.5056591139759218	0.9432308533930707	1.2481165632174345	0.5343207960763022	10.661313596976585	7.771935902183431
9.441366431987657	7.685331271157834	0.49833569224389196	10.09505837353078	2.508671329788886	0.5060287537738619	0.5027621238428903	0.30501532695906136	0.17416449755780888	0.49882527103420354	0.9269258140989377	1.270167722297004	0.5221924079409747	10.63590319325496	7.822052715444083
9.279251973822639	7.849608873068943	0.4890468197492754	9.826955966812555	2.550204821387117	0.5126727596376034	0.5021328841490433	0.2983374442818028	0.17700207118531722	0.5092488104787439	0.9091521731395111	1.2495377626824453	0.5291178023137367	10.59811047262209	7.835129335243943
9.151595672023705	7.79514517026221	0.5053287091834419	9.85283112507109	2.5721901073625877	0.4983016836537634	0.5125853489215095	0.3093824785093015	0.17393078943138618	0.5300859191076889	0.9139270276830832	1.2483334203049297	0.5050256764780753	11.091174497138047	7.843370737862673
9.183007280723954	7.739774322402515	0.49834037909385603	10.008702890172426	2.5723787180649715	0.5101020818575083	0.5101158742388486	0.2990468163474424	0.15803145919799927	0.5071000764300594	0.9185483871501833	1.2609801357414223	0.5462555361071216	10.643468869181584	7.885443931326877
9.09843931082197	7.805556225583495	0.5057728431738278	9.82860091511752	2.5724132931855044	0.5292403746456591	0.5283827427383466	0.30318429729415003	0.16702691280054416	0.5156802290868303	0.8987617612362563	1.2505676685765217	0.5303727790960893	10.690632306090272	7.979677834317775
9.3648972598199	7.8278388639832714	0.4901984513822743	9.964666878238507	2.5752244680291674	0.5281605172705599	0.5284784615552526	0.30286506551384246	0.17315827082040802	0.5123544843951077	0.9089957866345996	1.238134827529363	0.515994374089376	10.645586129245649	7.953799843335372
9.394234967712249	7.867555371039807	0.5058595126718416	10.021287757166371	2.6139912099547122	0.5142164164798432	0.5016810784418541	0.3066726682201362	0.17106391152923026	0.5214695377517192	0.903772059770573	1.2509507323056022	0.5286157753922185	10.634274112709994	8.075162900440032
9.089516287081123	7.99120827952487	0.4871412629982605	9.927160057529331	2.6322073792485905	0.5199692057785589	0.5176354842152143	0.30423665882739076	0.163685291130916	0.4800157598567538	0.9232492225691783	1.2321576557400096	0.5517841202168098	10.550154317315311	7.876414383021218
9.139636449431604	7.865237148258033	0.5052524843167835	9.802308897700515	2.536004724530308	0.49772690823579535	0.5152486921221838	0.3117077840225223	0.17012718195553655	0.5079990313284329	0.9117723671935695	1.2361328399632174	0.5241789504556282	10.650545808955036	7.8109953832537515
9.285168780202012	7.916771929532531	0.5029785588679184	9.905757517815763	2.5178105992190027	0.5303351891880514	0.5020956361431228	0.31139324545480934	0.17308726123347887	0.5143836946954964	0.909042734996286	1.2557400249457018	0.5385559753840585	10.662334099036494	7.9724966942744455
9.063112477220445	7.87480819868052	0.4996992711327278	9.988198844118086	2.5608603896789854	0.5126346894668307	0.4961162348597414	0.3160515833202023	0.17266038745576318	0.502651249128894	0.9105268088737531	1.249597630843236	0.5305555268244733	10.61455568064158	7.911993118738817
8.98995401801824	7.949628622660835	0.5033703680795977	9.808559143774767	2.542376681228461	0.5194064653878239	0.5005116452867447	0.3117014815351839	0.17943676908744383	0.5140318955723362	0.9004594607219636	1.2472544565462478	0.5278214981764333	10.488721434960027	7.824496179807235
9.216945372102439	7.901665185059983	0.4936081049553398	9.8662316048877	2.5554977450558085	0.504864688926235	0.5180228063200752	0.29850619601846834	0.16396398021885086	0.5161558431283055	0.9148023818901485	1.228463714986628	0.5254917775541876	10.504006112753096	7.804595686126299
8.95836103262292	7.915893840590546	0.5039645901119209	9.812447678558481	2.539910552524697	0.5188787354941072	0.5049812472584145	0.33028581371359933	0.18638210709123681	0.497870812287476	0.9219951451847204	1.2391432607697703	0.5271819714654807	10.776882027605874	7.789133767099509
8.99705638904415	8.068963470951969	0.4993844872273388	9.969070427893882	2.5679769411796083	0.5107797059877882	0.4944647967808575	0.3207388970715653	0.1754005955505176	0.5054904724532602	0.9180732774741106	1.2433738605329094	0.5115438000752711	10.622222809554806	7.798881896093437
8.884504193689553	8.14395296043062	0.49676889370792643	10.091958499345589	2.5803858268195965	0.5086709142964283	0.5156837386852212	0.2989019335131719	0.18143063073319013	0.524038956891348	0.8968192979172803	1.2445824848432931	0.5378093045215009	10.683284186075763	7.806855555586868
8.995323987942525	8.181866150197939	0.4923933173696233	9.835076188339754	2.5589201530098222	0.4903921610925921	0.5033149209719424	0.31881629772696285	0.1715912705669963	0.49933570564874025	0.8973894629396704	1.243614074580653	0.5386840014142487	10.695972862667174	7.980640380194654
9.04347687335749	8.103800100290787	0.5052102056175793	9.948038245626533	2.564332595397919	0.5033901512574236	0.5078614185566918	0.3069187020693916	0.17548857692354314	0.5145321532991745	0.8958496622787938	1.2544197046020131	0.5351269250190407	10.63355653247581	7.917405499754565
9.158469911402435	8.101037557386896	0.4981521355977805	9.724451495647132	2.6016114535846935	0.5081369392497738	0.5064885441062844	0.3074322666746412	0.17665548586466595	0.47627004378568705	0.9001249327966789	1.2409280938560905	0.5217619798641702	11.39305515210671	7.79069056809506
9.163777143826907	8.131195489412276	0.5046567738510017	10.042661125250868	2.6260967969318587	0.5106751545468863	0.4991891654528911	0.30775996108644316	0.17008485167868462	0.4936512528840149	0.9059826543261065	1.2402213322168172	0.5433529220279368	10.60302877773511	7.718095662212433
9.178418742234848	8.248403710084823	0.5143530159989095	9.71547703087257	2.6090569100584706	0.5110072258169456	0.49808567413380617	0.30311219736304945	0.17410496622854982	0.5096995321243436	0.9142416875703714	1.2416302213743922	0.5150887808501483	11.163371699828996	7.766306189264493
9.511305986544897	8.158680599534204	0.4832984521229513	9.712889716237495	2.5893539722178076	0.5208106290518559	0.49836121118113685	0.30833942548609833	0.17070844915105182	0.5008432782763713	0.9041460312692426	1.241058542325366	0.5231240987851065	10.50298643125067	7.934566463797104
9.283423894840675	8.009376613642372	0.5029108112646945	9.835573064099323	2.6624219922250534	0.5080202574486592	0.49963859222500623	0.31293353732799906	0.16790403974398768	0.4862220537173452	0.9155215342280005	1.245152525072132	0.52923211116543	10.54491633027573	7.909314974126045
9.145295200550226	7.865160935487097	0.47083463150281063	9.889624513301106	2.6921786849985185	0.4985329724160266	0.5184433930448654	0.30388144759954394	0.17195570396791546	0.4949480088628071	0.9001864601351647	1.2507325492297932	0.5214021215358252	10.551254482507815	7.727493325304555
9.077749528846672	7.945000091661114	0.4889299135931692	10.01261372777969	2.6531382500696323	0.5069210858952025	0.4975072893966023	0.3007894958097325	0.17676480088609758	0.4912449034582031	0.9014441885941444	1.2321408468170072	0.5262012124495022	11.074570557410583	7.781259491556656
9.024429396782908	8.113843170430698	0.4951719810048853	9.796688679827025	2.6705239441526363	0.507339022532856	0.5182908906384099	0.30466666578320506	0.18304801669092186	0.5191126265367595	0.9241183149719524	1.2450834686406753	0.521883125176138	10.536579501898107	7.84036097676119
9.046852253719491	8.103186849610324	0.4751194453939115	9.93488837154153	2.6902409039639466	0.5247315038486134	0.5054027309104525	0.31745721712188635	0.17594509817835652	0.4926210672434828	0.8992913545571655	1.2302197547302534	0.5359745963311674	10.632527531730668	7.77530087334031
9.047978390223758	8.030322814924554	0.5007500909945127	9.694899054659365	2.6650594416951767	0.49680481406085225	0.5079542500444193	0.3094086208789049	0.17874879242402125	0.5077982657983525	0.9009005972560421	1.255708239416194	0.5501982927935782	10.68144806608731	7.729922519771349
9.274783559333663	8.019771763579065	0.489582967885069	9.973028206842645	2.669526400608605	0.5201640184393552	0.5015440068499992	0.3135404898739903	0.18241182414322876	0.496355857320533	0.8795764111978179	1.2296259417326572	0.5299811560906709	10.832681730118212	7.794410052259213
8.9894659905863	8.169774832280003	0.48567720997182323	10.018795793651528	2.662619980848383	0.5161118276199974	0.5041209187781959	0.30755649452016076	0.1727935639437556	0.49392717559653454	0.9063030066405626	1.237463762870074	0.5435109867564505	10.77755382532079	7.933578492937872
9.108268441851525	7.931781155025556	0.4874951197714054	9.650344346078242	2.681853280550152	0.5011826187553252	0.5078011546951235	0.3067342047050313	0.18215492980980588	0.492266569559834	0.8904287343133953	1.2494282857481955	0.5365056960807543	10.894460002632272	7.7137491127435815
9.078922709566589	7.994852236870049	0.4984805056024326	9.986807814398757	2.7372577724272276	0.5030904928205288	0.4979239219492549	0.31728316453273614	0.16303839271519724	0.4963030341485299	0.9060956064581567	1.2449107536831805	0.5275718481956753	10.910524583457327	7.75109606749684
9.018149624382316	8.13350575159932	0.5049839458143083	9.806143822398303	2.7273388528659237	0.4975109458519327	0.5136472262605062	0.3161077898612246	0.18068077502868538	0.4989153639119369	0.8969792482222834	1.2338013613328216	0.5340722131394142	10.675272541030514	7.789803505515837
9.044013129501701	7.933846686675023	0.5095954309165569	9.854118193293157	2.712876339267439	0.5099529888730271	0.5221696936029538	0.3124398345777331	0.17586116795633017	0.4974265439852971	0.8935946976527608	1.2233846795714882	0.5429292305107155	10.488793925853711	7.740493704881111
9.149330765346408	8.241495644884848	0.5000578036468935	9.705897430198215	2.7709972189115333	0.4818082715219241	0.5101609185395017	0.31520755688377733	0.1684527048413729	0.486573822596968	0.8922472491696962	1.2526073755310965	0.5270274383560076	10.630359306672307	7.732005426858727
9.066642740202756	8.079007749099137	0.49580197218381855	9.869265038374241	2.740753472723919	0.5128032699942859	0.5112898299789697	0.3049212347149208	0.16886928881493143	0.5082117209155238	0.9021426558836472	1.2450521821040805	0.5360999384485068	10.980791162582124	7.791577339013897
9.19860460324611	7.945987139116379	0.4715404931634005	9.740951710102308	2.8231010339352784	0.49994446576386914	0.5196112468658303	0.3176941415386963	0.1761070869862017	0.49180853598047614	0.8885573138366011	1.2453926351810967	0.5465470791328673	10.590011013262112	7.768549549079483
9.06291050416582	8.1256859313465	0.48370801703668825	9.999942717001403	2.7620804651385753	0.49853172670494694	0.5199849522305174	0.3142188915099952	0.17017471579778287	0.49630502538415044	0.8985640670166395	1.2366824598361212	0.5338727711379708	10.33184442888338	7.705239709629645
9.235468463775074	8.136111118279112	0.48932301023435226	9.73648985286064	2.731781804066764	0.5016879578498727	0.484193330096063	0.3113639318527648	0.16856101862767525	0.4918671354974909	0.8837086836864644	1.2377383559626234	0.5341121230134327	10.62489789340604	7.73773624801628
9.111969325068749	8.062378771440816	0.49147380284553654	9.900913469333112	2.7244372279311144	0.5129864230590551	0.49423804821574324	0.3170344431762012	0.17151557398946715	0.4781091435310751	0.8959917692916504	1.2317203318289	0.5456138280001427	10.45920197640707	7.791379649119359
9.077096822457316	8.212544571649767	0.4810163009168217	10.20218365474168	2.7161791571518754	0.5128867207877289	0.49883100689566917	0.31016402032741225	0.17655153146902702	0.4922123975652875	0.8979911279680534	1.2291839052923943	0.540575551774059	10.569832589200736	7.764707415348886
9.239781751815322	8.127573762410668	0.48930391097360937	9.950036004388112	2.7621395082354665	0.5132977587225281	0.501256316881303	0.3146645827136908	0.16973422003105984	0.492626664836147	0.8890026081890351	1.2407790679924966	0.5376444500133706	10.434686567402343	7.740138613380438
9.14396524040059	8.157196508039005	0.4975415661228092	9.968516676491568	2.699196034501486	0.4978782551700259	0.4999499185866474	0.3158622612889862	0.1823851265342624	0.49985371229392694	0.8980458180630821	1.2442276509887036	0.5347974737967887	10.528393132794095	7.719075373922367
