mass_1	mass_2	phase	time	distance	a_1	a_2	tilt_1	tilt_2	phi_12	phi_jl	theta_jn	psi	ra	dec
2.6011052953373954	3.3885352175523744	0.519095753347841	8.518548550130687	3.6934318349458883	0.36144804125156993	0.3753507325693866	0.16982772682416938	0.1502953855350171	0.5427526981456431	0.5330200853162744	0.5343275138753636	0.5143786270108455	1.67584652302784	0.6868372706663444
2.695293333123257	3.491653046014697	0.5156247568495147	8.405181035240886	3.6488229894741977	0.3644423712290672	0.36059285479884823	0.1714145686284739	0.1553189124221271	0.5400310143818304	0.529939834396426	0.5394182938054716	0.53006179699952	1.6565658352731432	0.6788563689979971
2.7534871433899726	3.539778813926118	0.5189630964917128	8.531365795607153	3.6137383252754396	0.3413569182430302	0.3555316198127243	0.164371721966436	0.14818127901038827	0.5116802139280742	0.5421450971262389	0.5222727180504967	0.5174096753471762	1.6043971992229098	0.6869174534938871
2.803475947285334	3.5881778614037922	0.4957712464654283	8.462048925993168	3.601784467182594	0.3553312616983974	0.3637114378887419	0.16858578018643036	0.15322547409924153	0.5147242829506868	0.5369486774910386	0.5231050728050665	0.5067537845003035	1.5677734925626647	0.6885255533378207
2.7970083620870048	3.674296725722363	0.4955836354182739	8.033253387576803	3.5871020331492525	0.3472520579380342	0.35827068909280113	0.17544283395326205	0.15053171923486333	0.50237920314334	0.5535518627187178	0.5140375208347835	0.5073338239557154	1.530782805991248	0.672373066615968
2.788527095305107	3.70943928374884	0.4948933046249392	8.123707808625722	3.596593213376934	0.35162112588075384	0.35390681375799843	0.1811415778480666	0.1486903765335096	0.5067342604581726	0.501702089926655	0.5185673316755749	0.504513473259635	1.4931855616660772	0.673584070207329
2.819373889896689	3.70057734705195	0.5103369578850513	8.228394332767305	3.616411869643049	0.35029879755577464	0.3376568065187906	0.18319558459727442	0.15183693203096238	0.5006762529663971	0.5284035201908855	0.5170358214569615	0.5002008516362173	1.4825533978466627	0.6739608593784798
2.8211926417694038	3.683155729869251	0.5016857663517778	8.287115790562432	3.629338536103982	0.34700782782357836	0.35284764846516414	0.1792662686450392	0.15283483126363803	0.5121383225317143	0.536120921315453	0.5231848738656408	0.509631403557679	1.4902011380751987	0.6593610559397982
2.8529177667659513	3.6742810574964078	0.511839935691734	8.081666331138406	3.6137625949466443	0.34612860636247356	0.3549907690658315	0.1782056983299515	0.1441302572365296	0.5153689343273679	0.5185864313779833	0.5239987183192564	0.506154298966195	1.5051320380347302	0.6467489806374899
2.850021713720292	3.7191284942238974	0.4988978283415624	8.370506695897292	3.6349210235823564	0.35499373422254304	0.35098644869869655	0.18338634483208657	0.14518995788470102	0.5059127480832373	0.5250785896135057	0.5109798807222654	0.5100992807005078	1.5043306960461689	0.6909333368723436
2.87218680311017	3.679083080253758	0.5064549132978705	8.02966236004176	3.630587227740237	0.34163100851218664	0.3589621527442802	0.1793588977938531	0.1535385804127174	0.4805414632797854	0.5108098995352882	0.5209368460555442	0.4984969098528667	1.4966019522432172	0.674595146484043
2.844113098752135	3.6550037497382513	0.5049779597984114	8.140122962120213	3.6277705758884036	0.3608994858048425	0.35406167673980343	0.17184163854777676	0.15000702623403991	0.4820472042594569	0.5157843953750212	0.5152693395028747	0.506531275067101	1.5084612514337634	0.6940973658239045
2.845317472900235	3.682181446722452	0.5087048270142522	8.02804508604528	3.6250499294654372	0.35260595270557027	0.3573522794909498	0.17437721777943624	0.14655219756034532	0.4835498591926395	0.5197693977186045	0.5179466777131456	0.5167585521834138	1.502229399877509	0.692751212649109
2.8867771776619193	3.6764547391494857	0.5039011288867883	8.134037242561273	3.635452900903061	0.3338506499073283	0.35464079031540086	0.17503693018166852	0.1497516854093978	0.5025318769636483	0.5235537636051474	0.5139649128568059	0.49417311486292576	1.4783309198837873	0.6794163704878399
2.8896698118189557	3.6874946093038536	0.5098776356268052	8.269109614830356	3.634394363176408	0.3572430446095024	0.34455244172385496	0.17468718151496518	0.14823942842980878	0.5110837043265963	0.5255073266114689	0.5194446269514116	0.49717686984079795	1.493422150870698	0.711169974790102
2.9190796540412696	3.712618180083877	0.49893730851157336	8.351092601433807	3.6213661507777686	0.34608266661554643	0.3651140273724825	0.1880231810571581	0.14168905204983842	0.5171660092328026	0.5477694113947599	0.5237646315106202	0.5064916079240106	1.4820694278522077	0.6917635424007095
2.894748062588086	3.70848330094346	0.50607306456001	8.116512079495745	3.6247412263072483	0.35803319351777707	0.3476780334266315	0.17597884585116513	0.147058553924998	0.49722913924675594	0.5148651403135333	0.5192053604203195	0.4955422374747779	1.482251558942996	0.6948079808210134
2.878717395557996	3.733594324949802	0.5079896416799571	8.089238908471424	3.6285251397834	0.3416290888379712	0.34189060600613586	0.19053519540180427	0.1435946712138266	0.5014167716476451	0.5249959132362709	0.5221520124644204	0.5184808934094768	1.4929136109496546	0.6785002383416282
2.9318532684591845	3.736110632816836	0.4905564106925672	8.094893811673845	3.638758354106881	0.3570887212726994	0.3609330630170262	0.17246901203136383	0.14661041004636094	0.5018063202524619	0.5295897333331996	0.5142502816802306	0.503526085919505	1.5068580840345382	0.6663459132628832
2.8841039735099616	3.7380005897247948	0.494166732310956	8.22432825875604	3.6533393026343557	0.3522903113310522	0.3495409894204317	0.18900462889748415	0.1449027852581787	0.5240137066045151	0.5189115303026683	0.526517859591664	0.5054790023760712	1.5194031695022705	0.6918901489129089
2.897562422670903	3.796894490915027	0.48757579381368465	8.100447719566043	3.6270583526157787	0.3480679283203392	0.35238707371243533	0.17735933780496735	0.1457528256593596	0.4983287096449078	0.534033573705915	0.5207417621664839	0.5105470901144606	1.471640612532114	0.6853384683801111
