mass_1	mass_2	phase	time	distance	a_1	a_2	tilt_1	tilt_2	phi_12	phi_jl	theta_jn	psi	ra	dec
12.183562222029039	11.521765532680094	0.5120483338151994	9.059798188872847	6.007527966674016	0.8538466476440563	0.8458114507606668	1.0398585084448313	0.3038878164700178	0.5258991706071947	0.5455101577788016	0.8906887801237252	0.5472636908764523	1.0866376137622633	0.7027879343244839
12.077150192092043	11.748463391674749	0.50792385387367	8.727345011475927	6.251786482556375	0.8852063251182659	0.7944918070270612	1.1163121770318307	0.3046859206155702	0.5434126749930113	0.5637657743605886	0.8589381295211534	0.536439199047381	1.0402880114622668	0.7036434599666044
12.012913783948765	11.671538835526308	0.5161596708526323	8.957543756737454	6.48581485902848	0.8867158397035931	0.7973977658359421	1.1295733476159957	0.3094844723647395	0.5283494543464161	0.5245326109301309	0.8707041366819368	0.5357278144026572	1.029488066008403	0.6964969860910819
12.08461765942266	11.53986860585312	0.5088543393872548	8.947555174637014	6.756711966519382	0.8574153894087629	0.7912531478935186	1.1461923022502871	0.3051940585087327	0.5272647675406403	0.5063519063180101	0.8468340243671074	0.5388821641590515	1.0563060237986337	0.6820252291109848
12.02935164283007	11.690720704894417	0.4907185049407457	8.913120226159528	6.846267461703631	0.864438422300803	0.8228168057127951	1.1594008267944393	0.2954472524850058	0.5228791090584529	0.5144718410084596	0.87218807838062	0.5371857379684308	1.0733488520785766	0.6770472020301631
12.017638289032764	11.56920735713506	0.5246642618000432	8.98484496720271	6.968962416344601	0.8620839229632425	0.7861318779560613	1.1229012039647015	0.3013677350357446	0.5194342777358557	0.5016148414373524	0.8715851607996666	0.5195036522330515	1.068050363377725	0.6612330261210058
12.178629271955774	11.596326664750649	0.5017200615006462	9.092017354647231	6.835508273136524	0.8452488011375222	0.7887827180102938	1.120883357331758	0.29453609870575725	0.5035485715790188	0.5110440295346164	0.8569163312937191	0.5093528294842143	1.0677317976184297	0.6651188935411391
12.088890623872935	11.622211052433231	0.502497406983121	9.115949729133145	6.755400617046259	0.831762257720147	0.8206432389168378	1.1279217845462939	0.2885218953167341	0.5141209614533372	0.5145560045931837	0.8600911028674045	0.5095567136843671	1.0627482640981767	0.6927317125753838
12.162949621131325	11.631103815544735	0.5165988129357133	8.994991205425272	6.754920201841448	0.8568721464199279	0.7730158230206166	1.1427165878880303	0.3039345439684472	0.5185700420303548	0.5029267229011287	0.8709403501075857	0.5062022393835467	1.0835420330497267	0.6845098621802408
12.008166956559752	11.551735683704281	0.4984665443063545	9.20536625293419	6.70902544204507	0.8570422114379488	0.8007005938294316	1.1556657045037	0.3051028927534887	0.4827494467138993	0.5150328671990081	0.8597926492451435	0.5034573726577088	1.0660698961600041	0.671019772009193
11.994096295439482	11.554228973777423	0.4824669152641877	9.016852530406878	6.68707287938194	0.90416560134825	0.7630201656132418	1.157398408848244	0.3075682033300969	0.4991839657230106	0.4996555758848448	0.8681693971842389	0.5146510415519985	1.087813948096872	0.7029649760800419
12.191593531360233	11.755975854458574	0.4929074275007048	8.991915657451344	6.684206793811373	0.8799554353052292	0.782586248959091	1.1404554844365946	0.293412044570908	0.5018275040400524	0.5145020113244072	0.8622088273892754	0.521960514737083	1.0784522905170983	0.6956855650787278
12.138435587563974	11.715812961200074	0.5085033998063644	8.924084574727637	6.571153150732943	0.8738350757146277	0.7747514266842914	1.146826896689744	0.2916234318394764	0.5024159733796231	0.5026690477751051	0.8439168394885391	0.5250431100685219	1.0827663198144775	0.692238108318091
11.989170341758815	11.77872989106918	0.5134954609434756	9.203559618237497	6.635224355060132	0.8767674106694576	0.7759316565820574	1.1531060636769754	0.29504429301236484	0.48994680487320846	0.5109468951748396	0.85295505290395	0.5237232359089782	1.0882796124590657	0.6903028554434958
12.078658560030183	11.477639080946902	0.5028889171980888	9.03229833178848	6.543639768452286	0.8838605334550971	0.7688724595139796	1.1549653059746743	0.29935096645969744	0.49318225941154425	0.49702032535446516	0.8554388945322866	0.5058529497363038	1.0770577074139254	0.6773635927113977
12.155365939920483	11.698259511925903	0.510408221073532	9.193687275848474	6.580524305753699	0.8679264198791107	0.7949511525708434	1.1880797113087405	0.31012113057380136	0.47639598488289614	0.5214932522462912	0.8632345403320034	0.5294555751118241	1.0583930682460863	0.7186759609901132
12.12114488950679	11.529594152692944	0.5034099536698476	8.97788443662159	6.616259875090116	0.8706075884930952	0.7923336265725686	1.1502474022519535	0.31124613600480094	0.4873416120338582	0.5087886881018457	0.8608014143858232	0.5314129320045275	1.0635194348961152	0.7013398845572519
12.011930325700451	11.716063363242426	0.48729234123256204	8.940412618433381	6.609341017002067	0.8362953037591444	0.791608437720258	1.1611981791076125	0.2943554496154081	0.5123314804274046	0.5261305479178656	0.8586632010710856	0.5349836149857468	1.0481264409003042	0.6888117920077368
12.086510066701159	11.447087642427324	0.5071365802593364	9.135375843537384	6.65138631170037	0.8831888853411695	0.7970286278302638	1.1602421491916313	0.30080824137371437	0.49890066778864683	0.5086709840157931	0.8690982030628029	0.5178267841576463	1.0376659255552374	0.6849769524105015
11.970054034953103	11.624688102119924	0.4964647092755587	9.017812419729422	6.703802912005551	0.8495486844355801	0.7892648539421844	1.133731101981902	0.29266782964221605	0.5108433303180611	0.5199725590886999	0.865829412800983	0.533743876387608	1.060152379707264	0.6854460788311811
11.992568873391637	11.686419763024821	0.49621369369234797	8.960934615114486	6.592132167071431	0.8380712148656998	0.7745548842161385	1.154210580113517	0.3062700383209729	0.5056081535645411	0.5115609282809804	0.8647373092914244	0.5202390421974441	1.062219230805317	0.6667080053412962
11.918009480328994	11.559865310031913	0.491744446843441	9.024203421149174	6.579741337498727	0.8646641647048414	0.769994810571628	1.1323771010009331	0.2923348218186369	0.503476545787152	0.5307030944955433	0.8753858779469983	0.5178394012621799	1.0409072697635946	0.676928309021329
11.997250550601994	11.657222543448757	0.4931470813589991	8.968285218931934	6.617603152252646	0.8753510479316089	0.7863039920746487	1.1521407743913958	0.2936070369834854	0.5032598107032041	0.5159741194685372	0.8611346287485874	0.5269942677418238	1.0612203573346917	0.6757527962397442
11.842017447071488	11.694159183622	0.5044384227595288	8.997000662414615	6.613250476753773	0.8513388355714822	0.75979625022389	1.1375753069304293	0.2923813123646758	0.4976476135266496	0.5151721300128906	0.8579205088797074	0.5119465278892671	1.0720544861307675	0.6789504065272285
11.915749867186651	11.452634317822485	0.5097742637861601	8.911289186000477	6.703842831680539	0.8506890080744713	0.7793102772025544	1.1320836729940011	0.3002678188587422	0.5017628631375798	0.5217811384867322	0.8727835550791423	0.5222094311513786	1.0616806980089815	0.6921531277289875
11.873934898876039	11.595821860663445	0.517774454099691	9.19002692625596	6.767338945185754	0.833949631198383	0.7852793764849254	1.1491396548377666	0.30397442893654425	0.5006692681882507	0.5012884226158097	0.8645849966902993	0.5049267753655436	1.0533161735976222	0.6753945156846719
11.890121984349937	11.687718792004482	0.5146267761516954	8.911948072827023	6.690291549063956	0.8487338129073854	0.7840785080237562	1.1386054099473661	0.2945115604880133	0.48401602968124535	0.522160463287636	0.8686972122506065	0.5166375787782865	1.0678889682364971	0.681783754644901
11.92825490788129	11.508072020197675	0.49781881330757755	9.113029697971495	6.744871176512802	0.8608858408614651	0.7987405680332376	1.141436451427323	0.29255325652358904	0.49628289393367275	0.5231894242361307	0.8829376829020132	0.5109377002084647	1.0579348900782872	0.6958805198939779
11.942311624121448	11.657664856820325	0.5108883804674107	9.036177628842726	6.776622178723523	0.8775688254649423	0.7976917848847472	1.1529977849478035	0.2883436596358129	0.4900614209683415	0.5056491539892274	0.8714316215606954	0.5231057389620477	1.0736755837492111	0.683960883969747
12.052648825700217	11.417112775757687	0.4896427435681779	9.088726046758651	6.770097431426907	0.8721372064176434	0.7701240820112727	1.1436542588330616	0.29770214071435075	0.4944604492509208	0.511733657237695	0.8750159965056716	0.5166836303479905	1.0845328485132923	0.6777158653918085
12.08214120666648	11.672812912725519	0.49903097920867684	9.002885983762031	6.754239132675809	0.8608674150780039	0.787358818688506	1.1782319337296123	0.28962585854472056	0.49893677063648767	0.5132736403727124	0.8711123702262511	0.5118992275235476	1.0662779869880223	0.6776727353502019
11.999403241716404	11.510996640057666	0.5147637927494387	8.800831978606633	6.794574428152602	0.8578953709922456	0.7915380401050134	1.1399203078812972	0.30149533209587415	0.508465498399102	0.5077182483013767	0.8634206271026443	0.49916921287945415	1.0370180141530523	0.687405177352373
11.877445268658942	11.685331837837309	0.5090986552594512	8.986151070293083	6.8464434424744605	0.8564044259681493	0.8009356388846759	1.138927576020724	0.3025870820332639	0.5102214866538146	0.5056497227312596	0.866137686246942	0.511142849817768	1.0559615067414836	0.6858934576626986
11.956716509913802	11.692284801007506	0.5024705269743805	8.814819755570635	6.913910370216657	0.8650293391500851	0.7803369933032357	1.1345075252994645	0.30068872728038	0.5003643326507112	0.5259463746792327	0.8673181573474236	0.5073059895354055	1.0492785839435081	0.678108690445309
11.88377966147691	11.61042881091366	0.5197153048587252	9.149432765770825	6.850631646239724	0.833220774293837	0.7894471711956497	1.141769515189941	0.29648337753321924	0.4954298178787566	0.5128902462121652	0.8756993232255953	0.5170797082157331	1.062580937352562	0.6876742205179022
12.000406269820186	11.652472619695464	0.5311574245909286	8.968989298473025	6.961020354280417	0.8521126612511177	0.7894122842693808	1.1438962406802373	0.29996411202929146	0.49222046503184114	0.4910196535200441	0.8663154966372547	0.49708637460536537	1.0684598377936803	0.6743384753197743
11.834475012336592	11.688444235197041	0.5088122933275749	8.854458285879769	6.930499518592095	0.8059128355141717	0.7879490914285846	1.1498438937850086	0.3027791092156466	0.5111817232123756	0.4969031797765797	0.869981340106982	0.5228842751602601	1.0910486130831232	0.6810737134912913
11.8999091012542	11.438248922809963	0.5059672635608841	8.996139321237706	7.0435330280516295	0.8530753178458108	0.7850484808275824	1.1437966090508855	0.2928117778231539	0.494719818810042	0.5284836312590329	0.867125966279058	0.5065687289679519	1.073485063406282	0.6754711307620631
12.005922243343313	11.585822715295762	0.4776985841857525	9.153473465331308	7.067949113772474	0.8497053131106003	0.8256086534669631	1.1393773963427258	0.30354851400789323	0.5159665761066051	0.5144602806758302	0.8708906666712402	0.4973684352376304	1.080832472182855	0.6875918461888183
11.872793580153349	11.590599690853459	0.5117200018634356	8.971078674224378	7.049518760141433	0.8724171657219786	0.7926255323623314	1.1329725812743976	0.29011484599727827	0.49259101142402184	0.49025887923450057	0.8647751062729457	0.5048553018285209	1.066168046472129	0.695119319167981
11.877609400647714	11.444528184444861	0.5148810664719431	8.923183256199646	7.054138378895143	0.8555305988214117	0.7974768181427	1.133662605314161	0.2880162409092606	0.48549354732617145	0.5147437240798675	0.8631954156411051	0.5070951541267914	1.0567919539233255	0.6899477498050232
11.943372676333853	11.537054658203463	0.49959338936281983	8.945197972930501	7.106790870288075	0.8532187188293391	0.785456624933811	1.1457572130981095	0.2969698958651601	0.4714302013558251	0.505307095565417	0.8677124839399626	0.5209432317141245	1.0885487711721888	0.6813294317651045
11.950383113141076	11.703958434329206	0.5081598318061666	9.002781423298446	7.116048460941678	0.8525582215409514	0.7981619800451927	1.1361579112778353	0.2893643284931555	0.49556000097736586	0.5007898260009331	0.856441479962168	0.5197910698016254	1.056059761860163	0.6931247321908599
12.02694762109472	11.660401692121376	0.5055214964869748	8.889827877526088	7.0457904367399475	0.8875572690003156	0.7868375273816263	1.1322447413789265	0.29960611992592295	0.48599969259246845	0.5059766755090119	0.8688429987746554	0.533675238565803	1.0657194492029853	0.7068828229740118
12.04546911950772	11.657359307808095	0.5048445085676966	8.854558387350481	7.078083284524812	0.8661169084273761	0.8281422785417976	1.1455022528102987	0.29601558854927496	0.5004454345339248	0.4977998350488139	0.8763903137874004	0.5245034616042135	1.0779239512250913	0.7146517192936949
11.906420135305462	11.604990419823608	0.5115856083667486	8.895950278609813	7.095416823657411	0.8567177265195141	0.7631824416727762	1.1233535203280935	0.29438195270970635	0.48963488959369084	0.5059438479110637	0.8565708738565916	0.5186903987263703	1.0438807748660142	0.6774486921280382
12.037640163681267	11.526983167484506	0.49599352842289357	8.824610561249568	7.163665186538108	0.843904826257167	0.7996706281138561	1.138933667234622	0.2870653162141851	0.4966279934538469	0.49118700346915944	0.8650383631905791	0.5143276450240071	1.065233543300713	0.685169980966659
11.963263701660363	11.49765598679334	0.508669786459856	9.09235616597567	7.13338826067638	0.8406635193989754	0.7950029741581247	1.1443122889593573	0.2978891922496234	0.5000324753823752	0.5086023756233039	0.8768530221976861	0.5084359343742119	1.0362273997960014	0.6833214520424485
12.040462245579473	11.491372723924952	0.49801693080188086	9.021989383326654	7.137686183245537	0.8477445222484364	0.7970936044478165	1.139273151409695	0.3016700181687167	0.5163381579141876	0.5079531718504867	0.8596595150626837	0.488895920153142	1.0371628595766427	0.6895968991593893
12.020510416408406	11.689540575054348	0.5083803942241562	8.884505555583955	7.044498030928049	0.8659331400765883	0.7915742785541381	1.125633678748506	0.2936406570975858	0.4927422987764046	0.4890995827551769	0.8763491876425865	0.5454013895440948	1.055880617213623	0.6820002965421388
12.077659231139531	11.6090832517981	0.49164966292502993	8.987341045451652	7.072566076507507	0.8615343932417697	0.8024393786126058	1.149802108990672	0.3062365933317565	0.5063529424218385	0.495772941707533	0.8731174101131752	0.5071520709375386	1.0521497105463644	0.6730201519889103
11.940345329965181	11.510587713694651	0.5191172961121323	9.144003917424723	7.037292521483667	0.8607844336520835	0.7602103392373816	1.1437835818917816	0.2960352655797783	0.5020856175579317	0.5049273221876636	0.8729749030911246	0.5013542143270457	1.0342590258571729	0.6962258038057106
11.876596878264824	11.685354025425085	0.4834736672859123	8.942387616569295	7.066164349739952	0.8570930674913871	0.7919002307595674	1.1343405230831294	0.30229210903395926	0.5110177646982523	0.5159903011507656	0.8624507712725096	0.5016831245176381	1.095675326598676	0.7054541725996348
12.029235705137893	11.555300976734845	0.4953381890650469	8.916446707833174	7.0781255735565685	0.8420769556253855	0.7847568814458058	1.1251142896844128	0.29933595686368625	0.49656687308480674	0.5028822307595335	0.8689472017345898	0.5192257438451816	1.0637706213490417	0.6810293634390026
11.888485610973587	11.542449223302826	0.5042019577136556	8.910757418880001	7.052265088617937	0.8396595011423025	0.7766129026575613	1.1304995226356018	0.29579573074479487	0.5011613554836781	0.4912776896097261	0.8673522744472488	0.5140388613578043	1.0564107726886205	0.7000790630746656
12.052918051160317	11.512000454779313	0.49583133367841126	8.93200612617687	7.083392831980862	0.853798821647741	0.7690602480099585	1.1499268611767737	0.2907896416296937	0.49563346105094624	0.5035668985252043	0.8664873290607676	0.5099106247491159	1.0568264978184918	0.6717702988349361
